years
 1997 1998 1999 2000 2001 2002 2003 2004 2005 2006 2007 2008 2009 2010 2011 2012 2013 2014 2015 2016 2017 2018 2019 2020 2021 2022
reclasobs
 0 0 0 370054 412103 1.49427e+06 250295 1.28982e+06 931140 785840 897777 1.04006e+06 184774 17550 25797 100020 73551 82996 120727 218422 84188 347160 605670 569463 516374 1.08416e+06
reclaspred
 492993 127007 322461 215282 345297 434113 950364 656436 743089 776810 668460 464726 281211 114843 68213.5 66690.4 79979 107142 116685 157502 239927 228521 389323 519372 672886 613141
pelacesobs
 0 0 0 0 0 0 0 0 0 2.06254e+06 1.5e+06 0 1.87456e+06 323000 250000 174000 83755 137374 0 501740 490994 745055 786931 1.00524e+06 1.33801e+06 1.41789e+06
pelacespred
 2.00582e+06 420691 656387 690479 992646 922000 2.56757e+06 2.03377e+06 2.14065e+06 2.24361e+06 1.62286e+06 1.16774e+06 717719 233056 147274 150986 188461 262210 279746 379756 673272 597266 825393 1.26667e+06 1.57118e+06 1.53833e+06
mphobs
 0 0 0 0 0 112323 0 153150 637223 0 255016 313432 73983 77613 109348 50772 0 0 0 0 0 0 0 0 0 0
mphpred
 181947 99924.6 110610 104813 120078 203169 288356 364841 315348 341780 361535 250898 156332 81866.3 35555.1 28912.7 32262.3 42042 52120.4 59219.1 89827.3 111209 137183 195755 294590 298006
desembarqueobs
 350755 77701 442110 56441 14545 235359 269955 359681 431902 328805 639364 411747 362871 311530 167758 66681 60226 58785 57116 73181 50977 67692 138656 160484 209506 203330
desembarquepred
 350761 77699.2 442088 56444.5 14545.3 235448 270026 359673 431947 328810 639307 411784 362927 311624 167581 66675.6 60252.4 58777.8 57100.3 73177.5 50979.8 67682.5 138662 160497 209495 203317
Reclutas
 36061.9 43774.3 21770.1 31812.6 57319.8 40742.8 77133.6 73822.5 97961.3 116622 64681.7 45563.6 46903.1 25368.9 14548.5 13191 9893.58 11261.4 12271.2 19662.3 25885.7 32008.2 52884.4 74003 32006.1 37387.1
log_desv_Rt
 0.0368941 0.230704 -0.467804 -0.0884796 0.500302 0.158937 0.797196 0.753321 1.03623 1.21059 0.621135 0.270767 0.299742 -0.314817 -0.870856 -0.968806 -1.25646 -1.12697 -1.04108 -0.569641 -0.294651 -0.0823508 0.419764 0.755762 -0.0824167 0.0729835
SSB
 438707 240936 266701 252722 289531 489878 695278 879697 760360 824093 871725 604961 376944 197394 85729.9 69713.8 77790.3 101371 125672 142788 216590 268144 330773 472002 710310 718547
BT
 1.52588e+06 369512 635853 458011 590462 695724 1.72494e+06 1.57981e+06 1.6666e+06 1.62544e+06 1.49964e+06 1.04203e+06 773551 425189 226067 143575 159810 200795 207599 281627 434972 396856 569522 863819 1.03427e+06 1.02996e+06
Ftot
 1.02142 0.932541 1.61399 0.35182 0.0619349 0.589127 0.374349 0.722418 0.813658 0.59287 1.08632 0.96596 1.57376 3.10335 3.50165 1.4558 1.06991 0.739029 0.600318 0.63143 0.289266 0.350282 0.427267 0.413089 0.335913 0.333735
BD_Bspro_t
 0.907455 0.633487 0.552837 0.366977 0.525594 0.705329 0.650111 0.672791 0.605125 0.579139 0.561563 0.40036 0.296512 0.200848 0.109965 0.110179 0.163617 0.266159 0.364875 0.454054 0.585633 0.696346 0.703847 0.713755 0.737461 0.680447
BD_Bspro
 0.611136 0.335633 0.371524 0.352052 0.403327 0.682418 0.968547 1.22545 1.05921 1.14799 1.21435 0.842732 0.525097 0.274978 0.119425 0.0971139 0.108365 0.141213 0.175065 0.198909 0.301718 0.373535 0.460779 0.657516 0.989488 1.00096
BD_Bo
 0.495588 0.272175 0.30128 0.285489 0.32707 0.553393 0.785424 0.993755 0.858945 0.930942 0.984749 0.683397 0.425817 0.222988 0.0968452 0.0787526 0.0878762 0.114514 0.141966 0.161301 0.244672 0.302911 0.37366 0.533199 0.802406 0.81171
BD_Brms
 0.90107 0.494863 0.547782 0.519072 0.594673 1.00617 1.42804 1.80683 1.56172 1.69262 1.79045 1.24254 0.774213 0.405432 0.176082 0.143187 0.159775 0.208207 0.258119 0.293275 0.444858 0.550747 0.679381 0.969453 1.45892 1.47584
S_f
 0.0980746 0.673847 0.975158 0.998661 0.999929
 0.0980746 0.673847 0.975158 0.998661 0.999929
 0.0980746 0.673847 0.975158 0.998661 0.999929
 0.0980746 0.673847 0.975158 0.998661 0.999929
 0.0980746 0.673847 0.975158 0.998661 0.999929
 0.0980746 0.673847 0.975158 0.998661 0.999929
 0.0980746 0.673847 0.975158 0.998661 0.999929
 0.0980746 0.673847 0.975158 0.998661 0.999929
 0.0980746 0.673847 0.975158 0.998661 0.999929
 0.0980746 0.673847 0.975158 0.998661 0.999929
 0.0980746 0.673847 0.975158 0.998661 0.999929
 0.0980746 0.673847 0.975158 0.998661 0.999929
 0.0980746 0.673847 0.975158 0.998661 0.999929
 0.0980746 0.673847 0.975158 0.998661 0.999929
 0.0980746 0.673847 0.975158 0.998661 0.999929
 0.0980746 0.673847 0.975158 0.998661 0.999929
 0.0980746 0.673847 0.975158 0.998661 0.999929
 0.0980746 0.673847 0.975158 0.998661 0.999929
 0.0980746 0.673847 0.975158 0.998661 0.999929
 0.0980746 0.673847 0.975158 0.998661 0.999929
 0.0980746 0.673847 0.975158 0.998661 0.999929
 0.0980746 0.673847 0.975158 0.998661 0.999929
 0.0980746 0.673847 0.975158 0.998661 0.999929
 0.0980746 0.673847 0.975158 0.998661 0.999929
 0.0980746 0.673847 0.975158 0.998661 0.999929
 0.0980746 0.673847 0.975158 0.998661 0.999929
Scru_reclas
 0.595002 0.880863 0.973829 0.994688 0.99894
 0.595002 0.880863 0.973829 0.994688 0.99894
 0.595002 0.880863 0.973829 0.994688 0.99894
 0.595002 0.880863 0.973829 0.994688 0.99894
 0.595002 0.880863 0.973829 0.994688 0.99894
 0.595002 0.880863 0.973829 0.994688 0.99894
 0.595002 0.880863 0.973829 0.994688 0.99894
 0.595002 0.880863 0.973829 0.994688 0.99894
 0.595002 0.880863 0.973829 0.994688 0.99894
 0.595002 0.880863 0.973829 0.994688 0.99894
 0.595002 0.880863 0.973829 0.994688 0.99894
 0.595002 0.880863 0.973829 0.994688 0.99894
 0.595002 0.880863 0.973829 0.994688 0.99894
 0.595002 0.880863 0.973829 0.994688 0.99894
 0.595002 0.880863 0.973829 0.994688 0.99894
 0.595002 0.880863 0.973829 0.994688 0.99894
 0.595002 0.880863 0.973829 0.994688 0.99894
 0.595002 0.880863 0.973829 0.994688 0.99894
 0.595002 0.880863 0.973829 0.994688 0.99894
 0.595002 0.880863 0.973829 0.994688 0.99894
 0.595002 0.880863 0.973829 0.994688 0.99894
 0.595002 0.880863 0.973829 0.994688 0.99894
 0.595002 0.880863 0.973829 0.994688 0.99894
 0.595002 0.880863 0.973829 0.994688 0.99894
 0.595002 0.880863 0.973829 0.994688 0.99894
 0.595002 0.880863 0.973829 0.994688 0.99894
Scru_pelaces
 0.819087 1 1 1 1
 0.819087 1 1 1 1
 0.819087 1 1 1 1
 0.819087 1 1 1 1
 0.819087 1 1 1 1
 0.819087 1 1 1 1
 0.819087 1 1 1 1
 0.819087 1 1 1 1
 0.819087 1 1 1 1
 0.819087 1 1 1 1
 0.819087 1 1 1 1
 0.819087 1 1 1 1
 0.819087 1 1 1 1
 0.819087 1 1 1 1
 0.819087 1 1 1 1
 0.819087 1 1 1 1
 0.819087 1 1 1 1
 0.819087 1 1 1 1
 0.819087 1 1 1 1
 0.819087 1 1 1 1
 0.819087 1 1 1 1
 0.819087 1 1 1 1
 0.819087 1 1 1 1
 0.819087 1 1 1 1
 0.819087 1 1 1 1
 0.819087 1 1 1 1
pf_obs 
 0.256992 0.487395 0.22802 0.0275931 0
 0.321318 0.546541 0.124235 0.00734118 0.000564706
 0.182869 0.594174 0.210203 0.0122559 0.00049798
 0.330522 0.361315 0.267642 0.0388342 0.00168674
 0.649043 0.306663 0.0425973 0.00169635 0
 0.582887 0.30429 0.105238 0.00758474 0
 0.465427 0.430635 0.0974691 0.00646863 0
 0.296916 0.608066 0.0921331 0.00288517 0
 0.311714 0.524322 0.152257 0.0117073 0
 0.15457 0.633149 0.183074 0.0267441 0.00246327
 0.131901 0.49318 0.331252 0.0422183 0.00144891
 0.196976 0.569456 0.194076 0.0375587 0.00193317
 0.518974 0.381816 0.0799577 0.0180837 0.00116848
 0.0928022 0.601141 0.25162 0.0475244 0.00691264
 0.122501 0.610282 0.24278 0.0234846 0.000952079
 0.383417 0.481906 0.127806 0.00687128 0
 0.0376549 0.599619 0.316969 0.0457579 0
 0.0361596 0.667082 0.258105 0.0386534 0
 0.158088 0.579412 0.248529 0.0139706 0
 0.0477256 0.309471 0.559284 0.082774 0.000745712
 0.0406174 0.521527 0.379366 0.0568643 0.0016247
 0.151134 0.462217 0.34131 0.0453401 0
 0.294876 0.26143 0.354403 0.0886775 0.000613685
 0.281977 0.475581 0.204845 0.0348837 0.00271318
 0.0841818 0.532909 0.334909 0.0458182 0.00218182
 0.115287 0.27431 0.454777 0.147771 0.00785563
pf_pred 
 0.299214 0.478294 0.198709 0.0237701 1.33838e-05
 0.278616 0.567457 0.121353 0.029209 0.00336484
 0.149726 0.650502 0.172493 0.0216742 0.00560536
 0.25786 0.470943 0.234557 0.0318443 0.00479569
 0.274208 0.493824 0.167908 0.0556093 0.00845002
 0.142304 0.588019 0.203526 0.0481963 0.0179545
 0.255451 0.396028 0.270452 0.059372 0.0186976
 0.196423 0.566859 0.150229 0.0675395 0.0189496
 0.247359 0.487362 0.211536 0.0345259 0.0192172
 0.23906 0.547405 0.160857 0.0423034 0.0103739
 0.134126 0.602866 0.211427 0.0391593 0.0124224
 0.143053 0.495204 0.289998 0.058119 0.0136251
 0.224719 0.473938 0.211731 0.0723736 0.0172385
 0.21548 0.620842 0.124068 0.028232 0.0113784
 0.281411 0.619679 0.0906933 0.00634643 0.00187032
 0.320062 0.612086 0.0646016 0.00300093 0.000248969
 0.209896 0.643329 0.138684 0.00772 0.000370905
 0.232169 0.524225 0.215434 0.026675 0.0014966
 0.215901 0.543134 0.187574 0.0473982 0.00599313
 0.277236 0.477328 0.192011 0.0418763 0.0115491
 0.243008 0.55077 0.15605 0.0395227 0.0106496
 0.211175 0.519217 0.215775 0.0410013 0.0128314
 0.259695 0.466296 0.204135 0.0562318 0.0136423
 0.248674 0.525011 0.163843 0.046883 0.0155889
 0.0885808 0.617309 0.229688 0.0470078 0.017414
 0.12637 0.328712 0.414387 0.102554 0.0279768
pobs_RECLAS
 0 0 0 0 0
 0 0 0 0 0
 0 0 0 0 0
 0 0 0 0 0
 0.835266 0.146461 0.0176864 0.000547809 3.91292e-05
 0.385257 0.428462 0.181853 0.0044286 0
 0.867414 0.0963971 0.0333333 0.00285562 0
 0.441836 0.489002 0.0689373 0.000224442 0
 0.779404 0.147425 0.0564933 0.0165055 0.000172143
 0.814271 0.122319 0.05973 0.00367925 0
 0.40263 0.566651 0.0304383 0.000280538 0
 0.475488 0.404961 0.113038 0.00651328 0
 0.955842 0.0263864 0.0167828 0.000988607 0
 0.975058 0.0227948 0.00214734 0 0
 0.738997 0.206755 0.0527124 0.00153531 0
 0.850938 0.134255 0.0134407 0.00136685 0
 0.542534 0.407297 0.0501686 0 0
 0.764087 0.199537 0.0359546 0.000420521 0
 0.470689 0.182191 0.310203 0.0369168 0
 0.84361 0.089868 0.0606195 0.00523954 0.000663233
 0.607945 0.314616 0.071237 0.00620181 0
 0.523733 0.453247 0.0230204 0 0
 0.530135 0.295979 0.169645 0.0042399 0
 0.562478 0.366248 0.0663022 0.0049721 0
 0.250443 0.683176 0.0655157 0.000865301 0
 0.195077 0.31981 0.436473 0.0351445 0.0134964
ppred_RECLAS
 0.695151 0.22718 0.0694105 0.00825438 4.66076e-06
 0.665432 0.278752 0.0440527 0.0105455 0.00121829
 0.492229 0.41725 0.0782529 0.00974167 0.00252602
 0.642152 0.249202 0.0940054 0.0127201 0.00192129
 0.655344 0.253758 0.0658381 0.0217458 0.00331424
 0.461633 0.400533 0.104108 0.0245534 0.00917358
 0.645942 0.212563 0.109866 0.0240371 0.00759221
 0.559075 0.336234 0.066535 0.0297767 0.00837862
 0.635545 0.259516 0.0837456 0.0136013 0.00759229
 0.616759 0.296479 0.0654149 0.0171333 0.0042138
 0.453135 0.414511 0.106512 0.0196054 0.00623683
 0.477823 0.339447 0.146637 0.0292232 0.00687036
 0.625494 0.258296 0.0818589 0.027729 0.00662221
 0.643684 0.306846 0.0376865 0.00839378 0.00338965
 0.72604 0.250521 0.0215359 0.0014694 0.000433804
 0.710116 0.26859 0.0202817 0.000934359 7.77268e-05
 0.578382 0.361201 0.0571052 0.00315942 0.00015222
 0.612375 0.287869 0.0882655 0.0108786 0.000612106
 0.587008 0.309882 0.0803304 0.0202157 0.00256358
 0.666844 0.240518 0.0725293 0.0157517 0.00435684
 0.617256 0.2981 0.0640909 0.0161809 0.00437297
 0.57875 0.302384 0.0951819 0.0180262 0.00565806
 0.645651 0.245457 0.0811852 0.0222846 0.00542236
 0.627763 0.280809 0.0662408 0.0188883 0.00629902
 0.331503 0.49124 0.138506 0.0282534 0.0104975
 0.444906 0.24611 0.235118 0.0579974 0.0158686
pobs_PELACES
 0 0 0 0 0
 0 0 0 0 0
 0 0 0 0 0
 0 0 0 0 0
 0 0 0 0 0
 0 0 0 0 0
 0 0 0 0 0
 0 0 0 0 0
 0 0 0 0 0
 0 0 0 0 0
 0.450072 0.473896 0.0757376 0.000293798 0
 0 0 0 0 0
 0.463077 0.371075 0.160297 0.00555027 0
 0.529543 0.364841 0.0842815 0.0213345 0
 0.631943 0.363953 0.00410389 0 0
 0.735681 0.248677 0.0153453 0.000297389 0
 0.695825 0.281241 0.0229344 0 0
 0.275771 0.60734 0.115278 0.00161068 0
 0 0 0 0 0
 0.896147 0.0623911 0.0374545 0.00400742 0
 0.803859 0.145111 0.0509908 3.86294e-05 0
 0.739449 0.233085 0.0266225 0.000797448 4.60066e-05
 0.878498 0.100942 0.0204185 0.000141795 0
 0.694673 0.275183 0.0284847 0.00165964 0
 0.469039 0.446079 0.0841089 0.000773354 0
 0.822795 0.102175 0.0682046 0.00682512 0
ppred_PELACES
 0.778944 0.172899 0.0431683 0.00498631 2.8023e-06
 0.74803 0.216452 0.0282015 0.00656181 0.000754541
 0.624994 0.321516 0.0464553 0.00559149 0.00144273
 0.707737 0.211852 0.0698021 0.00922182 0.00138677
 0.705917 0.222778 0.0519616 0.0167945 0.00254866
 0.547546 0.350291 0.077671 0.0178525 0.00663997
 0.715024 0.18072 0.0814031 0.0173858 0.00546714
 0.647438 0.279922 0.0466311 0.0203172 0.00569084
 0.721883 0.208269 0.0560674 0.00885899 0.00492239
 0.693479 0.245623 0.0462142 0.0117961 0.00288809
 0.564384 0.346356 0.07226 0.0129126 0.00408838
 0.587523 0.286484 0.101692 0.019693 0.00460824
 0.746528 0.18852 0.0462137 0.0151403 0.00359802
 0.805744 0.175648 0.0143325 0.00305095 0.00122523
 0.865804 0.126658 0.0069529 0.000452005 0.000132681
 0.799234 0.189054 0.0111727 0.000498264 4.12477e-05
 0.676889 0.284476 0.036576 0.00196481 9.42186e-05
 0.697015 0.234809 0.0605096 0.00725961 0.000406612
 0.667597 0.259304 0.057279 0.0140468 0.00177327
 0.740943 0.195472 0.0500736 0.0105947 0.00291721
 0.680043 0.256356 0.0484409 0.0119465 0.00321447
 0.648979 0.261622 0.0719398 0.0133026 0.00415702
 0.714524 0.206547 0.0592236 0.0158627 0.00384266
 0.696005 0.237367 0.0486097 0.0135268 0.00449104
 0.398972 0.457416 0.112825 0.0224736 0.00831326
 0.527493 0.225849 0.188794 0.0454761 0.0123879
pobs_pel_tallas
 0 0 0 0 0 0 0 0 0 0 0 0 0 0 0 0 0 0 0 0 0 0 0 0 0 0 0 0 0 0 0 0 0 0 0 0
 0 0 0 0 0 0 0 0 0 0 0 0 0 0 0 0 0 0 0 0 0 0 0 0 0 0 0 0 0 0 0 0 0 0 0 0
 0 0 0 0 0 0 0 0 0 0 0 0 0 0 0 0 0 0 0 0 0 0 0 0 0 0 0 0 0 0 0 0 0 0 0 0
 0 0 0 0 0 0 0 0 0 0 0 0 0 0 0 0 0 0 0 0 0 0 0 0 0 0 0 0 0 0 0 0 0 0 0 0
 0 0 0 0 0 0 0 0 0 0 0 0 0 0 0 0 0 0 0 0 0 0 0 0 0 0 0 0 0 0 0 0 0 0 0 0
 0 0 0 0 0 0 0 0 0 0 0 0 0 0 0 0 0 0 0 0 0 0 0 0 0 0 0 0 0 0 0 0 0 0 0 0
 0 0 0 0 0 0 0 0 0 0 0 0 0 0 0 0 0 0 0 0 0 0 0 0 0 0 0 0 0 0 0 0 0 0 0 0
 0 0 0 0 0 0 0 0 0 0 0 0 0 0 0 0 0 0 0 0 0 0 0 0 0 0 0 0 0 0 0 0 0 0 0 0
 0 0 0 0 0 0 0 0 0 0 0 0 0 0 0 0 0 0 0 0 0 0 0 0 0 0 0 0 0 0 0 0 0 0 0 0
 0 0 0 0 0 0 0 0 0 0 0 0 0 0 0 0 0 0 0 0 0 0 0 0 0 0 0 0 0 0 0 0 0 0 0 0
 0 0 0 0 0 0 0 0 1.78061e-05 0.00172719 0.00360574 0.0105946 0.0120993 0.0124554 0.0147524 0.0171206 0.0266825 0.0428682 0.0675386 0.121331 0.153587 0.119568 0.100827 0.0573624 0.0630603 0.0341343 0.0324427 0.0444173 0.0211091 0.0280891 0.0125444 0.00206551 0 0 0 0
 0 0 0 0 0 0 0 0 0 0 0 0 0 0 0 0 0 0 0 0 0 0 0 0 0 0 0 0 0 0 0 0 0 0 0 0
 0 0 0 0 0 0 0.0133647 0.0140871 0.0187388 0.0205184 0.03894 0.0496705 0.03968 0.0493445 0.0407372 0.0367815 0.0215668 0.0243155 0.0234873 0.0199281 0.019796 0.0243948 0.0301388 0.0376714 0.0412746 0.0863199 0.0771752 0.113111 0.0741005 0.0525337 0.0229764 0.00759418 0.00175318 0 0 0
 0 0 0 0 0 0 0 0 0 0 0.00219441 0.00772107 0.0458388 0.0604681 0.0671733 0.0775358 0.0609151 0.0617685 0.073594 0.0568108 0.0755445 0.0548602 0.0670107 0.0636378 0.0643287 0.046367 0.0373049 0.0286899 0.0247887 0.0153202 0.00654259 0.00121912 0.000365735 0 0 0
 0 0 0 0 0 0 0 0 0 0 0 0 0.000112435 0.00938835 0.0111873 0.0202946 0.0414886 0.0713402 0.111592 0.104902 0.108894 0.110636 0.117776 0.105296 0.107544 0.0401394 0.0192827 0.0124803 0.00416011 0.0028671 0.000618394 0 0 0 0 0
 0 0 0 0 0 0 0 0 0 0 0.00291406 0.0102884 0.027416 0.0768956 0.0749926 0.110853 0.0956884 0.0897413 0.0766577 0.0534642 0.0500743 0.0551293 0.0594112 0.0620874 0.0668451 0.0424026 0.0208742 0.0120726 0.0048766 0.00582813 0.00118941 0.000297354 0 0 0 0
 0 0.00264628 0.0354308 0.0461629 0.0458689 0.0383711 0.0214643 0.0164657 0.0346957 0.0420465 0.0363128 0.0245516 0.0311673 0.0291091 0.0169068 0.0133784 0.00837989 0.0085269 0.0148486 0.0160247 0.0276389 0.0546898 0.0760071 0.122758 0.109233 0.0665981 0.0333725 0.0166128 0.00676272 0.00308733 0.000882094 0 0 0 0 0
 0 0 0 0 0 0 0 0.000805153 0.000690131 0.00759144 0.0133425 0.0154129 0.00931677 0.000345066 0.00356568 0.00563607 0.00851162 0.0253048 0.0502646 0.0516448 0.0657925 0.0565908 0.0611916 0.0827007 0.0866115 0.110766 0.145733 0.0935128 0.0569358 0.0249597 0.0138026 0.00621118 0.00161031 0.00115022 0 0
 0 0 0 0 0 0 0 0 0 0 0 0 0 0 0 0 0 0 0 0 0 0 0 0 0 0 0 0 0 0 0 0 0 0 0 0
 0.00147267 0.00158595 0.00478618 0.00569244 0.00954404 0.0108468 0.00647125 0.017049 0.0510054 0.094081 0.124002 0.0959785 0.0687766 0.0820023 0.061753 0.0591476 0.0492212 0.0479892 0.0443925 0.0268479 0.0217502 0.0140895 0.0121071 0.0120363 0.00920419 0.00665534 0.0049561 0.00860946 0.00930331 0.0156896 0.0114698 0.00855282 0.00243557 0.00046729 0 2.83206e-05
 0 0 0 0 0.000772559 0.00158375 0.000888443 0.00281984 0.00712685 0.0440552 0.0773331 0.111326 0.0921469 0.0852325 0.0710754 0.0886704 0.0786465 0.0553345 0.0373146 0.0185414 0.00753245 0.00457741 0.012979 0.0271748 0.0457355 0.0583668 0.034881 0.0177882 0.00938659 0.00492506 0.0015258 0.00185414 0.000309023 5.79419e-05 3.86279e-05 0
 0 0.00173294 0.00326652 0 0.00397197 0.00683976 0.00946217 0.0152591 0.00757587 0.0136028 0.0228656 0.0392903 0.0559909 0.0764795 0.0681675 0.0726916 0.0566044 0.0477403 0.0527397 0.0444891 0.0609904 0.0582453 0.0661739 0.0445044 0.0529084 0.0360697 0.0280645 0.0235558 0.0158879 0.00826598 0.00280645 0.00217768 0.000904811 0.00058276 9.20147e-05 0
 0 0 0 0 0 0 0 0 0 0 0 0 0 0 0 0 0 0 0 0 0 0 0 0 0 0 0 0 0 0 0 0 0 0 0 0
 0 0 0 0 0 0 0 0 0 0 0 0 0 0 0 0 0 0 0 0 0 0 0 0 0 0 0 0 0 0 0 0 0 0 0 0
 0 0 0 0 0 0 0 0 0 0 0 0 0 0 0 0 0 0 0 0 0 0 0 0 0 0 0 0 0 0 0 0 0 0 0 0
 0 0 0 0 0 0 0 0 0 0 0 0 0 0 0 0 0 0 0 0 0 0 0 0 0 0 0 0 0 0 0 0 0 0 0 0
ppred_pel_tallas
 1.00841e-16 3.39853e-05 0.000199469 0.000948191 0.0036506 0.011384 0.0287552 0.0588369 0.0975285 0.130977 0.142527 0.125714 0.08998 0.0524915 0.0254346 0.0111343 0.00587685 0.00528912 0.00668714 0.00888364 0.0113799 0.0138631 0.0160423 0.0176488 0.0184848 0.018466 0.0176392 0.0161636 0.014267 0.0121902 0.010139 0.0082563 0.0066162 0.0052367 0.00410023 0.00317364
 1.00732e-16 3.26391e-05 0.000191561 0.000910588 0.0035058 0.0109325 0.0276147 0.0565036 0.0936623 0.12579 0.136894 0.120773 0.0865031 0.050584 0.0247357 0.0112114 0.0064641 0.00630614 0.00815662 0.01085 0.0138571 0.0168061 0.0193366 0.0211172 0.02191 0.0216253 0.0203416 0.0182811 0.0157502 0.0130676 0.0105004 0.00822751 0.00633263 0.00482137 0.00365007 0.00275441
 1.01024e-16 2.72785e-05 0.00016008 0.000760901 0.00292943 0.00913508 0.0230747 0.0472153 0.0782699 0.10513 0.114445 0.101048 0.0725515 0.0427808 0.0215824 0.0109022 0.00783888 0.00893697 0.0120432 0.0161262 0.0206159 0.0250106 0.0287838 0.0314437 0.032635 0.0322227 0.0303214 0.027259 0.0234898 0.0194869 0.0156484 0.0122424 0.00939619 0.00712159 0.00535671 0.00400817
 1.01442e-16 3.0882e-05 0.000181246 0.000861549 0.00331699 0.0103437 0.0261274 0.0534605 0.0886183 0.119017 0.129526 0.11428 0.0818681 0.0479057 0.023487 0.0107518 0.00635339 0.00634032 0.00828087 0.0110802 0.0142416 0.017411 0.0202382 0.0223927 0.0236255 0.0238226 0.0230265 0.0214147 0.0192488 0.0168085 0.014336 0.0120022 0.00990161 0.00806604 0.00648856 0.00514544
 1.01507e-16 3.0803e-05 0.000180782 0.000859338 0.00330847 0.0103171 0.0260603 0.0533234 0.0883913 0.118713 0.129197 0.113995 0.0816764 0.0478176 0.0234883 0.0108263 0.00649667 0.00655892 0.00858477 0.0114745 0.0147196 0.0179501 0.0207994 0.0229244 0.0240715 0.0241325 0.0231659 0.0213732 0.0190421 0.0164751 0.0139287 0.0115781 0.0095118 0.00774812 0.00626303 0.00501598
 1.02141e-16 2.39026e-05 0.000140258 0.000666657 0.00256656 0.00800347 0.0202164 0.0413672 0.0685776 0.0921185 0.100298 0.088599 0.0637043 0.0377478 0.0193844 0.0103534 0.00814851 0.00977063 0.0133433 0.0179446 0.0230221 0.0280513 0.0324651 0.0357259 0.0374368 0.0374316 0.0358082 0.0328908 0.0291397 0.0250383 0.0209963 0.0172931 0.0140681 0.0113479 0.00908935 0.00722162
 1.02068e-16 3.11985e-05 0.000183107 0.000870403 0.00335109 0.01045 0.026396 0.0540099 0.089528 0.120235 0.130845 0.115426 0.0826511 0.048287 0.0235314 0.0105334 0.00590058 0.00563483 0.00728422 0.00976258 0.0126046 0.015503 0.0181604 0.0202927 0.0216795 0.0222083 0.0218932 0.0208592 0.019301 0.0174315 0.0154373 0.013454 0.0115627 0.00980155 0.00818422 0.00671543
 1.01718e-16 2.82554e-05 0.00016582 0.000788195 0.00303453 0.00946286 0.0239026 0.0489089 0.0810759 0.108894 0.11853 0.104626 0.0750565 0.0441297 0.0220262 0.0107398 0.00724403 0.0079465 0.0106199 0.014223 0.0182191 0.022166 0.0256074 0.028116 0.0293806 0.0292765 0.0278918 0.0254959 0.0224651 0.0191913 0.016003 0.0131195 0.0106446 0.00858851 0.00690498 0.00552647
 1.01399e-16 3.14987e-05 0.000184867 0.000878762 0.00338327 0.0105504 0.0266495 0.0545287 0.0903887 0.121393 0.13211 0.116555 0.083486 0.0488286 0.0238947 0.010862 0.00631181 0.00620883 0.00806988 0.0107786 0.0138329 0.0168807 0.0195775 0.0216009 0.0227112 0.0228037 0.0219294 0.0202727 0.0180995 0.0156911 0.0132877 0.0110554 0.0090806 0.00738531 0.00595171 0.00474585
 1.01277e-16 3.02616e-05 0.000177601 0.000844212 0.00325022 0.0101355 0.0256015 0.0523848 0.0868362 0.116626 0.126933 0.112012 0.0802871 0.047068 0.0232386 0.0109098 0.00681561 0.0070909 0.00934801 0.0124926 0.0159975 0.0194608 0.0224783 0.0246728 0.025769 0.0256556 0.0244086 0.0222637 0.0195524 0.0166212 0.0137627 0.0111748 0.00895422 0.00711489 0.00561983 0.00441122
 1.01774e-16 2.46366e-05 0.000144568 0.000687147 0.00264545 0.0082495 0.0208378 0.0426387 0.070685 0.0949478 0.103374 0.0913077 0.0656321 0.0388501 0.0198766 0.0104968 0.00811915 0.00964603 0.0131405 0.0176554 0.0226318 0.0275463 0.0318365 0.0349702 0.0365567 0.0364354 0.0347092 0.0317063 0.0278906 0.0237491 0.0196942 0.0160073 0.0128286 0.0101829 0.00802322 0.00627264
 1.02429e-16 2.56432e-05 0.000150483 0.00071528 0.00275379 0.00858737 0.0216912 0.0443843 0.0735766 0.0988256 0.10758 0.0949827 0.0681877 0.0401905 0.020246 0.0101837 0.00727918 0.00829302 0.011217 0.0151061 0.0194561 0.0238305 0.0277646 0.0308129 0.0326361 0.0330742 0.0321751 0.0301676 0.027392 0.0242139 0.0209497 0.0178236 0.0149609 0.0124073 0.0101606 0.00819913
 1.01406e-16 3.25725e-05 0.000191173 0.000908747 0.00349872 0.0109104 0.0275589 0.0563893 0.0934721 0.125532 0.136607 0.120507 0.0862823 0.0503947 0.0245316 0.0109325 0.00604937 0.00570015 0.00731534 0.00975059 0.0125104 0.0152671 0.017708 0.0195424 0.0205548 0.0206521 0.0198813 0.0184098 0.0164776 0.0143373 0.0122033 0.0102219 0.00846738 0.00695614 0.00566968 0.00457641
 1.00423e-16 3.5154e-05 0.00020633 0.000980808 0.00377618 0.0117757 0.0297444 0.0608609 0.100883 0.135482 0.147428 0.130033 0.0930621 0.0542716 0.0262627 0.0114359 0.00594383 0.00525624 0.00658983 0.00871037 0.011098 0.0134284 0.0154049 0.0167591 0.0173012 0.016964 0.0158188 0.0140543 0.0119281 0.00970593 0.00760927 0.00578465 0.00429778 0.00314776 0.00229154 0.00166826
 1.00162e-16 3.77709e-05 0.000221698 0.00105388 0.00405754 0.0126531 0.0319607 0.0653951 0.108397 0.145567 0.158387 0.139664 0.099877 0.0580888 0.0278162 0.0116106 0.00531033 0.00402811 0.00477166 0.00623984 0.00793018 0.00957794 0.0109631 0.0118916 0.0122276 0.0119252 0.0110392 0.00971018 0.00812836 0.00648966 0.0049572 0.00363846 0.00258091 0.00178228 0.00120845 0.000811533
 1.0024e-16 3.48707e-05 0.000204665 0.000972892 0.0037457 0.0116806 0.0295043 0.0603698 0.10007 0.134391 0.146243 0.128996 0.0923376 0.0538841 0.0261406 0.011494 0.00613338 0.0055683 0.00703646 0.00930551 0.0118443 0.0143092 0.0163814 0.0177724 0.0182793 0.0178331 0.0165152 0.0145348 0.0121753 0.0097289 0.00743905 0.00546639 0.00388218 0.00268367 0.00182053 0.0012219
 1.00684e-16 2.95398e-05 0.00017336 0.000824041 0.00317255 0.00989325 0.0249897 0.0511333 0.0847628 0.113845 0.123916 0.109374 0.0784489 0.046096 0.0229546 0.0111028 0.00736926 0.00799073 0.0106322 0.0142009 0.0181355 0.0219777 0.0252583 0.0275417 0.0285156 0.0280636 0.0262923 0.0234978 0.0200891 0.016491 0.0130609 0.0100391 0.00753879 0.00556827 0.00406863 0.00295152
 1.01204e-16 3.04154e-05 0.000178505 0.00084851 0.00326678 0.0101871 0.0257319 0.0526515 0.087278 0.117219 0.127575 0.112573 0.0806758 0.0472695 0.0232894 0.010853 0.00667398 0.00686608 0.00903174 0.0120785 0.0154899 0.018879 0.0218581 0.0240632 0.0252248 0.0252275 0.0241328 0.022155 0.0196011 0.0167962 0.0140185 0.011461 0.00922473 0.00733511 0.00576986 0.00448598
 1.01464e-16 2.91336e-05 0.000170977 0.000812719 0.00312897 0.00975735 0.0246464 0.0504307 0.0835976 0.112279 0.122207 0.107856 0.077338 0.0454 0.0225286 0.0107673 0.00698354 0.00746543 0.00991724 0.0132786 0.0170238 0.0207364 0.0239913 0.0263893 0.0276364 0.0276096 0.0263821 0.0241948 0.02139 0.0183274 0.015312 0.0125526 0.0101541 0.008137 0.00646979 0.00509954
 1.01275e-16 3.23292e-05 0.000189744 0.000901953 0.00347256 0.0108289 0.0273528 0.0559678 0.0927735 0.124594 0.135589 0.119613 0.0856532 0.0500485 0.0244026 0.0109422 0.00614939 0.00587594 0.0075716 0.0100969 0.012952 0.0157995 0.018315 0.020196 0.0212183 0.0212849 0.0204452 0.0188739 0.0168223 0.0145554 0.0122993 0.0102099 0.00836739 0.00679119 0.00546309 0.00434967
 1.01332e-16 2.96762e-05 0.000174163 0.000827865 0.00318728 0.0099392 0.0251057 0.0513705 0.0851552 0.11437 0.124481 0.109857 0.0787622 0.0462134 0.0228899 0.0108689 0.00695449 0.00736151 0.00974913 0.0130381 0.0166977 0.020313 0.0234629 0.0257539 0.0268986 0.0267808 0.0254795 0.023241 0.020411 0.0173513 0.0143672 0.0116654 0.00934687 0.00742637 0.00586533 0.00460344
 1.01758e-16 2.83219e-05 0.000166212 0.000790062 0.00304173 0.0094853 0.0239592 0.0490247 0.0812673 0.10915 0.118804 0.104859 0.0752037 0.0441762 0.0219758 0.010595 0.00699508 0.00757351 0.0101024 0.013551 0.0174032 0.0212442 0.0246461 0.0272043 0.028617 0.0287517 0.0276705 0.0256037 0.0228835 0.0198619 0.0168401 0.0140267 0.0115311 0.00938248 0.00756026 0.00602381
 1.01633e-16 3.11777e-05 0.000182983 0.000869806 0.00334878 0.0104429 0.0263779 0.0539729 0.0894675 0.120156 0.130764 0.115368 0.0826375 0.0483356 0.0236598 0.0107664 0.00627294 0.00618674 0.00805173 0.0107649 0.013831 0.0169029 0.0196403 0.0217233 0.0229128 0.0231016 0.0223348 0.0207885 0.0187188 0.0163972 0.0140558 0.0118553 0.00988023 0.00815411 0.00666379 0.00538199
 1.01443e-16 3.03714e-05 0.000178246 0.000847282 0.00326205 0.0101724 0.0256947 0.0525754 0.0871518 0.117049 0.127391 0.112412 0.0805629 0.0472084 0.0232683 0.0108579 0.00669589 0.00690138 0.00907913 0.012136 0.0155529 0.0189401 0.0219073 0.0240898 0.0252203 0.0251884 0.0240629 0.0220663 0.019513 0.0167323 0.0140021 0.011511 0.00935163 0.00753915 0.00604128 0.00480704
 1.02912e-16 1.74285e-05 0.000102239 0.00048589 0.00187052 0.00583289 0.0147338 0.0301503 0.0499887 0.0671673 0.0731806 0.0647629 0.0468228 0.0282616 0.0154652 0.00979505 0.0095186 0.0125189 0.01744 0.0235354 0.0302263 0.0368623 0.0427094 0.047064 0.049404 0.0495055 0.0474876 0.0437643 0.0389275 0.0336017 0.0283181 0.0234419 0.0191597 0.0155137 0.0124571 0.00990696
 1.04896e-16 2.30233e-05 0.000135107 0.000642193 0.00247241 0.00770989 0.0194747 0.0398488 0.0660575 0.0887247 0.0965799 0.0852615 0.0611884 0.0360253 0.0180777 0.00898665 0.00631026 0.00715372 0.00974198 0.0132712 0.017348 0.0216471 0.0258118 0.0294783 0.0323381 0.0341932 0.0349817 0.0347664 0.0336954 0.0319512 0.0297093 0.0271157 0.0242871 0.0213216 0.0183129 0.0153574
pSPR Fmed_Fpbrs
0.50657   0.6 0.325
Fs Fmed_Fpbrs
0.68   0.455666 1.57325
SSBpbr Bo_Bmed_Bpbrs
885225  404168  486874 243437
Ro
34755.7
SPR SPRFo_SPRFmed_SPRFpbrs
717856 363644 233303
log_Ro
10.2761
likeval ReclasPelacesDesembMPH_pf_preclas_ppelaces_ptallas_desvR_qrecl_qpela
 65.2312 15.1753 0.00901907 0.000195634 323.26 205.327 83.2209 0 16.3255 2.05234e-06 7.38364e-05 5.55796e-15 0 0 0
q_reclas_q_pelaces
0.816274 3.39566
M
0.7
N
 36061.9 10682 3443.23 405.727 0.228263
 43774.3 16200.8 2665.22 631.516 72.6893
 21770.1 19837.8 4291.65 533.077 137.78
 31812.6 9228.05 3320.14 441.657 66.4407
 57319.8 15261.9 3615.3 1169.91 177.553
 40742.8 28291.8 7269.04 1690.09 628.991
 77133.6 19096.4 9445.98 2032.23 639.306
 73822.5 36922.6 7368.75 3256.13 912.736
 97961.3 34151.7 11268.7 1809 1006.01
 116622 44915.1 9801.47 2530.92 620.041
 64681.7 54641.2 14958.3 2730.24 865.439
 45563.6 28873.9 13049.8 2575.22 603.225
 46903.1 20581.1 7478.48 2526.44 601.393
 25368.9 19960.2 3539.2 800.405 322.485
 14548.5 9292.11 1224.53 85.2336 25.1118
 13191 5124.66 435.869 19.9982 1.65805
 9893.58 5678.91 954.158 52.3369 2.51255
 11261.4 4423.61 1371.36 166.918 9.35636
 12271.2 5201.24 1335.04 331.256 41.8441
 19662.3 5745.3 1723.53 369.19 101.722
 25885.7 9177.68 1864.32 462.379 124.451
 32008.2 12494.9 3750.37 698.246 218.28
 52884.4 15358 4900.25 1323.49 320.753
 74003 25183.9 5718.61 1604.21 532.848
 32006.1 35289.7 9467.31 1898.19 702.413
 37387.1 15378.7 13974.6 3388.12 923.268
pred_Ctot
 2486.43 3974.56 1651.25 197.527 0.111218
 2766.04 5633.59 1204.76 289.981 33.4054
 2313.09 10049.5 2664.81 334.842 86.5961
 777.499 1419.99 707.235 96.0168 14.4599
 249.723 449.727 152.915 50.6436 7.69547
 1650.48 6820.02 2360.56 558.994 208.241
 2003.91 3106.69 2121.59 465.751 146.675
 3646.24 10522.7 2788.72 1253.75 351.764
 5428.38 10695.3 4642.24 757.684 421.728
 4753.54 10884.7 3198.53 841.172 206.277
 4730.06 21260.6 7456.16 1380.99 438.088
 2978.03 10309 6037.06 1209.9 283.642
 4867.51 10265.7 4586.19 1567.64 373.393
 4871.9 14036.9 2805.12 638.313 257.261
 3101.68 6830.02 999.611 69.9496 20.6145
 1272.65 2433.82 256.873 11.9325 0.989967
 713.065 2185.53 471.139 26.2266 1.26005
 568.606 1283.88 527.621 65.3299 3.66532
 506.303 1273.68 439.873 111.152 14.0543
 852.158 1467.19 590.195 128.718 35.4993
 521.566 1182.11 334.928 84.8272 22.8571
 778.911 1915.12 795.88 151.232 47.3283
 1564.57 2809.26 1229.84 338.776 82.1898
 2118 4471.61 1395.48 399.31 132.773
 747.373 5208.35 1937.93 396.614 146.925
 867.447 2256.4 2844.51 703.972 192.043
F
 0.100175 0.688277 0.996041 1.02005 1.02134
 0.0914586 0.62839 0.909375 0.931293 0.932476
 0.158291 1.08758 1.57389 1.61183 1.61387
 0.0345046 0.237073 0.34308 0.351349 0.351795
 0.00607424 0.0417346 0.0603963 0.0618519 0.0619305
 0.0577784 0.396982 0.574492 0.588339 0.589086
 0.0367141 0.252254 0.365049 0.373847 0.374322
 0.0708508 0.486799 0.704472 0.72145 0.722367
 0.0797992 0.548281 0.793445 0.812568 0.8136
 0.0581455 0.399504 0.578142 0.592076 0.592828
 0.106541 0.732014 1.05933 1.08487 1.08624
 0.0947361 0.650909 0.941964 0.964666 0.965891
 0.154346 1.06047 1.53467 1.57165 1.57365
 0.30436 2.09118 3.02626 3.0992 3.10313
 0.343423 2.35958 3.41467 3.49696 3.50141
 0.142778 0.98099 1.41964 1.45386 1.4557
 0.104931 0.720953 1.04333 1.06847 1.06983
 0.07248 0.497992 0.72067 0.738039 0.738976
 0.058876 0.404523 0.585406 0.599515 0.600276
 0.0619272 0.425487 0.615744 0.630584 0.631385
 0.0283696 0.194921 0.28208 0.288879 0.289245
 0.0343538 0.236036 0.34158 0.349813 0.350257
 0.041904 0.287912 0.416653 0.426695 0.427237
 0.0405135 0.278358 0.402827 0.412535 0.413059
 0.0329446 0.226354 0.327569 0.335463 0.33589
 0.032731 0.224887 0.325445 0.333289 0.333712
Np
 52489.6 24815.2 6365.17 1857.65 1962.53
YTP_r0W_actual
 7807.02 57312.6 100411 29144.4 8641.94
YTP_p0W_proyectada
 14890.7 81569.2 54755.5 58569.6 21217.9
 14890.7 112653 57146.8 21709.2 25477.2
CTP_r0_actual
 867.447 2256.4 2844.51 703.972 192.043
CTP_p0_proyectada
 1815.94 3776.35 1743.81 1460.59 476.806
 1815.94 5215.42 1819.96 541.376 572.522
Wmedp
 8.2 21.6 31.4 40.1 44.5
nmprior
 10.6 11 7 0
nm_flota  nm_reclas  nm_pelaces    nm_pelaL
inf 19.7683 16.9974 52.7879
cv_recla  cv_pelaces  cv_mph
0.714496 0.426736 0.453795
 ------------------------------------------------
Talla a la edad & desviaci?n 
 7.2 14.2025 17.0495 18.207 18.6776
 1.08 2.13037 2.55742 2.73105 2.80164
