years
 1997 1998 1999 2000 2001 2002 2003 2004 2005 2006 2007 2008 2009 2010 2011 2012 2013 2014 2015 2016 2017 2018 2019 2020 2021 2022
reclasobs
 0 0 0 370054 412103 1.49427e+06 250295 1.28982e+06 931140 785840 897777 1.04006e+06 184774 17550 25797 100020 73551 82996 120727 218422 84188 347160 605670 569463 516374 1.08416e+06
reclaspred
 487241 125827 321475 215438 349057 437966 947386 657800 743388 775388 665537 458847 278536 115023 68718.9 67416.5 80818.8 107393 116935 158025 240497 227099 388916 522543 670704 596710
pelacesobs
 0 0 0 0 0 0 0 0 0 2.06254e+06 1.5e+06 0 1.87456e+06 323000 250000 174000 83755 137374 0 501740 490994 745055 786931 1.00524e+06 1.33801e+06 1.41789e+06
pelacespred
 1.97451e+06 412482 656628 692539 1.00334e+06 938365 2.57873e+06 2.04336e+06 2.14348e+06 2.23482e+06 1.62344e+06 1.17003e+06 715301 231323 146120 150420 188503 262427 280673 381512 672881 596997 830437 1.2752e+06 1.57779e+06 1.54512e+06
mphobs
 0 0 0 0 0 112323 0 153150 637223 0 255016 313432 73983 77613 109348 50772 17779 17303 59886 28197 0 207744 136588 643089 65757 0
mphpred
 160936 88355.4 98007.1 94223.4 108825 185641 262978 329656 284568 307217 324147 226500 141331 73357.4 31582.2 25750.2 28946 37835.2 46944.3 53553.1 80940.8 100018 123975 177479 266630 270103
desembarqueobs
 350755 77701 442110 56441 14545 235359 269955 359681 431902 328805 639364 411747 362871 311530 167758 66681 60226 58785 57116 73181 50977 67692 138656 160484 209506 203330
desembarquepred
 350761 77699.3 442090 56444.3 14545.3 235442 270023 359674 431945 328811 639312 411785 362932 311629 167586 66675.7 60251.6 58777.8 57100.5 73177.1 50979.6 67682.4 138661 160496 209494 203317
Reclutas
 36108.1 43781.8 22363.8 32742.7 59575.8 41341.6 77883.2 74856.8 98865.9 117379 65521.2 45482.3 46187.4 25074.3 14632.4 13374.8 10019.8 11404.8 12534.8 19943 26291.6 32786.8 54194.3 75450.7 32642.9 37801.1
log_desv_Rt
 0.0255526 0.218253 -0.45352 -0.0722846 0.526285 0.160905 0.794246 0.754612 1.0328 1.20444 0.62141 0.256358 0.271743 -0.339121 -0.877725 -0.967592 -1.2564 -1.12693 -1.03245 -0.568085 -0.291715 -0.0709395 0.431611 0.762515 -0.0753368 0.071374
SSB
 441034 242133 268583 258214 298230 508739 720677 903403 779842 841909 888306 620711 387311 201032 86549.3 70567 79324.9 103685 128648 146759 221813 274094 339745 486370 730685 740200
BT
 1.52954e+06 370749 645275 468859 610584 718089 1.76219e+06 1.61309e+06 1.69472e+06 1.64932e+06 1.52244e+06 1.05859e+06 780439 427303 227225 145179 162248 204316 212099 287567 443697 405496 583899 885823 1.06107e+06 1.05617e+06
Ftot
 1.00447 0.918138 1.58766 0.341405 0.0596093 0.561299 0.35696 0.694996 0.782991 0.573245 1.05315 0.930198 1.50664 2.9947 3.41441 1.41706 1.0353 0.713351 0.580029 0.607527 0.279617 0.339667 0.412208 0.396905 0.323684 0.321923
BD_Bspro_t
 0.908241 0.634654 0.554766 0.371814 0.532701 0.713105 0.657861 0.678609 0.611388 0.584599 0.566693 0.406832 0.30248 0.204117 0.111156 0.111774 0.166948 0.271281 0.370851 0.461245 0.591532 0.701104 0.709479 0.719799 0.742771 0.686785
BD_Bspro
 0.606672 0.333069 0.369453 0.35519 0.410235 0.699803 0.991338 1.24269 1.07272 1.1581 1.22192 0.853828 0.532771 0.276532 0.119054 0.0970696 0.109117 0.142626 0.176964 0.201877 0.305119 0.377035 0.467342 0.669034 1.0051 1.01819
BD_Bo
 0.484093 0.265773 0.294805 0.283424 0.327347 0.558408 0.791038 0.991604 0.85598 0.924106 0.975034 0.681312 0.425125 0.220659 0.0949993 0.0774567 0.0870695 0.113808 0.141208 0.161088 0.24347 0.300855 0.372915 0.533855 0.802023 0.812468
BD_Brms
 0.88017 0.483223 0.536009 0.515316 0.595176 1.01529 1.43825 1.80292 1.55633 1.68019 1.77279 1.23875 0.772954 0.401198 0.172726 0.14083 0.158308 0.206924 0.256743 0.292886 0.442672 0.547009 0.678028 0.970646 1.45822 1.47721
S_f
 0.100683 0.680219 0.975855 0.998699 0.999931
 0.100683 0.680219 0.975855 0.998699 0.999931
 0.100683 0.680219 0.975855 0.998699 0.999931
 0.100683 0.680219 0.975855 0.998699 0.999931
 0.100683 0.680219 0.975855 0.998699 0.999931
 0.100683 0.680219 0.975855 0.998699 0.999931
 0.100683 0.680219 0.975855 0.998699 0.999931
 0.100683 0.680219 0.975855 0.998699 0.999931
 0.100683 0.680219 0.975855 0.998699 0.999931
 0.100683 0.680219 0.975855 0.998699 0.999931
 0.100683 0.680219 0.975855 0.998699 0.999931
 0.100683 0.680219 0.975855 0.998699 0.999931
 0.100683 0.680219 0.975855 0.998699 0.999931
 0.100683 0.680219 0.975855 0.998699 0.999931
 0.100683 0.680219 0.975855 0.998699 0.999931
 0.100683 0.680219 0.975855 0.998699 0.999931
 0.100683 0.680219 0.975855 0.998699 0.999931
 0.100683 0.680219 0.975855 0.998699 0.999931
 0.100683 0.680219 0.975855 0.998699 0.999931
 0.100683 0.680219 0.975855 0.998699 0.999931
 0.100683 0.680219 0.975855 0.998699 0.999931
 0.100683 0.680219 0.975855 0.998699 0.999931
 0.100683 0.680219 0.975855 0.998699 0.999931
 0.100683 0.680219 0.975855 0.998699 0.999931
 0.100683 0.680219 0.975855 0.998699 0.999931
 0.100683 0.680219 0.975855 0.998699 0.999931
Scru_reclas
 0.678239 1 1 1 1
 0.678239 1 1 1 1
 0.678239 1 1 1 1
 0.678239 1 1 1 1
 0.678239 1 1 1 1
 0.678239 1 1 1 1
 0.678239 1 1 1 1
 0.678239 1 1 1 1
 0.678239 1 1 1 1
 0.678239 1 1 1 1
 0.678239 1 1 1 1
 0.678239 1 1 1 1
 0.678239 1 1 1 1
 0.678239 1 1 1 1
 0.678239 1 1 1 1
 0.678239 1 1 1 1
 0.678239 1 1 1 1
 0.678239 1 1 1 1
 0.678239 1 1 1 1
 0.678239 1 1 1 1
 0.678239 1 1 1 1
 0.678239 1 1 1 1
 0.678239 1 1 1 1
 0.678239 1 1 1 1
 0.678239 1 1 1 1
 0.678239 1 1 1 1
Scru_pelaces
 0.830495 1 1 1 1
 0.830495 1 1 1 1
 0.830495 1 1 1 1
 0.830495 1 1 1 1
 0.830495 1 1 1 1
 0.830495 1 1 1 1
 0.830495 1 1 1 1
 0.830495 1 1 1 1
 0.830495 1 1 1 1
 0.830495 1 1 1 1
 0.830495 1 1 1 1
 0.830495 1 1 1 1
 0.830495 1 1 1 1
 0.830495 1 1 1 1
 0.830495 1 1 1 1
 0.830495 1 1 1 1
 0.830495 1 1 1 1
 0.830495 1 1 1 1
 0.830495 1 1 1 1
 0.830495 1 1 1 1
 0.830495 1 1 1 1
 0.830495 1 1 1 1
 0.830495 1 1 1 1
 0.830495 1 1 1 1
 0.830495 1 1 1 1
 0.830495 1 1 1 1
pf_obs 
 0.256992 0.487395 0.22802 0.0275931 0
 0.321318 0.546541 0.124235 0.00734118 0.000564706
 0.182869 0.594174 0.210203 0.0122559 0.00049798
 0.330522 0.361315 0.267642 0.0388342 0.00168674
 0.649043 0.306663 0.0425973 0.00169635 0
 0.582887 0.30429 0.105238 0.00758474 0
 0.465427 0.430635 0.0974691 0.00646863 0
 0.296916 0.608066 0.0921331 0.00288517 0
 0.311714 0.524322 0.152257 0.0117073 0
 0.15457 0.633149 0.183074 0.0267441 0.00246327
 0.131901 0.49318 0.331252 0.0422183 0.00144891
 0.196976 0.569456 0.194076 0.0375587 0.00193317
 0.518974 0.381816 0.0799577 0.0180837 0.00116848
 0.0928022 0.601141 0.25162 0.0475244 0.00691264
 0.122501 0.610282 0.24278 0.0234846 0.000952079
 0.383417 0.481906 0.127806 0.00687128 0
 0.0376549 0.599619 0.316969 0.0457579 0
 0.0361596 0.667082 0.258105 0.0386534 0
 0.158088 0.579412 0.248529 0.0139706 0
 0.0477256 0.309471 0.559284 0.082774 0.000745712
 0.0406174 0.521527 0.379366 0.0568643 0.0016247
 0.151134 0.462217 0.34131 0.0453401 0
 0.294876 0.26143 0.354403 0.0886775 0.000613685
 0.281977 0.475581 0.204845 0.0348837 0.00271318
 0.0841818 0.532909 0.334909 0.0458182 0.00218182
 0.115287 0.27431 0.454777 0.147771 0.00785563
pf_pred 
 0.30172 0.476868 0.197754 0.0236447 1.3384e-05
 0.281295 0.56453 0.121198 0.0295679 0.0034092
 0.154901 0.645854 0.171528 0.0219549 0.00576299
 0.262912 0.471456 0.228976 0.0317604 0.00489629
 0.280052 0.491402 0.165919 0.0541812 0.00844535
 0.141226 0.591163 0.202003 0.0479306 0.0176781
 0.253837 0.390779 0.275607 0.0606616 0.0191152
 0.197497 0.561466 0.150394 0.0707244 0.019919
 0.247376 0.484769 0.211664 0.0354855 0.020706
 0.239581 0.54346 0.162131 0.0436316 0.0111967
 0.135506 0.598789 0.21201 0.0404336 0.0132614
 0.141756 0.493172 0.290547 0.0599188 0.0146067
 0.22022 0.46892 0.216287 0.0758185 0.0187547
 0.213613 0.613543 0.128711 0.031135 0.0129976
 0.283937 0.612272 0.094213 0.0072671 0.00231041
 0.323658 0.607283 0.0654034 0.00334353 0.000312584
 0.211213 0.641295 0.138989 0.00807141 0.000431758
 0.233262 0.520793 0.21681 0.0275127 0.00162138
 0.218673 0.538731 0.187493 0.0487585 0.0063438
 0.277936 0.476331 0.191013 0.042581 0.0121395
 0.245032 0.546796 0.156823 0.040186 0.0111628
 0.214875 0.516278 0.213969 0.0416056 0.0132721
 0.262833 0.465305 0.201798 0.0560671 0.0139966
 0.250021 0.523615 0.163568 0.0469463 0.01585
 0.089457 0.614658 0.230279 0.047769 0.0178364
 0.126634 0.327619 0.412823 0.104061 0.0288628
pobs_RECLAS
 0 0 0 0 0
 0 0 0 0 0
 0 0 0 0 0
 0 0 0 0 0
 0.835266 0.146461 0.0176864 0.000547809 3.91292e-05
 0.385257 0.428462 0.181853 0.0044286 0
 0.867414 0.0963971 0.0333333 0.00285562 0
 0.441836 0.489002 0.0689373 0.000224442 0
 0.779404 0.147425 0.0564933 0.0165055 0.000172143
 0.814271 0.122319 0.05973 0.00367925 0
 0.40263 0.566651 0.0304383 0.000280538 0
 0.475488 0.404961 0.113038 0.00651328 0
 0.955842 0.0263864 0.0167828 0.000988607 0
 0.975058 0.0227948 0.00214734 0 0
 0.738997 0.206755 0.0527124 0.00153531 0
 0.850938 0.134255 0.0134407 0.00136685 0
 0.542534 0.407297 0.0501686 0 0
 0.764087 0.199537 0.0359546 0.000420521 0
 0.470689 0.182191 0.310203 0.0369168 0
 0.84361 0.089868 0.0606195 0.00523954 0.000663233
 0.607945 0.314616 0.071237 0.00620181 0
 0.523733 0.453247 0.0230204 0 0
 0.530135 0.295979 0.169645 0.0042399 0
 0.562478 0.366248 0.0663022 0.0049721 0
 0.250443 0.683176 0.0655157 0.000865301 0
 0.195077 0.31981 0.436473 0.0351445 0.0134964
ppred_RECLAS
 0.699602 0.229104 0.0638524 0.00743691 4.20376e-06
 0.668909 0.279785 0.0405546 0.00964155 0.00111014
 0.502764 0.414741 0.0713103 0.00886239 0.00232264
 0.651057 0.251348 0.0844024 0.0114318 0.00176013
 0.664403 0.253897 0.0596906 0.0190446 0.00296486
 0.461562 0.411415 0.0964614 0.0223353 0.0082271
 0.650096 0.215311 0.104942 0.0225537 0.00709791
 0.563318 0.33846 0.0618645 0.0283765 0.00798142
 0.638625 0.263097 0.0780776 0.0127632 0.00743739
 0.619553 0.299068 0.0611911 0.016069 0.00411825
 0.458209 0.418103 0.0992225 0.0184291 0.00603582
 0.479738 0.347572 0.138165 0.0277653 0.00675917
 0.62273 0.264212 0.0793586 0.0270246 0.00667454
 0.639454 0.311149 0.0371665 0.00863409 0.00359655
 0.72636 0.250636 0.0209665 0.00154711 0.000490699
 0.711874 0.268173 0.0189249 0.000940358 8.77799e-05
 0.579886 0.364026 0.052934 0.00299397 0.000159929
 0.616266 0.290476 0.0824523 0.0102048 0.000600586
 0.593475 0.311025 0.0742188 0.0188336 0.00244718
 0.670272 0.243991 0.0670123 0.0145755 0.00414992
 0.621867 0.299591 0.0595155 0.0148944 0.00413214
 0.58731 0.303826 0.0870655 0.0165315 0.00526681
 0.65273 0.24795 0.0741816 0.0201218 0.00501679
 0.631713 0.284085 0.0612502 0.0171636 0.00578736
 0.336603 0.498327 0.129151 0.026162 0.00975625
 0.45533 0.253837 0.221276 0.0544681 0.0150884
pobs_PELACES
 0 0 0 0 0
 0 0 0 0 0
 0 0 0 0 0
 0 0 0 0 0
 0 0 0 0 0
 0 0 0 0 0
 0 0 0 0 0
 0 0 0 0 0
 0 0 0 0 0
 0 0 0 0 0
 0.450072 0.473896 0.0757376 0.000293798 0
 0 0 0 0 0
 0.463077 0.371075 0.160297 0.00555027 0
 0.529543 0.364841 0.0842815 0.0213345 0
 0.631943 0.363953 0.00410389 0 0
 0.735681 0.248677 0.0153453 0.000297389 0
 0.695825 0.281241 0.0229344 0 0
 0.275771 0.60734 0.115278 0.00161068 0
 0 0 0 0 0
 0.896147 0.0623911 0.0374545 0.00400742 0
 0.803859 0.145111 0.0509908 3.86294e-05 0
 0.739449 0.233085 0.0266225 0.000797448 4.60066e-05
 0.878498 0.100942 0.0204185 0.000141795 0
 0.694673 0.275183 0.0284847 0.00165964 0
 0.469039 0.446079 0.0841089 0.000773354 0
 0.822795 0.102175 0.0682046 0.00682512 0
ppred_PELACES
 0.779474 0.172028 0.0434696 0.00502473 2.83909e-06
 0.749311 0.214737 0.0284592 0.00671927 0.000773379
 0.632172 0.314359 0.0462949 0.00568504 0.00148897
 0.711115 0.210032 0.0682181 0.00921598 0.00141877
 0.710609 0.219256 0.0512477 0.0163435 0.00254429
 0.542074 0.354433 0.0786731 0.0181395 0.00668009
 0.711715 0.179801 0.084635 0.0181406 0.00570822
 0.646879 0.277906 0.0474664 0.0216585 0.00609012
 0.719541 0.20842 0.0573025 0.00931203 0.00542458
 0.692478 0.244642 0.0473327 0.0123761 0.00317108
 0.564454 0.343892 0.0736422 0.0135698 0.00444241
 0.581513 0.287996 0.104551 0.0208634 0.00507706
 0.737799 0.191645 0.049694 0.0167316 0.00412983
 0.799659 0.179216 0.0159837 0.00363025 0.00151035
 0.864829 0.126846 0.00760485 0.0005469 0.00017322
 0.800121 0.187722 0.011537 0.00056717 5.29133e-05
 0.676074 0.284342 0.0373747 0.00209749 0.000111994
 0.696206 0.233817 0.0619076 0.00762095 0.00044839
 0.669302 0.256381 0.0578133 0.0146066 0.00189748
 0.739516 0.195729 0.0506636 0.0109692 0.00312237
 0.681177 0.254047 0.0491097 0.0122644 0.0034021
 0.652287 0.258244 0.0715912 0.0135585 0.00431906
 0.715852 0.20524 0.0589833 0.0159496 0.00397591
 0.695701 0.236827 0.0491216 0.0137238 0.00462676
 0.399836 0.454402 0.114106 0.0230581 0.0085976
 0.52545 0.224941 0.190024 0.0466618 0.0129243
pobs_pel_tallas
 0 0 0 0 0 0 0 0 0 0 0 0 0 0 0 0 0 0 0 0 0 0 0 0 0 0 0 0 0 0 0 0 0 0 0 0
 0 0 0 0 0 0 0 0 0 0 0 0 0 0 0 0 0 0 0 0 0 0 0 0 0 0 0 0 0 0 0 0 0 0 0 0
 0 0 0 0 0 0 0 0 0 0 0 0 0 0 0 0 0 0 0 0 0 0 0 0 0 0 0 0 0 0 0 0 0 0 0 0
 0 0 0 0 0 0 0 0 0 0 0 0 0 0 0 0 0 0 0 0 0 0 0 0 0 0 0 0 0 0 0 0 0 0 0 0
 0 0 0 0 0 0 0 0 0 0 0 0 0 0 0 0 0 0 0 0 0 0 0 0 0 0 0 0 0 0 0 0 0 0 0 0
 0 0 0 0 0 0 0 0 0 0 0 0 0 0 0 0 0 0 0 0 0 0 0 0 0 0 0 0 0 0 0 0 0 0 0 0
 0 0 0 0 0 0 0 0 0 0 0 0 0 0 0 0 0 0 0 0 0 0 0 0 0 0 0 0 0 0 0 0 0 0 0 0
 0 0 0 0 0 0 0 0 0 0 0 0 0 0 0 0 0 0 0 0 0 0 0 0 0 0 0 0 0 0 0 0 0 0 0 0
 0 0 0 0 0 0 0 0 0 0 0 0 0 0 0 0 0 0 0 0 0 0 0 0 0 0 0 0 0 0 0 0 0 0 0 0
 0 0 0 0 0 0 0 0 0 0 0 0 0 0 0 0 0 0 0 0 0 0 0 0 0 0 0 0 0 0 0 0 0 0 0 0
 0 0 0 0 0 0 0 0 1.78061e-05 0.00172719 0.00360574 0.0105946 0.0120993 0.0124554 0.0147524 0.0171206 0.0266825 0.0428682 0.0675386 0.121331 0.153587 0.119568 0.100827 0.0573624 0.0630603 0.0341343 0.0324427 0.0444173 0.0211091 0.0280891 0.0125444 0.00206551 0 0 0 0
 0 0 0 0 0 0 0 0 0 0 0 0 0 0 0 0 0 0 0 0 0 0 0 0 0 0 0 0 0 0 0 0 0 0 0 0
 0 0 0 0 0 0 0.0133647 0.0140871 0.0187388 0.0205184 0.03894 0.0496705 0.03968 0.0493445 0.0407372 0.0367815 0.0215668 0.0243155 0.0234873 0.0199281 0.019796 0.0243948 0.0301388 0.0376714 0.0412746 0.0863199 0.0771752 0.113111 0.0741005 0.0525337 0.0229764 0.00759418 0.00175318 0 0 0
 0 0 0 0 0 0 0 0 0 0 0.00219441 0.00772107 0.0458388 0.0604681 0.0671733 0.0775358 0.0609151 0.0617685 0.073594 0.0568108 0.0755445 0.0548602 0.0670107 0.0636378 0.0643287 0.046367 0.0373049 0.0286899 0.0247887 0.0153202 0.00654259 0.00121912 0.000365735 0 0 0
 0 0 0 0 0 0 0 0 0 0 0 0 0.000112435 0.00938835 0.0111873 0.0202946 0.0414886 0.0713402 0.111592 0.104902 0.108894 0.110636 0.117776 0.105296 0.107544 0.0401394 0.0192827 0.0124803 0.00416011 0.0028671 0.000618394 0 0 0 0 0
 0 0 0 0 0 0 0 0 0 0 0.00291406 0.0102884 0.027416 0.0768956 0.0749926 0.110853 0.0956884 0.0897413 0.0766577 0.0534642 0.0500743 0.0551293 0.0594112 0.0620874 0.0668451 0.0424026 0.0208742 0.0120726 0.0048766 0.00582813 0.00118941 0.000297354 0 0 0 0
 0 0.00264628 0.0354308 0.0461629 0.0458689 0.0383711 0.0214643 0.0164657 0.0346957 0.0420465 0.0363128 0.0245516 0.0311673 0.0291091 0.0169068 0.0133784 0.00837989 0.0085269 0.0148486 0.0160247 0.0276389 0.0546898 0.0760071 0.122758 0.109233 0.0665981 0.0333725 0.0166128 0.00676272 0.00308733 0.000882094 0 0 0 0 0
 0 0 0 0 0 0 0 0.000805153 0.000690131 0.00759144 0.0133425 0.0154129 0.00931677 0.000345066 0.00356568 0.00563607 0.00851162 0.0253048 0.0502646 0.0516448 0.0657925 0.0565908 0.0611916 0.0827007 0.0866115 0.110766 0.145733 0.0935128 0.0569358 0.0249597 0.0138026 0.00621118 0.00161031 0.00115022 0 0
 0 0 0 0 0 0 0 0 0 0 0 0 0 0 0 0 0 0 0 0 0 0 0 0 0 0 0 0 0 0 0 0 0 0 0 0
 0.00147267 0.00158595 0.00478618 0.00569244 0.00954404 0.0108468 0.00647125 0.017049 0.0510054 0.094081 0.124002 0.0959785 0.0687766 0.0820023 0.061753 0.0591476 0.0492212 0.0479892 0.0443925 0.0268479 0.0217502 0.0140895 0.0121071 0.0120363 0.00920419 0.00665534 0.0049561 0.00860946 0.00930331 0.0156896 0.0114698 0.00855282 0.00243557 0.00046729 0 2.83206e-05
 0 0 0 0 0.000772559 0.00158375 0.000888443 0.00281984 0.00712685 0.0440552 0.0773331 0.111326 0.0921469 0.0852325 0.0710754 0.0886704 0.0786465 0.0553345 0.0373146 0.0185414 0.00753245 0.00457741 0.012979 0.0271748 0.0457355 0.0583668 0.034881 0.0177882 0.00938659 0.00492506 0.0015258 0.00185414 0.000309023 5.79419e-05 3.86279e-05 0
 0 0.00173294 0.00326652 0 0.00397197 0.00683976 0.00946217 0.0152591 0.00757587 0.0136028 0.0228656 0.0392903 0.0559909 0.0764795 0.0681675 0.0726916 0.0566044 0.0477403 0.0527397 0.0444891 0.0609904 0.0582453 0.0661739 0.0445044 0.0529084 0.0360697 0.0280645 0.0235558 0.0158879 0.00826598 0.00280645 0.00217768 0.000904811 0.00058276 9.20147e-05 0
 0 0 0 0 0 0 0 0 0 0 0 0 0 0 0 0 0 0 0 0 0 0 0 0 0 0 0 0 0 0 0 0 0 0 0 0
 0 0 0 0 0 0 0 0 0 0 0 0 0 0 0 0 0 0 0 0 0 0 0 0 0 0 0 0 0 0 0 0 0 0 0 0
 0 0 0 0 0 0 0 0 0 0 0 0 0 0 0 0 0 0 0 0 0 0 0 0 0 0 0 0 0 0 0 0 0 0 0 0
 0 0 0 0 0 0 0 0 0 0 0 0 0 0 0 0 0 0 0 0 0 0 0 0 0 0 0 0 0 0 0 0 0 0 0 0
ppred_pel_tallas
 1.00846e-16 3.40084e-05 0.000199605 0.000948836 0.00365308 0.0113918 0.0287748 0.0588769 0.0975948 0.131066 0.142624 0.125799 0.0900395 0.0525238 0.0254459 0.0111318 0.00586492 0.00526893 0.0066581 0.00884487 0.0113312 0.0138054 0.0159781 0.0175818 0.0184193 0.0184067 0.0175899 0.0161269 0.0142439 0.01218 0.0101398 0.00826531 0.00663044 0.00525344 0.00411727 0.00318944
 1.00742e-16 3.26949e-05 0.000191889 0.000912146 0.0035118 0.0109512 0.0276619 0.0566003 0.0938225 0.126005 0.137127 0.120978 0.0866473 0.0506633 0.024765 0.0112088 0.00644071 0.00626533 0.0080975 0.0107707 0.0137568 0.0166864 0.019202 0.0209746 0.0217679 0.0214927 0.0202266 0.0181891 0.0156839 0.0130264 0.0104815 0.00822623 0.00634387 0.0048402 0.00367236 0.00277704
 1.01025e-16 2.75911e-05 0.000161916 0.000769633 0.00296305 0.00923994 0.0233395 0.0477571 0.0791678 0.106335 0.115754 0.102198 0.0733636 0.0432328 0.0217606 0.0109108 0.00774384 0.0087616 0.011786 0.0157787 0.0201731 0.0244766 0.0281744 0.030785 0.0319612 0.03157 0.029723 0.0267395 0.0230631 0.0191553 0.0154048 0.0120735 0.00928608 0.00705451 0.00531906 0.00398933
 1.0142e-16 3.10293e-05 0.000182111 0.000865659 0.00333281 0.010393 0.0262521 0.0537156 0.089041 0.119584 0.130143 0.114822 0.0822529 0.0481233 0.0235794 0.0107699 0.0063308 0.00629042 0.00820512 0.0109757 0.0141052 0.0172415 0.0200373 0.0221649 0.0233781 0.0235644 0.0227664 0.0211612 0.0190087 0.016587 0.0141363 0.0118262 0.00974983 0.00793814 0.00638346 0.00506141
 1.0148e-16 3.10075e-05 0.000181982 0.000865047 0.00333045 0.0103857 0.0262335 0.0536776 0.0889783 0.1195 0.130054 0.114748 0.0822093 0.0481168 0.0236114 0.0108428 0.00645171 0.00646967 0.00845206 0.0112937 0.0144871 0.0176665 0.0204708 0.0225621 0.0236909 0.0237505 0.0227987 0.0210337 0.0187386 0.0162113 0.0137042 0.0113899 0.00935552 0.00761922 0.0061574 0.00493015
 1.02168e-16 2.36641e-05 0.000138858 0.00066 0.00254092 0.00792353 0.0200145 0.0409541 0.067893 0.0911996 0.0992989 0.0877213 0.0630829 0.037399 0.0192411 0.0103346 0.00820167 0.00987582 0.0134997 0.0181576 0.023296 0.0283854 0.0328524 0.0361528 0.0378851 0.0378811 0.0362397 0.0332889 0.0294944 0.0253451 0.0212555 0.0175083 0.0142446 0.0114913 0.00920497 0.0073139
 1.02151e-16 3.10542e-05 0.00018226 0.000866374 0.00333558 0.0104017 0.0262738 0.0537599 0.0891136 0.119679 0.130239 0.114892 0.0822694 0.0480652 0.0234256 0.0104902 0.00588285 0.00562477 0.00727635 0.00975754 0.0126063 0.0155178 0.0181963 0.0203589 0.0217848 0.0223598 0.0220946 0.0211097 0.019595 0.0177587 0.0157844 0.013806 0.0119048 0.0101209 0.00847108 0.00696381
 1.01794e-16 2.82309e-05 0.000165676 0.000787513 0.00303191 0.00945468 0.0238819 0.0488666 0.0810057 0.1088 0.118427 0.104534 0.0749887 0.044086 0.0219974 0.0107144 0.00721248 0.00790243 0.0105593 0.0141441 0.0181228 0.0220566 0.0254929 0.0280074 0.0292906 0.029218 0.0278753 0.0255278 0.0225469 0.0193193 0.016169 0.0133126 0.0108524 0.00879906 0.0071078 0.00571343
 1.01455e-16 3.13966e-05 0.000184267 0.000875913 0.00337229 0.0105162 0.0265631 0.0543519 0.0900956 0.121 0.131682 0.116178 0.0832172 0.0486741 0.0238241 0.0108385 0.0063103 0.00621793 0.00808668 0.010804 0.0138691 0.0169304 0.0196435 0.0216856 0.0228164 0.0229305 0.0220774 0.0204402 0.0182834 0.015887 0.0134901 0.0112581 0.00927754 0.00757079 0.00612112 0.00489591
 1.01326e-16 3.02179e-05 0.000177344 0.000842993 0.00324553 0.0101209 0.0255646 0.0523092 0.0867109 0.116458 0.12675 0.11185 0.0801704 0.0469986 0.0232025 0.0108899 0.00679948 0.00707187 0.00932327 0.0124616 0.0159616 0.0194231 0.0224437 0.0246476 0.0257603 0.0256698 0.0244505 0.0223356 0.0196534 0.0167475 0.0139081 0.0113315 0.0091141 0.00727041 0.00576475 0.00454105
 1.01832e-16 2.46396e-05 0.000144585 0.000687231 0.00264578 0.00825052 0.0208404 0.0426439 0.0706935 0.0949591 0.103386 0.0913168 0.0656358 0.0388468 0.0198647 0.0104742 0.00808275 0.00959184 0.0130648 0.0175562 0.0225097 0.0274059 0.0316865 0.034823 0.0364267 0.036337 0.0346539 0.0317012 0.0279372 0.0238429 0.0198264 0.0161661 0.0130013 0.0103577 0.00819014 0.00642452
 1.02533e-16 2.53812e-05 0.000148944 0.000707967 0.00272563 0.00849956 0.0214694 0.0439305 0.0728245 0.0978158 0.106482 0.0940161 0.0674999 0.0397977 0.0200714 0.0101343 0.00729255 0.00834194 0.0112959 0.0152184 0.0196075 0.0240259 0.0280072 0.0311032 0.032972 0.0334511 0.0325865 0.0306051 0.0278461 0.0246741 0.0214052 0.0182636 0.0153753 0.0127873 0.0104996 0.00849312
 1.01536e-16 3.2192e-05 0.000188939 0.000898125 0.00345782 0.0107829 0.0272368 0.0557302 0.0923796 0.124065 0.135013 0.119103 0.0852849 0.049827 0.0242832 0.0108694 0.00608242 0.00579137 0.00745802 0.00995046 0.0127753 0.0156025 0.018115 0.0200171 0.0210887 0.0212334 0.0204961 0.0190436 0.0171163 0.0149676 0.012813 0.0108 0.00900404 0.00744312 0.00610093 0.00494854
 1.00481e-16 3.48888e-05 0.000204773 0.000973405 0.00374767 0.0116868 0.0295199 0.0604015 0.100122 0.13446 0.146317 0.129056 0.0923693 0.0538804 0.0260974 0.0114051 0.00598747 0.00535029 0.00673175 0.00890531 0.011351 0.0137407 0.0157722 0.0171717 0.0177449 0.0174225 0.0162758 0.0144959 0.0123436 0.0100887 0.00795598 0.00609438 0.00457098 0.00338559 0.00249544 0.00184001
 1.00177e-16 3.77284e-05 0.000221449 0.00105269 0.00405297 0.0126389 0.0319247 0.0653215 0.108275 0.145404 0.158209 0.139507 0.0997653 0.0580249 0.0277876 0.0116022 0.00531184 0.0040351 0.0047832 0.00625649 0.00795292 0.00960777 0.0110007 0.0119374 0.0122815 0.0119867 0.0111073 0.00978332 0.00820477 0.00656727 0.0050338 0.00371189 0.00264924 0.00184396 0.0012624 0.000857254
 1.00247e-16 3.49093e-05 0.000204892 0.000973971 0.00374985 0.0116936 0.029537 0.0604367 0.10018 0.134539 0.146405 0.129138 0.0924372 0.0539386 0.0261602 0.0114909 0.00611517 0.00553709 0.00699144 0.00924529 0.0117684 0.0142192 0.0162807 0.0176665 0.0181751 0.0177375 0.0164342 0.0144725 0.0121334 0.00970664 0.0074337 0.00547401 0.00389847 0.00270457 0.00184276 0.00124311
 1.00701e-16 2.95042e-05 0.000173151 0.000823048 0.00316873 0.00988133 0.0249596 0.0510717 0.0846607 0.113708 0.123767 0.109243 0.078355 0.0460417 0.022929 0.0110931 0.00736633 0.0079904 0.0106332 0.0142036 0.0181409 0.0219871 0.0252734 0.0275643 0.0285473 0.0281055 0.0263448 0.0235604 0.0201601 0.0165681 0.0131411 0.010119 0.00761519 0.00563856 0.00413088 0.00300465
 1.01238e-16 3.03801e-05 0.000178297 0.000847525 0.00326299 0.0101753 0.0257021 0.0525904 0.0871767 0.117083 0.127427 0.112442 0.0805812 0.0472129 0.0232592 0.0108353 0.0066585 0.00684717 0.00900695 0.0120474 0.0154537 0.0188409 0.0218228 0.0240368 0.0252139 0.0252381 0.0241693 0.022219 0.0196912 0.0169082 0.014146 0.0115964 0.00936041 0.00746429 0.00588733 0.00458836
 1.01495e-16 2.92079e-05 0.000171413 0.000814793 0.00313695 0.00978225 0.0247093 0.0505593 0.0838108 0.112565 0.122518 0.108128 0.0775288 0.0455034 0.0225639 0.0107577 0.00694269 0.00739672 0.00981843 0.0131466 0.0168577 0.0205395 0.0237717 0.0261594 0.0274116 0.0274058 0.026213 0.02407 0.0213136 0.0182979 0.0153234 0.0125958 0.0102189 0.00821349 0.00654958 0.00517624
 1.01306e-16 3.2267e-05 0.000189379 0.000900216 0.00346587 0.010808 0.0273002 0.05586 0.0925948 0.124355 0.135328 0.119384 0.0854897 0.0499548 0.0243605 0.0109294 0.00615087 0.00588502 0.00758675 0.0101188 0.0129819 0.0158388 0.0183647 0.0202568 0.0212903 0.0213679 0.0205382 0.0189756 0.0169306 0.0146681 0.0124137 0.010323 0.00847626 0.00689317 0.00555593 0.00443179
 1.01361e-16 2.97255e-05 0.000174453 0.000829244 0.00319259 0.00995577 0.0251476 0.0514561 0.0852971 0.11456 0.124687 0.110038 0.0788885 0.0462811 0.0229114 0.0108591 0.00692203 0.007308 0.00967254 0.0129361 0.0165699 0.0201622 0.0232958 0.0255807 0.0267315 0.0266325 0.0253608 0.023159 0.0203686 0.0173466 0.0143948 0.0117175 0.00941476 0.00750179 0.00594135 0.00467492
 1.01769e-16 2.8466e-05 0.000167058 0.000794087 0.00305723 0.00953363 0.0240813 0.0492744 0.0816811 0.109706 0.119408 0.105389 0.0755779 0.0443842 0.0220574 0.010598 0.00694968 0.00749027 0.00998043 0.0133861 0.0171931 0.0209907 0.0243566 0.0268915 0.0282971 0.0284423 0.0273877 0.0253596 0.0226851 0.0197109 0.0167333 0.0139579 0.0114927 0.00936633 0.00755934 0.00603231
 1.01639e-16 3.12356e-05 0.000183322 0.000871421 0.003355 0.0104622 0.0264268 0.0540731 0.0896335 0.120379 0.131006 0.11558 0.0827877 0.0484192 0.0236927 0.010768 0.00625533 0.00615422 0.00800399 0.0107003 0.0137484 0.0168031 0.019526 0.0215994 0.0227856 0.0229778 0.0222208 0.0206892 0.0186372 0.0163342 0.0140105 0.0118255 0.00986302 0.00814653 0.00666305 0.00538572
 1.01463e-16 3.03581e-05 0.000178168 0.000846912 0.00326062 0.0101679 0.0256834 0.0525524 0.0871137 0.116998 0.127335 0.112362 0.080527 0.0471865 0.023256 0.0108496 0.00668743 0.00689035 0.0090643 0.012117 0.0155303 0.0189152 0.0218825 0.0240683 0.0252056 0.0251838 0.024071 0.0220885 0.0195491 0.0167806 0.0140598 0.0115746 0.00941732 0.00760351 0.00610148 0.00486105
 1.02962e-16 1.7466e-05 0.00010246 0.00048694 0.00187456 0.0058455 0.0147657 0.0302154 0.0500966 0.0673119 0.0733373 0.0648994 0.0469169 0.0283091 0.0154744 0.00977578 0.00947534 0.0124507 0.0173434 0.0234077 0.0300676 0.0366771 0.0425072 0.0468591 0.049213 0.0493452 0.0473722 0.0437027 0.0389224 0.0336493 0.0284096 0.0235651 0.0193015 0.0156617 0.0126009 0.0100391
 1.04978e-16 2.29342e-05 0.000134584 0.000639706 0.00246283 0.00768003 0.0193993 0.0396944 0.0658017 0.0883811 0.096206 0.0849315 0.0609521 0.0358871 0.01801 0.00895599 0.006293 0.00713801 0.00972356 0.0132498 0.0173258 0.0216282 0.0258022 0.0294855 0.0323701 0.0342572 0.0350829 0.0349071 0.0338742 0.032163 0.029946 0.0273672 0.0245425 0.0215703 0.0185461 0.0155683
pSPR Fmed_Fpbrs
0.504612   0.6 0.325
Fs Fmed_Fpbrs
0.68   0.452356 1.55488
SSBpbr Bo_Bmed_Bpbrs
911052  414176  501079 250539
Ro
35197.1
SPR SPRFo_SPRFmed_SPRFpbrs
726974 366840 236266
log_Ro
10.2887
likeval ReclasPelacesDesembMPH_pf_preclas_ppelaces_ptallas_desvR_qrecl_qpela
 65.3992 15.3136 0.00856978 0.000477992 323.393 205.356 83.0602 0 16.2956 5.47066e-06 7.029e-05 1.44383e-14 0 0 0
q_reclas_q_pelaces
0.71789 3.29623
M
0.7
N
 36108.1 10729.4 3469 408.698 0.231162
 43781.8 16206 2690.51 646.39 74.4685
 22363.8 19821.7 4309.62 545.398 143.077
 32742.7 9464.94 3342.83 454.535 69.9984
 59575.8 15710.1 3726.11 1189.64 185.21
 41341.6 29407.4 7491.42 1745.77 643.268
 77883.2 19401.6 9968.61 2151.17 677.147
 74856.8 37310.4 7557.54 3494.18 983.223
 98865.9 34660.6 11548.1 1904.71 1110.45
 117379 45373.6 10104.7 2670.95 684.768
 65521.2 55019.6 15256.4 2867.94 939.905
 45482.3 29263.5 13347.4 2710.9 660.318
 46187.4 20566.6 7718.36 2674.02 661.042
 25074.3 19707.8 3664.97 881.031 367.673
 14632.4 9210.35 1276.3 97.9232 31.1237
 13374.8 5152.42 448.333 22.6407 2.11529
 10019.8 5758.62 975.849 55.851 2.98529
 11404.8 4483.15 1414.07 176.445 10.389
 12534.8 5270.94 1370.38 350.057 45.5016
 19943 5871.52 1764.14 386.38 110.051
 26291.6 9315.8 1928.73 484.23 134.363
 32786.8 12693.6 3824.82 729.056 232.321
 54194.3 15734 5003.05 1363.49 340.032
 75450.7 25818 5902.85 1661.62 560.415
 32642.9 36000 9787.36 1989.96 742.236
 37801.1 15690.2 14344.1 3543.88 981.899
pred_Ctot
 2512.39 3970.82 1646.67 196.886 0.111447
 2795.02 5609.31 1204.25 293.794 33.8747
 2397.97 9998.27 2655.37 339.877 89.2151
 797.24 1429.62 694.333 96.3085 14.8472
 256.458 450.001 151.94 49.6164 7.73382
 1638.97 6860.63 2344.31 556.249 205.159
 1981.39 3050.32 2151.31 473.508 149.208
 3652.98 10385.1 2781.74 1308.14 368.429
 5414.51 10610.5 4632.86 776.701 453.209
 4749.95 10774.7 3214.42 865.043 221.987
 4769.71 21076.9 7462.58 1423.23 466.79
 2940.17 10228.9 6026.24 1242.78 302.959
 4716.23 10042.4 4632.01 1623.73 401.651
 4775.98 13717.7 2877.74 696.12 290.601
 3122.29 6732.8 1036 79.9121 25.4062
 1289.5 2419.51 260.577 13.3211 1.24538
 717.602 2178.82 472.22 27.4229 1.46691
 570.786 1274.37 530.528 67.3226 3.96746
 513.096 1264.08 439.936 114.407 14.8851
 854.006 1463.61 586.92 130.837 37.3008
 525.742 1173.21 336.48 86.2232 23.951
 794.309 1908.48 790.959 153.799 49.0616
 1588.24 2811.72 1219.42 338.799 84.5779
 2130.53 4461.94 1393.83 400.049 135.064
 754.144 5181.72 1941.31 402.704 150.365
 868.631 2247.26 2831.7 713.79 197.98
F
 0.101133 0.683261 0.980218 1.00317 1.0044
 0.0924408 0.624535 0.895969 0.916944 0.918075
 0.159851 1.07996 1.54933 1.5856 1.58756
 0.0343737 0.232231 0.333162 0.340961 0.341382
 0.00600164 0.0405474 0.05817 0.0595318 0.0596052
 0.0565133 0.381807 0.547747 0.560569 0.561261
 0.0359398 0.242811 0.348341 0.356496 0.356936
 0.0699742 0.47275 0.678215 0.694092 0.694948
 0.0788338 0.532605 0.764085 0.781973 0.782937
 0.0577159 0.389932 0.559403 0.572499 0.573205
 0.106034 0.71637 1.02772 1.05178 1.05307
 0.093655 0.632739 0.907738 0.928988 0.930134
 0.151693 1.02485 1.47026 1.50468 1.50654
 0.301515 2.03705 2.92239 2.99081 2.9945
 0.343773 2.32255 3.33197 3.40997 3.41418
 0.142674 0.963914 1.38285 1.41522 1.41697
 0.104237 0.704229 1.0103 1.03395 1.03523
 0.0718223 0.485235 0.696127 0.712423 0.713302
 0.058399 0.394547 0.566024 0.579275 0.579989
 0.0611676 0.413251 0.592858 0.606737 0.607485
 0.0281527 0.190201 0.272866 0.279253 0.279598
 0.0341987 0.231048 0.331466 0.339225 0.339644
 0.0415023 0.280392 0.402255 0.411672 0.41218
 0.0399615 0.269982 0.387321 0.396388 0.396877
 0.0325894 0.220176 0.315868 0.323263 0.323662
 0.0324122 0.218978 0.31415 0.321505 0.321901
Np
 35197.1 16776.4 6841.42 2089.18 2289.12
YTP_r0W_actual
 7817.68 57080.3 99958.9 29550.9 8909.11
YTP_p0W_proyectada
 8355.77 69381.7 47408.9 51307.5 19009.2
 8355.77 64050.5 51818.4 20602.6 25077.1
CTP_r0_actual
 868.631 2247.26 2831.7 713.79 197.98
CTP_p0_proyectada
 1019 3212.12 1509.84 1279.49 427.173
 1019 2965.3 1650.27 513.779 563.53
Wmedp
 8.2 21.6 31.4 40.1 44.5
nmprior
 10.6 11 7 0
nm_flota  nm_reclas  nm_pelaces    nm_pelaL
inf 19.6812 17.1154 53.3018
cv_recla  cv_pelaces  cv_mph
0.715416 0.428676 0.595037
 ------------------------------------------------
Talla a la edad & desviaci?n 
 7.2 14.2025 17.0495 18.207 18.6776
 1.08 2.13037 2.55742 2.73105 2.80164
