years
 1997 1998 1999 2000 2001 2002 2003 2004 2005 2006 2007 2008 2009 2010 2011 2012 2013 2014 2015 2016 2017 2018 2019 2020 2021
reclasobs
 0 0 0 370054 412103 1.49427e+06 250295 1.28982e+06 931140 785840 897777 1.04006e+06 184774 17550 25797 100020 73551 82996 120727 218422 84188 347160 605670 569463 516374
reclaspred
 371408 102628 317386 236959 354807 424414 940236 628574 702172 635562 499767 335130 205752 96258.5 68686 71066.4 89663.4 122447 128050 185998 270539 246609 429065 542489 569482
pelacesobs
 0 0 0 0 0 0 0 0 0 2.06254e+06 1.5e+06 0 1.87456e+06 323000 250000 174000 83755 137374 0 501740 490994 745055 786931 1.00524e+06 1.33801e+06
pelacespred
 1.07464e+06 261641 503253 567481 726545 729685 1.83597e+06 1.5326e+06 1.51307e+06 1.38427e+06 981649 679026 415212 162585 114108 126121 166016 229125 247560 348511 561921 501591 688182 1.03337e+06 1.11959e+06
mphobs
 0 0 0 0 0 112323 0 153150 637223 0 255016 313432 73983 77613 109348 50772 0 0 0 0 0 0 0 0 0
mphpred
 138055 84333 104546 130114 140624 223095 338210 400047 343557 347614 324843 228718 140921 74589.6 36516.6 31942.7 39180.9 54399.7 67265 76575.4 116315 137893 172561 246945 322704
desembarqueobs
 350755 77701 442110 56441 14545 235359 269955 359681 431902 328805 639364 411747 362871 311530 167758 66681 60226 58785 57116 73181 50977 67692 138656 160484 209506
desembarquepred
 350761 77700.9 442105 56442.1 14545.1 235393 269981 359684 431932 328826 639579 411995 363204 311974 167801 66692 60244 58786.2 57112.4 73179.6 50977.2 67686.7 138655 160485 209504
Reclutas
 51253.1 66311.3 40089.4 66526.8 114526 82228.2 131743 123592 149758 146524 68168.2 40149.5 42928.4 23684.6 18515.1 23123.1 19069.1 21241.8 23652.8 44386.6 55156.7 70046.2 115018 134368 48180.3
log_desv_Rt
 -0.0833437 0.174242 -0.329008 0.177486 0.720681 0.389379 0.860734 0.796868 0.988901 0.967067 0.201859 -0.327508 -0.260586 -0.855294 -1.10153 -0.879288 -1.07205 -0.96415 -0.856638 -0.227182 -0.0099404 0.229036 0.724969 0.880466 -0.145169
SSB
 686142 419141 519599 646675 698909 1.1088e+06 1.68092e+06 1.98826e+06 1.7075e+06 1.72766e+06 1.61449e+06 1.13674e+06 700387 370715 181490 158757 194732 270370 334311 380584 578091 685338 857639 1.22733e+06 1.60386e+06
BT
 2.21113e+06 600128 1.14356e+06 1.07597e+06 1.31205e+06 1.49199e+06 3.47105e+06 3.15293e+06 3.1049e+06 2.79665e+06 2.33807e+06 1.59651e+06 1.10153e+06 592336 347499 281065 346713 457309 492611 683903 1.04766e+06 961767 1.32772e+06 1.98214e+06 2.17541e+06
Ftot
 0.438919 0.36539 0.532872 0.10159 0.0194423 0.188455 0.117625 0.230222 0.257229 0.204816 0.423115 0.392687 0.623074 1.09016 1.01227 0.398467 0.284007 0.192407 0.164439 0.172427 0.0785077 0.103142 0.122952 0.118178 0.118618
BD_Bspro_t
 0.946307 0.751621 0.712561 0.591044 0.7238 0.844761 0.816442 0.823632 0.775818 0.742838 0.708818 0.560904 0.44735 0.335977 0.218961 0.234644 0.349859 0.514309 0.62167 0.700696 0.795003 0.857129 0.861834 0.866014 0.8655
BD_Bspro
 0.599715 0.366345 0.45415 0.565219 0.610874 0.96913 1.46919 1.73782 1.49242 1.51005 1.41113 0.993559 0.612165 0.324019 0.158629 0.13876 0.170203 0.236314 0.292201 0.332646 0.505274 0.599012 0.74961 1.07273 1.40183
BD_Bo
 0.521641 0.318653 0.395027 0.491637 0.531348 0.842965 1.27793 1.51158 1.29813 1.31346 1.22742 0.864213 0.532471 0.281837 0.137978 0.120696 0.148045 0.20555 0.254161 0.28934 0.439495 0.52103 0.652022 0.933082 1.21934
BD_Brms
 1.81514 1.1088 1.37456 1.71073 1.84891 2.93323 4.44676 5.25979 4.51706 4.57041 4.27102 3.00717 1.85282 0.980698 0.480118 0.41998 0.515148 0.715244 0.884395 1.00681 1.5293 1.81301 2.26882 3.24681 4.24288
S_f
 0.187249 1 1 1 1
 0.187249 1 1 1 1
 0.187249 1 1 1 1
 0.187249 1 1 1 1
 0.187249 1 1 1 1
 0.187249 1 1 1 1
 0.187249 1 1 1 1
 0.187249 1 1 1 1
 0.187249 1 1 1 1
 0.187249 1 1 1 1
 0.187249 1 1 1 1
 0.187249 1 1 1 1
 0.187249 1 1 1 1
 0.187249 1 1 1 1
 0.187249 1 1 1 1
 0.187249 1 1 1 1
 0.187249 1 1 1 1
 0.187249 1 1 1 1
 0.187249 1 1 1 1
 0.187249 1 1 1 1
 0.187249 1 1 1 1
 0.187249 1 1 1 1
 0.187249 1 1 1 1
 0.187249 1 1 1 1
 0.187249 1 1 1 1
Scru_reclas
 1 1 1 1 1
 1 1 1 1 1
 1 1 1 1 1
 1 1 1 1 1
 1 1 1 1 1
 1 1 1 1 1
 1 1 1 1 1
 1 1 1 1 1
 1 1 1 1 1
 1 1 1 1 1
 1 1 1 1 1
 1 1 1 1 1
 1 1 1 1 1
 1 1 1 1 1
 1 1 1 1 1
 1 1 1 1 1
 1 1 1 1 1
 1 1 1 1 1
 1 1 1 1 1
 1 1 1 1 1
 1 1 1 1 1
 1 1 1 1 1
 1 1 1 1 1
 1 1 1 1 1
 1 1 1 1 1
Scru_pelaces
 1 1 1 1 1
 1 1 1 1 1
 1 1 1 1 1
 1 1 1 1 1
 1 1 1 1 1
 1 1 1 1 1
 1 1 1 1 1
 1 1 1 1 1
 1 1 1 1 1
 1 1 1 1 1
 1 1 1 1 1
 1 1 1 1 1
 1 1 1 1 1
 1 1 1 1 1
 1 1 1 1 1
 1 1 1 1 1
 1 1 1 1 1
 1 1 1 1 1
 1 1 1 1 1
 1 1 1 1 1
 1 1 1 1 1
 1 1 1 1 1
 1 1 1 1 1
 1 1 1 1 1
 1 1 1 1 1
pf_obs 
 0.256992 0.487395 0.22802 0.0275931 0
 0.321318 0.546541 0.124235 0.00734118 0.000564706
 0.182869 0.594174 0.210203 0.0122559 0.00049798
 0.330522 0.361315 0.267642 0.0388342 0.00168674
 0.649043 0.306663 0.0425973 0.00169635 0
 0.582887 0.30429 0.105238 0.00758474 0
 0.465427 0.430635 0.0974691 0.00646863 0
 0.296916 0.608066 0.0921331 0.00288517 0
 0.311714 0.524322 0.152257 0.0117073 0
 0.15457 0.633149 0.183074 0.0267441 0.00246327
 0.131901 0.49318 0.331252 0.0422183 0.00144891
 0.196976 0.569456 0.194076 0.0375587 0.00193317
 0.518974 0.381816 0.0799577 0.0180837 0.00116848
 0.0928022 0.601141 0.25162 0.0475244 0.00691264
 0.122501 0.610282 0.24278 0.0234846 0.000952079
 0.383417 0.481906 0.127806 0.00687128 0
 0.0376549 0.599619 0.316969 0.0457579 0
 0.0361596 0.667082 0.258105 0.0386534 0
 0.158088 0.579412 0.248529 0.0139706 0
 0.0477256 0.309471 0.559284 0.082774 0.000745712
 0.0406174 0.521527 0.379366 0.0568643 0.0016247
 0.151134 0.462217 0.34131 0.0453401 0
 0.294876 0.26143 0.354403 0.0886775 0.000613685
 0.281977 0.475581 0.204845 0.0348837 0.00271318
 0.0354234 0.537034 0.353287 0.0723622 0.0018943
pf_pred 
 0.33863 0.465516 0.175031 0.0208119 1.11087e-05
 0.31651 0.52678 0.110303 0.0414731 0.00493396
 0.179029 0.612277 0.160845 0.0336795 0.0141698
 0.3007 0.419495 0.208677 0.0548195 0.0163081
 0.320006 0.480326 0.119776 0.0595825 0.0203087
 0.172344 0.593559 0.165359 0.0412345 0.0275036
 0.263429 0.403723 0.238704 0.0665002 0.0276435
 0.207616 0.529631 0.144018 0.0851516 0.0335834
 0.241124 0.462029 0.198414 0.0539529 0.0444812
 0.214542 0.515699 0.164238 0.0705305 0.0349906
 0.114885 0.545116 0.22323 0.0710935 0.0456767
 0.111964 0.406876 0.296331 0.12135 0.0634777
 0.193037 0.360975 0.204341 0.148823 0.0928241
 0.172941 0.523005 0.136011 0.0769932 0.0910498
 0.247356 0.494446 0.163276 0.0424611 0.0524611
 0.326545 0.500228 0.1138 0.0375792 0.021847
 0.218837 0.591626 0.140784 0.0320279 0.0167249
 0.230121 0.485482 0.215393 0.0512552 0.0177494
 0.226723 0.491504 0.177685 0.078833 0.0252554
 0.327538 0.422365 0.158965 0.0574677 0.0336648
 0.268607 0.539727 0.120383 0.0453082 0.0259746
 0.252552 0.500999 0.181866 0.040564 0.0240194
 0.301355 0.457037 0.161945 0.0587871 0.0208762
 0.249984 0.531802 0.14275 0.0505817 0.0248819
 0.0860029 0.596528 0.225103 0.0604237 0.0319425
pobs_RECLAS
 0 0 0 0 0
 0 0 0 0 0
 0 0 0 0 0
 0 0 0 0 0
 0.835266 0.146461 0.0176864 0.000547809 3.91292e-05
 0.385257 0.428462 0.181853 0.0044286 0
 0.867414 0.0963971 0.0333333 0.00285562 0
 0.441836 0.489002 0.0689373 0.000224442 0
 0.779404 0.147425 0.0564933 0.0165055 0.000172143
 0.814271 0.122319 0.05973 0.00367925 0
 0.40263 0.566651 0.0304383 0.000280538 0
 0.475488 0.404961 0.113038 0.00651328 0
 0.955842 0.0263864 0.0167828 0.000988607 0
 0.975058 0.0227948 0.00214734 0 0
 0.738997 0.206755 0.0527124 0.00153531 0
 0.850938 0.134255 0.0134407 0.00136685 0
 0.542534 0.407297 0.0501686 0 0
 0.764087 0.199537 0.0359546 0.000420521 0
 0.470689 0.182191 0.310203 0.0369168 0
 0.84361 0.089868 0.0606195 0.00523954 0.000663233
 0.607945 0.314616 0.071237 0.00620181 0
 0.523733 0.453247 0.0230204 0 0
 0.530135 0.295979 0.169645 0.0042399 0
 0.562478 0.366248 0.0663022 0.0049721 0
 0.250443 0.683176 0.0655157 0.000865301 0
ppred_RECLAS
 0.737694 0.184628 0.0694189 0.00825419 4.40581e-06
 0.716635 0.218396 0.04573 0.0171942 0.00204555
 0.546964 0.337872 0.0887589 0.0185853 0.00781929
 0.697734 0.181323 0.0901989 0.0236952 0.00704902
 0.715551 0.200926 0.0501036 0.024924 0.00849533
 0.529082 0.337722 0.0940854 0.0234615 0.0156489
 0.657724 0.187606 0.110923 0.0309019 0.0128456
 0.586339 0.276492 0.075184 0.0444531 0.0175321
 0.632617 0.223675 0.0960549 0.0261194 0.021534
 0.595999 0.26525 0.0844761 0.0362775 0.0179974
 0.415898 0.35973 0.147313 0.0469157 0.0301428
 0.408284 0.27111 0.197452 0.0808581 0.0422965
 0.571796 0.191546 0.108431 0.078971 0.0492558
 0.55149 0.283623 0.073758 0.041753 0.0493759
 0.656808 0.225458 0.074451 0.0193615 0.0239213
 0.726386 0.203235 0.0462353 0.0152678 0.00887611
 0.603329 0.300425 0.0714896 0.0162636 0.00849284
 0.617318 0.241317 0.107065 0.0254773 0.00882267
 0.612349 0.246396 0.089075 0.0395198 0.0126608
 0.72417 0.173245 0.065204 0.023572 0.0138086
 0.663191 0.248547 0.0554368 0.0208646 0.0119614
 0.644633 0.238195 0.0864663 0.0192858 0.0114198
 0.69864 0.197142 0.0698548 0.0253577 0.00900493
 0.641693 0.254059 0.0681963 0.0241645 0.0118869
 0.335814 0.433487 0.163578 0.0439089 0.0232121
pobs_PELACES
 0 0 0 0 0
 0 0 0 0 0
 0 0 0 0 0
 0 0 0 0 0
 0 0 0 0 0
 0 0 0 0 0
 0 0 0 0 0
 0 0 0 0 0
 0 0 0 0 0
 0 0 0 0 0
 0.450072 0.473896 0.0757376 0.000293798 0
 0 0 0 0 0
 0.463077 0.371075 0.160297 0.00555027 0
 0.529543 0.364841 0.0842815 0.0213345 0
 0.631943 0.363953 0.00410389 0 0
 0.735681 0.248677 0.0153453 0.000297389 0
 0.695825 0.281241 0.0229344 0 0
 0.275771 0.60734 0.115278 0.00161068 0
 0 0 0 0 0
 0.896147 0.0623911 0.0374545 0.00400742 0
 0.803859 0.145111 0.0509908 3.86294e-05 0
 0.739449 0.233085 0.0266225 0.000797448 4.60066e-05
 0.878498 0.100942 0.0204185 0.000141795 0
 0.694673 0.275183 0.0284847 0.00165964 0
 0.469039 0.446079 0.0841089 0.000773354 0
ppred_PELACES
 0.759829 0.169048 0.0635611 0.00755767 4.03403e-06
 0.736107 0.203388 0.0425876 0.0160127 0.00190499
 0.582084 0.31168 0.0818783 0.0171446 0.00721314
 0.703449 0.177894 0.0884934 0.0232472 0.00691573
 0.716612 0.200177 0.0499169 0.0248311 0.00846367
 0.541655 0.328705 0.0915736 0.0228352 0.0152311
 0.66479 0.183732 0.108633 0.0302639 0.0125804
 0.601231 0.266538 0.0724773 0.0428527 0.0169009
 0.6485 0.214005 0.0919022 0.0249902 0.020603
 0.609153 0.256614 0.0817256 0.0350963 0.0174114
 0.443702 0.342607 0.140301 0.0446825 0.028708
 0.433953 0.259349 0.188886 0.0773505 0.0404617
 0.612135 0.173501 0.0982159 0.0715315 0.0446157
 0.622244 0.238881 0.0621225 0.0351664 0.0415867
 0.715164 0.187121 0.0617913 0.0160692 0.0198537
 0.747106 0.187845 0.042734 0.0141117 0.00820395
 0.621408 0.286733 0.0682313 0.0155224 0.00810577
 0.629433 0.233678 0.103675 0.0246708 0.00854336
 0.622765 0.239775 0.0866816 0.0384579 0.0123206
 0.733311 0.167504 0.0630431 0.0227908 0.013351
 0.667878 0.245088 0.0546653 0.0205743 0.011795
 0.650945 0.233965 0.0849306 0.0189432 0.011217
 0.705537 0.19263 0.0682561 0.0247774 0.00879884
 0.648948 0.248915 0.0668156 0.0236753 0.0116462
 0.342947 0.428831 0.161822 0.0434374 0.0229628
pobs_pel_tallas
 0 0 0 0 0 0 0 0 0 0 0 0 0 0 0 0 0 0 0 0 0 0 0 0 0 0 0 0 0 0 0 0 0 0 0 0
 0 0 0 0 0 0 0 0 0 0 0 0 0 0 0 0 0 0 0 0 0 0 0 0 0 0 0 0 0 0 0 0 0 0 0 0
 0 0 0 0 0 0 0 0 0 0 0 0 0 0 0 0 0 0 0 0 0 0 0 0 0 0 0 0 0 0 0 0 0 0 0 0
 0 0 0 0 0 0 0 0 0 0 0 0 0 0 0 0 0 0 0 0 0 0 0 0 0 0 0 0 0 0 0 0 0 0 0 0
 0 0 0 0 0 0 0 0 0 0 0 0 0 0 0 0 0 0 0 0 0 0 0 0 0 0 0 0 0 0 0 0 0 0 0 0
 0 0 0 0 0 0 0 0 0 0 0 0 0 0 0 0 0 0 0 0 0 0 0 0 0 0 0 0 0 0 0 0 0 0 0 0
 0 0 0 0 0 0 0 0 0 0 0 0 0 0 0 0 0 0 0 0 0 0 0 0 0 0 0 0 0 0 0 0 0 0 0 0
 0 0 0 0 0 0 0 0 0 0 0 0 0 0 0 0 0 0 0 0 0 0 0 0 0 0 0 0 0 0 0 0 0 0 0 0
 0 0 0 0 0 0 0 0 0 0 0 0 0 0 0 0 0 0 0 0 0 0 0 0 0 0 0 0 0 0 0 0 0 0 0 0
 0 0 0 0 0 0 0 0 0 0 0 0 0 0 0 0 0 0 0 0 0 0 0 0 0 0 0 0 0 0 0 0 0 0 0 0
 0 0 0 0 0 0 0 0 1.78061e-05 0.00172719 0.00360574 0.0105946 0.0120993 0.0124554 0.0147524 0.0171206 0.0266825 0.0428682 0.0675386 0.121331 0.153587 0.119568 0.100827 0.0573624 0.0630603 0.0341343 0.0324427 0.0444173 0.0211091 0.0280891 0.0125444 0.00206551 0 0 0 0
 0 0 0 0 0 0 0 0 0 0 0 0 0 0 0 0 0 0 0 0 0 0 0 0 0 0 0 0 0 0 0 0 0 0 0 0
 0 0 0 0 0 0 0.0133647 0.0140871 0.0187388 0.0205184 0.03894 0.0496705 0.03968 0.0493445 0.0407372 0.0367815 0.0215668 0.0243155 0.0234873 0.0199281 0.019796 0.0243948 0.0301388 0.0376714 0.0412746 0.0863199 0.0771752 0.113111 0.0741005 0.0525337 0.0229764 0.00759418 0.00175318 0 0 0
 0 0 0 0 0 0 0 0 0 0 0.00219441 0.00772107 0.0458388 0.0604681 0.0671733 0.0775358 0.0609151 0.0617685 0.073594 0.0568108 0.0755445 0.0548602 0.0670107 0.0636378 0.0643287 0.046367 0.0373049 0.0286899 0.0247887 0.0153202 0.00654259 0.00121912 0.000365735 0 0 0
 0 0 0 0 0 0 0 0 0 0 0 0 0.000112435 0.00938835 0.0111873 0.0202946 0.0414886 0.0713402 0.111592 0.104902 0.108894 0.110636 0.117776 0.105296 0.107544 0.0401394 0.0192827 0.0124803 0.00416011 0.0028671 0.000618394 0 0 0 0 0
 0 0 0 0 0 0 0 0 0 0 0.00291406 0.0102884 0.027416 0.0768956 0.0749926 0.110853 0.0956884 0.0897413 0.0766577 0.0534642 0.0500743 0.0551293 0.0594112 0.0620874 0.0668451 0.0424026 0.0208742 0.0120726 0.0048766 0.00582813 0.00118941 0.000297354 0 0 0 0
 0 0.00264628 0.0354308 0.0461629 0.0458689 0.0383711 0.0214643 0.0164657 0.0346957 0.0420465 0.0363128 0.0245516 0.0311673 0.0291091 0.0169068 0.0133784 0.00837989 0.0085269 0.0148486 0.0160247 0.0276389 0.0546898 0.0760071 0.122758 0.109233 0.0665981 0.0333725 0.0166128 0.00676272 0.00308733 0.000882094 0 0 0 0 0
 0 0 0 0 0 0 0 0.000805153 0.000690131 0.00759144 0.0133425 0.0154129 0.00931677 0.000345066 0.00356568 0.00563607 0.00851162 0.0253048 0.0502646 0.0516448 0.0657925 0.0565908 0.0611916 0.0827007 0.0866115 0.110766 0.145733 0.0935128 0.0569358 0.0249597 0.0138026 0.00621118 0.00161031 0.00115022 0 0
 0 0 0 0 0 0 0 0 0 0 0 0 0 0 0 0 0 0 0 0 0 0 0 0 0 0 0 0 0 0 0 0 0 0 0 0
 0.00147267 0.00158595 0.00478618 0.00569244 0.00954404 0.0108468 0.00647125 0.017049 0.0510054 0.094081 0.124002 0.0959785 0.0687766 0.0820023 0.061753 0.0591476 0.0492212 0.0479892 0.0443925 0.0268479 0.0217502 0.0140895 0.0121071 0.0120363 0.00920419 0.00665534 0.0049561 0.00860946 0.00930331 0.0156896 0.0114698 0.00855282 0.00243557 0.00046729 0 2.83206e-05
 0 0 0 0 0.000772559 0.00158375 0.000888443 0.00281984 0.00712685 0.0440552 0.0773331 0.111326 0.0921469 0.0852325 0.0710754 0.0886704 0.0786465 0.0553345 0.0373146 0.0185414 0.00753245 0.00457741 0.012979 0.0271748 0.0457355 0.0583668 0.034881 0.0177882 0.00938659 0.00492506 0.0015258 0.00185414 0.000309023 5.79419e-05 3.86279e-05 0
 0 0.00173294 0.00326652 0 0.00397197 0.00683976 0.00946217 0.0152591 0.00757587 0.0136028 0.0228656 0.0392903 0.0559909 0.0764795 0.0681675 0.0726916 0.0566044 0.0477403 0.0527397 0.0444891 0.0609904 0.0582453 0.0661739 0.0445044 0.0529084 0.0360697 0.0280645 0.0235558 0.0158879 0.00826598 0.00280645 0.00217768 0.000904811 0.00058276 9.20147e-05 0
 0 0 0 0 0 0 0 0 0 0 0 0 0 0 0 0 0 0 0 0 0 0 0 0 0 0 0 0 0 0 0 0 0 0 0 0
 0 0 0 0 0 0 0 0 0 0 0 0 0 0 0 0 0 0 0 0 0 0 0 0 0 0 0 0 0 0 0 0 0 0 0 0
 0 0 0 0 0 0 0 0 0 0 0 0 0 0 0 0 0 0 0 0 0 0 0 0 0 0 0 0 0 0 0 0 0 0 0 0
ppred_pel_tallas
 1.01218e-16 3.31517e-05 0.000194575 0.000924926 0.00356102 0.0111047 0.0280496 0.0573932 0.0951354 0.127764 0.139031 0.122633 0.0877783 0.0512155 0.0248327 0.0109004 0.00579939 0.00526842 0.0066946 0.00892534 0.0114793 0.0140545 0.0163679 0.0181539 0.0192105 0.0194423 0.0188767 0.017649 0.0159615 0.0140329 0.0120538 0.0101611 0.00843328 0.00690135 0.00556647 0.00441661
 1.01311e-16 3.21187e-05 0.000188507 0.000896071 0.00344991 0.0107582 0.0271744 0.0556027 0.0921687 0.123783 0.134708 0.118841 0.0851107 0.0497527 0.0242978 0.0109616 0.00625247 0.00605092 0.00782237 0.0104298 0.0133672 0.0162867 0.0188516 0.0207492 0.0217497 0.0217572 0.0208288 0.0191526 0.0169951 0.0146357 0.0123103 0.0101788 0.00832049 0.00674898 0.00543847 0.00434784
 1.02191e-16 2.5407e-05 0.000149094 0.000708672 0.00272834 0.008508 0.0214907 0.0439743 0.0728978 0.0979161 0.106596 0.0941282 0.0676054 0.0399098 0.0202194 0.010357 0.00763249 0.00884037 0.0119864 0.0161171 0.0207026 0.0252684 0.0293095 0.0323452 0.0340178 0.0341713 0.0328818 0.0304253 0.0271985 0.0236209 0.0200498 0.0167314 0.0137928 0.0112651 0.00912072 0.00730883
 1.02437e-16 3.06937e-05 0.000180144 0.000856314 0.00329684 0.0102809 0.0259687 0.0531356 0.0880788 0.118289 0.128727 0.113559 0.0813163 0.0475115 0.0231618 0.0103829 0.00583931 0.00560008 0.00725605 0.00974204 0.0126037 0.0155418 0.0182649 0.0204934 0.022007 0.0226886 0.0225429 0.0216813 0.020283 0.0185455 0.0166433 0.0147043 0.0128075 0.0109942 0.00928611 0.00769843
 1.02023e-16 3.12684e-05 0.000183516 0.000872343 0.00335855 0.0104733 0.0264548 0.0541303 0.0897281 0.120506 0.131143 0.115698 0.0828648 0.0484504 0.0236821 0.0107194 0.00616653 0.00601712 0.00780788 0.0104359 0.0134118 0.0163987 0.0190686 0.0211146 0.0223078 0.0225471 0.0218772 0.0204684 0.0185654 0.0164256 0.0142654 0.0122311 0.010395 0.00877204 0.00734444 0.0060845
 1.02904e-16 2.36448e-05 0.000138747 0.000659477 0.00253892 0.00791729 0.0199987 0.0409216 0.0678384 0.0911241 0.0992114 0.087631 0.0629897 0.0372875 0.0190807 0.0100847 0.00781574 0.00930637 0.0127059 0.0171164 0.0220145 0.0269112 0.0312776 0.0346082 0.0365241 0.0368563 0.0356776 0.0332682 0.0300342 0.0264048 0.022745 0.0193052 0.0162144 0.013505 0.0111523 0.00911118
 1.0323e-16 2.90083e-05 0.000170248 0.000809267 0.0031157 0.009716 0.0245419 0.0502162 0.0832401 0.111793 0.121662 0.107337 0.0768853 0.0449715 0.0220159 0.0100279 0.00586657 0.00582776 0.00764216 0.0103048 0.0133803 0.016571 0.0195803 0.0221182 0.0239511 0.0249462 0.0250908 0.024479 0.023273 0.0216562 0.0197924 0.0178049 0.0157746 0.0137526 0.0117761 0.00988032
 1.03378e-16 2.624e-05 0.000153989 0.000731953 0.00281799 0.00878758 0.0221969 0.0454188 0.0752907 0.101125 0.110077 0.0971712 0.0697239 0.0410258 0.0205366 0.0101157 0.0069624 0.00775214 0.0104284 0.0140349 0.0180811 0.0221597 0.025844 0.0287274 0.0305033 0.0310311 0.0303608 0.0287057 0.0263761 0.0236983 0.0209461 0.0183032 0.0158601 0.013637 0.0116164 0.00977263
 1.03196e-16 2.82991e-05 0.000166082 0.000789456 0.00303941 0.00947808 0.0239409 0.0489869 0.0812034 0.10906 0.118697 0.10474 0.075065 0.0439885 0.0216865 0.010133 0.00627657 0.00651127 0.00862007 0.0116042 0.0150033 0.0184777 0.0216824 0.0242854 0.0260282 0.0267788 0.0265526 0.025493 0.0238229 0.0217836 0.019583 0.0173681 0.0152227 0.0131828 0.0112601 0.00946115
 1.03264e-16 2.65851e-05 0.000156015 0.00074159 0.0028551 0.0089033 0.0224892 0.0460168 0.0762816 0.102455 0.111521 0.098439 0.0706177 0.0415199 0.0207251 0.0101119 0.00683736 0.00753012 0.0101073 0.0136066 0.0175439 0.0215246 0.0251368 0.0279866 0.0297745 0.0303588 0.0297803 0.0282367 0.0260203 0.0234411 0.020762 0.0181623 0.0157353 0.0135084 0.0114735 0.00961381
 1.0498e-16 1.93743e-05 0.000113673 0.000540272 0.00207994 0.00648599 0.0163834 0.0335245 0.0555783 0.0746632 0.0813094 0.0718658 0.0517608 0.0308484 0.0161711 0.00917482 0.00786849 0.00985871 0.0136493 0.0184954 0.0239223 0.0294475 0.0345299 0.0386404 0.0413677 0.0425039 0.0420783 0.0403258 0.0376084 0.0343161 0.0307846 0.0272496 0.0238435 0.0206208 0.0175959 0.0147744
 1.07315e-16 1.89458e-05 0.000111165 0.000528366 0.00203413 0.00634315 0.0160225 0.0327855 0.0543511 0.0730087 0.0794919 0.0702221 0.050496 0.0299331 0.0153984 0.00828118 0.00661359 0.00804885 0.0111434 0.015224 0.0199196 0.0248812 0.0297119 0.0340059 0.0374212 0.0397411 0.0409013 0.0409736 0.0401179 0.0385237 0.0363626 0.0337668 0.0308335 0.0276437 0.0242837 0.020856
 1.05994e-16 2.67117e-05 0.000156766 0.000745178 0.00286894 0.0089465 0.0225982 0.0462392 0.076648 0.10294 0.11203 0.0988444 0.0708126 0.0414416 0.0203302 0.00933457 0.0055701 0.00563548 0.00745203 0.0101061 0.0132081 0.0164947 0.0197007 0.022563 0.0248645 0.0264726 0.0273554 0.0275672 0.0272143 0.0264141 0.0252629 0.0238237 0.0221328 0.0202165 0.0181107 0.0158719
 1.04112e-16 2.71551e-05 0.000159364 0.000757512 0.00291641 0.00909451 0.0229721 0.0470048 0.0779187 0.104652 0.113906 0.10053 0.0720878 0.0423232 0.0210126 0.0100638 0.00656171 0.00705424 0.00941249 0.0126626 0.0163319 0.0200512 0.0234414 0.0261422 0.0278819 0.0285351 0.0281442 0.0268935 0.0250502 0.0228918 0.0206461 0.0184597 0.0163976 0.0144659 0.0126431 0.0109072
 1.02419e-16 3.12048e-05 0.000183144 0.000870575 0.00335175 0.0104521 0.0264012 0.0540206 0.0895459 0.12026 0.130873 0.115453 0.0826761 0.0483128 0.0235643 0.0105816 0.0059724 0.00573709 0.00742052 0.00993085 0.0127948 0.0156961 0.018329 0.0204053 0.0217062 0.0221285 0.0217022 0.0205717 0.018951 0.0170672 0.0151126 0.0132188 0.0114542 0.00983849 0.00836509 0.00702064
 1.01537e-16 3.25976e-05 0.000191321 0.000909449 0.00350143 0.0109189 0.0275802 0.0564329 0.0935443 0.125629 0.136713 0.120599 0.086347 0.0504297 0.0245435 0.010929 0.00603475 0.00567494 0.00727775 0.00969807 0.0124407 0.015179 0.0176022 0.0194216 0.0204242 0.020519 0.019755 0.0183005 0.0163954 0.014291 0.0121993 0.0102634 0.00855382 0.00708288 0.00582875 0.00475743
 1.01975e-16 2.71207e-05 0.000159157 0.000756519 0.00291257 0.00908252 0.0229419 0.0469433 0.0778181 0.104521 0.113774 0.10044 0.0720791 0.0424309 0.021275 0.010535 0.00731698 0.0081822 0.0109977 0.0147612 0.0189456 0.0231048 0.0267724 0.0295074 0.0309833 0.0310611 0.0298161 0.0275079 0.0245072 0.0212036 0.0179278 0.0149056 0.0122507 0.0099867 0.00808197 0.00648364
 1.02795e-16 2.74685e-05 0.000161204 0.00076626 0.00295009 0.00919955 0.0232374 0.0475476 0.0788183 0.10586 0.115219 0.101687 0.0729103 0.0427932 0.0212226 0.0101267 0.00655623 0.00701982 0.00936708 0.0126186 0.0163039 0.0200574 0.0235004 0.0262677 0.0280747 0.0287765 0.0283915 0.0270807 0.0250949 0.0227076 0.0201578 0.0176184 0.0151916 0.0129251 0.0108355 0.00892863
 1.03206e-16 2.7178e-05 0.000159498 0.000758148 0.00291886 0.00910214 0.0229914 0.0470442 0.0779841 0.10474 0.114002 0.100617 0.0721528 0.0423675 0.0210465 0.0101005 0.00661433 0.00713505 0.00953408 0.012838 0.0165735 0.0203682 0.0238368 0.0266095 0.0284021 0.0290751 0.0286573 0.0273225 0.0253333 0.0229707 0.0204747 0.0180119 0.0156729 0.0134906 0.0114678 0.0095999
 1.02357e-16 3.19953e-05 0.000187786 0.000892651 0.00343676 0.0107172 0.0270708 0.0553905 0.0918159 0.123306 0.134182 0.118359 0.084727 0.0494511 0.0240073 0.0105906 0.00571237 0.00526494 0.00673111 0.00900224 0.011616 0.0142817 0.0167247 0.0186856 0.0199654 0.0204655 0.0202045 0.0193021 0.0179395 0.0163111 0.0145831 0.0128708 0.011237 0.0097051 0.00827765 0.00695275
 1.02114e-16 2.91452e-05 0.000171047 0.000813054 0.00313026 0.00976138 0.0246566 0.0504514 0.0836315 0.112323 0.122252 0.107888 0.0773441 0.0453699 0.0224513 0.0106271 0.00675825 0.0071287 0.00944374 0.0126513 0.0162419 0.019822 0.0229924 0.0253782 0.0267019 0.0268451 0.0258714 0.0239996 0.0215415 0.0188233 0.0161194 0.0136143 0.0113979 0.00948498 0.00784639 0.00643804
 1.02457e-16 2.84065e-05 0.000166711 0.000792441 0.0030509 0.0095139 0.0240314 0.0491722 0.0815111 0.109475 0.119152 0.105151 0.0753813 0.0442164 0.0218775 0.0103528 0.0065851 0.00695708 0.00923918 0.0124157 0.0160014 0.0196244 0.0229043 0.0254777 0.0270674 0.0275406 0.0269322 0.0254226 0.0232815 0.0207984 0.0182228 0.01573 0.013417 0.0113192 0.00943582 0.0077539
 1.02295e-16 3.07853e-05 0.00018068 0.000858862 0.00330665 0.0103115 0.026046 0.0532938 0.0883414 0.118643 0.129115 0.113908 0.0815804 0.0476948 0.0233046 0.0105362 0.00604714 0.00589548 0.00766048 0.0102631 0.0132301 0.0162392 0.0189754 0.0211405 0.0225065 0.0229634 0.022538 0.0213752 0.0196921 0.0177212 0.0156616 0.013652 0.0117682 0.0100369 0.00845813 0.00702384
 1.02388e-16 2.832e-05 0.000166201 0.000790017 0.00304156 0.00948478 0.0239579 0.0490219 0.0812623 0.109142 0.118793 0.104842 0.0751765 0.0441301 0.0218971 0.0104649 0.00679014 0.00726822 0.00967294 0.0129813 0.0166919 0.0204106 0.0237332 0.0262775 0.0277574 0.0280452 0.0271956 0.0254195 0.0230217 0.0203239 0.0175983 0.0150304 0.012714 0.0106714 0.00888278 0.00731488
 1.05003e-16 1.49844e-05 8.78929e-05 0.000417691 0.00160795 0.00501407 0.0126655 0.0259182 0.0429733 0.0577452 0.0629259 0.0557137 0.0403369 0.0244606 0.0135931 0.00892917 0.00900685 0.0120331 0.0168623 0.02286 0.0295179 0.0362464 0.042367 0.0472165 0.0502848 0.051323 0.0503864 0.047794 0.0440273 0.0396039 0.0349696 0.0304382 0.0261842 0.0222739 0.018713 0.0154875
pSPR Fmed_Fpbrs
0.703162   0.337384 0.337384
Fs Fmed_Fpbrs
0.221821   1.005 1.005
SSBpbr Bo_Bmed_Bpbrs
1.31535e+06  859138  378011 378011
Ro
55707.7
SPR SPRFo_SPRFmed_SPRFpbrs
1.14411e+06 804497 386006
log_Ro
10.7479
likeval ReclasPelacesDesembMPH_pf_preclas_ppelaces_ptallas_desvR_qrecl_qpela
 64.6581 27.1591 0.0179133 0.000188336 316.243 198.823 77.9856 0 15.708 8.02489e-05 0 0 0 0 0
q_reclas_q_pelaces
0.280997 1
M
0.7
N
 51253.1 15332.2 5764.8 685.459 0.365874
 66311.3 23443.4 4908.83 1845.69 219.577
 40089.4 30751.6 8078.43 1691.55 711.676
 66526.8 18017.3 8962.68 2354.49 700.43
 114526 32413.7 8082.82 4020.79 1370.48
 82228.2 56665.2 15786.3 3936.53 2625.68
 131743 39417.5 23305.9 6492.75 2698.98
 123592 63996.5 17402 10289.1 4057.95
 149758 58784.5 25244.4 6864.5 5659.41
 146524 70870.5 22570.6 9692.73 4808.62
 68168.2 70023.8 28675.3 9132.44 5867.48
 40149.5 31272.8 22776.3 9327.08 4878.95
 42928.4 18524.2 10486.2 7637.21 4763.49
 23684.6 18970.1 4933.29 2792.64 3302.5
 18515.1 9589.73 3166.73 823.529 1017.48
 23123.1 7606.77 1730.52 571.452 332.219
 19069.1 10657 2535.96 576.922 301.268
 21241.8 8979 3983.7 947.967 328.276
 23652.8 10175.1 3678.41 1632 522.837
 44386.6 11389.5 4286.64 1549.67 907.805
 55156.7 21341.4 4760.07 1791.54 1027.07
 70046.2 26990.3 9797.65 2185.3 1294
 115018 34118.6 12089.5 4388.56 1558.45
 134368 55816.3 14982.6 5308.9 2611.53
 48180.3 65265 24628.1 6610.85 3494.77
pred_Ctot
 2922.07 4016.98 1510.36 179.588 0.0958578
 3166.2 5269.62 1103.41 414.875 49.3567
 2753.7 9417.61 2474 518.034 217.949
 902.506 1259.05 626.313 164.532 48.9462
 299.365 449.344 112.05 55.7392 18.9987
 2054.57 7076.01 1971.3 491.57 327.879
 2066.59 3167.18 1872.62 521.689 216.861
 3759.6 9590.81 2607.95 1541.97 608.144
 5078.68 9731.49 4179.09 1136.38 936.887
 3973.58 9551.37 3041.89 1306.31 648.068
 3751.34 17799.7 7289.14 2321.43 1491.49
 2055.66 7470.23 5440.64 2227.99 1165.45
 3422.71 6400.38 3623.13 2638.76 1645.85
 3182.3 9623.83 2502.74 1416.75 1675.41
 2324.38 4646.27 1534.29 399.003 492.973
 1200.76 1839.43 418.464 138.186 80.3355
 712.436 1926.07 458.331 104.269 54.4489
 541.708 1142.83 507.038 120.656 41.7824
 516.703 1120.14 404.943 179.661 57.5572
 1016.07 1310.24 493.133 178.273 104.433
 579.349 1164.12 259.649 97.7237 56.0238
 964.64 1913.6 694.65 154.937 91.7439
 1885.12 2858.99 1013.05 367.742 130.591
 2117.59 4504.84 1209.22 428.473 210.772
 762.099 5286.02 1994.71 535.434 283.052
F
 0.0821874 0.438919 0.438919 0.438919 0.438919
 0.0684192 0.36539 0.36539 0.36539 0.36539
 0.0997801 0.532872 0.532872 0.532872 0.532872
 0.0190227 0.10159 0.10159 0.10159 0.10159
 0.00364056 0.0194423 0.0194423 0.0194423 0.0194423
 0.035288 0.188455 0.188455 0.188455 0.188455
 0.0220251 0.117625 0.117625 0.117625 0.117625
 0.043109 0.230222 0.230222 0.230222 0.230222
 0.048166 0.257229 0.257229 0.257229 0.257229
 0.0383517 0.204816 0.204816 0.204816 0.204816
 0.0792281 0.423115 0.423115 0.423115 0.423115
 0.0735304 0.392687 0.392687 0.392687 0.392687
 0.11667 0.623074 0.623074 0.623074 0.623074
 0.204132 1.09016 1.09016 1.09016 1.09016
 0.189548 1.01227 1.01227 1.01227 1.01227
 0.0746128 0.398467 0.398467 0.398467 0.398467
 0.0531802 0.284007 0.284007 0.284007 0.284007
 0.0360281 0.192407 0.192407 0.192407 0.192407
 0.0307912 0.164439 0.164439 0.164439 0.164439
 0.0322869 0.172427 0.172427 0.172427 0.172427
 0.0147005 0.0785077 0.0785077 0.0785077 0.0785077
 0.0193132 0.103142 0.103142 0.103142 0.103142
 0.0230227 0.122952 0.122952 0.122952 0.122952
 0.0221288 0.118178 0.118178 0.118178 0.118178
 0.0222111 0.118618 0.118618 0.118618 0.118618
YTP_r0W_actual
 8611.71 106778 61636.5 21042.5 11435.3
YTP_p0W_proyectada
 55195 238131 426200 211121 93215
CTP_r0_actual
 762.099 5286.02 1994.71 535.434 283.052
CTP_p0_proyectada
 6493.52 11285.8 13882.7 5238.72 2026.41
Wmedp
 8.5 21.1 30.7 40.3 46
nmprior
 10.6 11 7 0
nm_flota  nm_reclas  nm_pelaces    nm_pelaL
inf 13.7592 20.8652 51.9098
cv_recla  cv_pelaces  cv_mph
0.727338 0.590922 0.445251
 ------------------------------------------------
Talla a la edad & desviaci?n 
 7.2 14.2025 17.0495 18.207 18.6776
 1.08 2.13037 2.55742 2.73105 2.80164
