    unsorted:	 2.853913774e-06 0.0008999785404 0.007916797454 0.1169054205 14.30037194 32.63608088 69.85756469 67.00607506 125.9152600 94.11593249 212.9006162 221.6531553 315.9961385 463.5978864 508.3427692 668.0711574 638.5709743 725.9358233 775.6908857 847.1562653 912.9335998 958.3408405 1089.870590 1227.282045 1454.632124 1589.247721 1782.719519 2006.289070 2236.651740 2319.193976 2819.014481 2954.575576 3133.953687 3523.168757 4028.693133 4228.446953 4576.188567 4667.322677 5055.089971 196476.3832 166554.4619 424327.0218 439731.8123 452668.7387 398901.2846 377100.9609 341724.6606 512638.0030 274780.7692 530411.3723 583411.1677 630553.1155 720094.8855 826710.3182 884730.3981 1044739.628 1176357.558 1343114.385 1501172.337 1649363.838 1893431.031 2007310.299 2376872.392 2407150.671 2658535.687 32077698.95
      sorted:	 2.853913774e-06 0.0008999785404 0.007916797454 0.1169054205 14.30037194 32.63608088 67.00607506 69.85756469 94.11593249 125.9152600 212.9006162 221.6531553 315.9961385 463.5978864 508.3427692 638.5709743 668.0711574 725.9358233 775.6908857 847.1562653 912.9335998 958.3408405 1089.870590 1227.282045 1454.632124 1589.247721 1782.719519 2006.289070 2236.651740 2319.193976 2819.014481 2954.575576 3133.953687 3523.168757 4028.693133 4228.446953 4576.188567 4667.322677 5055.089971 166554.4619 196476.3832 274780.7692 341724.6606 377100.9609 398901.2846 424327.0218 439731.8123 452668.7387 512638.0030 530411.3723 583411.1677 630553.1155 720094.8855 826710.3182 884730.3981 1044739.628 1176357.558 1343114.385 1501172.337 1649363.838 1893431.031 2007310.299 2376872.392 2407150.671 2658535.687 32077698.95
