years
 1997 1998 1999 2000 2001 2002 2003 2004 2005 2006 2007 2008 2009 2010 2011 2012 2013 2014 2015 2016 2017 2018 2019 2020 2021
reclasobs
 0 0 0 370054 412103 1.49427e+06 250295 1.28982e+06 931140 785840 897777 1.04006e+06 184774 17550 25797 100020 73551 82996 120727 218422 84188 347160 605670 569463 516374
reclaspred
 1.12306e+06 233158 595946 318496 407259 524633 1.09156e+06 844352 1.08858e+06 1.20883e+06 1.13264e+06 774177 449087 206600 136706 134169 159177 221755 239540 317407 503354 498674 816949 955846 1.18537e+06
pelacesobs
 0 0 0 0 0 0 0 0 0 2.06254e+06 1.5e+06 0 1.87456e+06 323000 250000 174000 83755 137374 0 501740 490994 745055 786931 1.00524e+06 1.33801e+06
pelacespred
 655535 231300 204731 222507 243018 241464 559768 542631 623148 718955 587012 415400 238189 88179.4 57892.1 64873.5 80623.8 113464 129309 164960 286967 297197 369250 514779 619391
mphobs
 0 0 0 0 0 112323 0 153150 637223 0 255016 313432 73983 77613 109348 50772 0 0 0 0 0 0 0 0 0
mphpred
 792899 428491 376455 344526 303627 466839 654028 877054 861046 1.05163e+06 1.14064e+06 816936 499329 266326 126760 111519 125247 170214 209793 234943 366974 469466 566822 765410 1.00081e+06
desembarqueobs
 350755 77701 442110 56441 14545 235359 269955 359681 431902 328805 639364 411747 362871 311530 167758 66681 60226 58785 57116 73181 50977 67692 138656 160484 209506
desembarquepred
 350760 77701.3 442128 56443.3 14545.1 235420 269978 359614 431836 328745 639343 411864 362943 311707 167712 66688.6 60244.2 58785.4 57110.4 73171.6 50975.2 67682.9 138647 160479 209498
Reclutas
 42151.6 44401 22837.9 26237.7 52930 40540 80681.2 86611.7 129839 138855 72310.8 40711.2 46826.4 28548.3 19986.9 17058.7 14383.3 15703.2 16456.8 31005.9 43746.5 47504.4 74990.6 86751.8 38434.7
log_desv_Rt
 0.0215208 0.0735092 -0.591331 -0.452553 0.249218 -0.0174636 0.670753 0.741683 1.14655 1.21368 0.561222 -0.0132478 0.126695 -0.368156 -0.724675 -0.88309 -1.05368 -0.965889 -0.919011 -0.285573 0.0586602 0.14107 0.597611 0.743299 -0.0707922
SSB
 792899 428491 376455 344526 303627 466839 654028 877054 861046 1.05163e+06 1.14064e+06 816936 499329 266326 126760 111519 125247 170214 209793 234943 366974 469466 566822 765410 1.00081e+06
BT
 2.07786e+06 573737 761756 530505 585472 664350 1.71194e+06 1.63938e+06 1.9905e+06 1.98538e+06 1.82055e+06 1.23671e+06 887894 487043 287476 202406 238165 305939 319140 444513 728718 660102 878823 1.25537e+06 1.42083e+06
Ftot
 0.300502 0.3203 0.689582 0.17195 0.0349368 0.427036 0.239223 0.407225 0.380369 0.262555 0.532519 0.502802 0.748561 1.30997 1.10303 0.47245 0.362866 0.255916 0.230416 0.223119 0.0987258 0.132 0.164726 0.163014 0.171389
BD_Bspro_t
 0.957364 0.7553 0.637928 0.434122 0.532875 0.695467 0.630574 0.665967 0.627302 0.622853 0.613186 0.458078 0.347577 0.249517 0.150815 0.158508 0.229346 0.362177 0.470951 0.560671 0.686222 0.784616 0.789246 0.786354 0.781501
BD_Bspro
 0.93469 0.505117 0.443775 0.406136 0.357923 0.550322 0.770985 1.03389 1.01502 1.23969 1.34461 0.963026 0.588622 0.313952 0.149428 0.131462 0.147644 0.200653 0.247309 0.276956 0.432598 0.553419 0.668184 0.902285 1.17978
BD_Bo
 0.812548 0.43911 0.385784 0.353063 0.311151 0.478408 0.670235 0.898789 0.882384 1.07769 1.1689 0.837181 0.511703 0.272926 0.129901 0.114283 0.12835 0.174432 0.214992 0.240765 0.376068 0.4811 0.580869 0.784378 1.02561
BD_Brms
 3.95218 2.1358 1.87643 1.71728 1.51342 2.32694 3.25998 4.37165 4.29186 5.24182 5.68547 4.07199 2.48889 1.3275 0.631829 0.555863 0.624287 0.848428 1.04571 1.17106 1.82917 2.34004 2.82531 3.81516 4.9885
S_f
 0.5 1 1 1 1
 0.5 1 1 1 1
 0.5 1 1 1 1
 0.5 1 1 1 1
 0.5 1 1 1 1
 0.5 1 1 1 1
 0.5 1 1 1 1
 0.5 1 1 1 1
 0.5 1 1 1 1
 0.5 1 1 1 1
 0.5 1 1 1 1
 0.5 1 1 1 1
 0.5 1 1 1 1
 0.5 1 1 1 1
 0.5 1 1 1 1
 0.5 1 1 1 1
 0.5 1 1 1 1
 0.5 1 1 1 1
 0.5 1 1 1 1
 0.5 1 1 1 1
 0.5 1 1 1 1
 0.5 1 1 1 1
 0.5 1 1 1 1
 0.5 1 1 1 1
 0.5 1 1 1 1
Scru_reclas
 0.5 1 1 1 1
 0.5 1 1 1 1
 0.5 1 1 1 1
 0.5 1 1 1 1
 0.5 1 1 1 1
 0.5 1 1 1 1
 0.5 1 1 1 1
 0.5 1 1 1 1
 0.5 1 1 1 1
 0.5 1 1 1 1
 0.5 1 1 1 1
 0.5 1 1 1 1
 0.5 1 1 1 1
 0.5 1 1 1 1
 0.5 1 1 1 1
 0.5 1 1 1 1
 0.5 1 1 1 1
 0.5 1 1 1 1
 0.5 1 1 1 1
 0.5 1 1 1 1
 0.5 1 1 1 1
 0.5 1 1 1 1
 0.5 1 1 1 1
 0.5 1 1 1 1
 0.5 1 1 1 1
Scru_pelaces
 0.5 1 1 1 1
 0.5 1 1 1 1
 0.5 1 1 1 1
 0.5 1 1 1 1
 0.5 1 1 1 1
 0.5 1 1 1 1
 0.5 1 1 1 1
 0.5 1 1 1 1
 0.5 1 1 1 1
 0.5 1 1 1 1
 0.5 1 1 1 1
 0.5 1 1 1 1
 0.5 1 1 1 1
 0.5 1 1 1 1
 0.5 1 1 1 1
 0.5 1 1 1 1
 0.5 1 1 1 1
 0.5 1 1 1 1
 0.5 1 1 1 1
 0.5 1 1 1 1
 0.5 1 1 1 1
 0.5 1 1 1 1
 0.5 1 1 1 1
 0.5 1 1 1 1
 0.5 1 1 1 1
pf_obs 
 0.256992 0.487395 0.22802 0.0275931 0
 0.321318 0.546541 0.124235 0.00734118 0.000564706
 0.182869 0.594174 0.210203 0.0122559 0.00049798
 0.330522 0.361315 0.267642 0.0388342 0.00168674
 0.649043 0.306663 0.0425973 0.00169635 0
 0.582887 0.30429 0.105238 0.00758474 0
 0.465427 0.430635 0.0974691 0.00646863 0
 0.296916 0.608066 0.0921331 0.00288517 0
 0.311714 0.524322 0.152257 0.0117073 0
 0.15457 0.633149 0.183074 0.0267441 0.00246327
 0.131901 0.49318 0.331252 0.0422183 0.00144891
 0.196976 0.569456 0.194076 0.0375587 0.00193317
 0.518974 0.381816 0.0799577 0.0180837 0.00116848
 0.0928022 0.601141 0.25162 0.0475244 0.00691264
 0.122501 0.610282 0.24278 0.0234846 0.000952079
 0.383417 0.481906 0.127806 0.00687128 0
 0.0376549 0.599619 0.316969 0.0457579 0
 0.0361596 0.667082 0.258105 0.0386534 0
 0.158088 0.579412 0.248529 0.0139706 0
 0.0477256 0.309471 0.559284 0.082774 0.000745712
 0.0406174 0.521527 0.379366 0.0568643 0.0016247
 0.151134 0.462217 0.34131 0.0453401 0
 0.294876 0.26143 0.354403 0.0886775 0.000613685
 0.281977 0.475581 0.204845 0.0348837 0.00271318
 0.0841818 0.532909 0.334909 0.0458182 0.00218182
pf_pred 
 0.451334 0.386282 0.145113 0.0172656 5.44539e-06
 0.458536 0.347664 0.136442 0.0512566 0.00610046
 0.312118 0.447172 0.154556 0.0606561 0.0254983
 0.471931 0.278466 0.162259 0.0560815 0.0312617
 0.592713 0.265715 0.0746553 0.0435008 0.0234162
 0.390243 0.454963 0.100988 0.0283735 0.0254325
 0.607108 0.232518 0.119661 0.0265611 0.0141517
 0.504599 0.380444 0.068033 0.0350119 0.0119123
 0.582537 0.290713 0.0973375 0.0174064 0.0120057
 0.510462 0.370625 0.0828086 0.0277262 0.00837791
 0.315827 0.47357 0.159446 0.035625 0.0155323
 0.298783 0.36413 0.233324 0.078558 0.0252048
 0.462022 0.267359 0.140528 0.0900461 0.0400449
 0.436469 0.384746 0.0888508 0.0467012 0.0432328
 0.539545 0.322848 0.0939503 0.0216963 0.0219608
 0.558045 0.339255 0.0720076 0.0209546 0.00973722
 0.463193 0.39918 0.105646 0.0224235 0.00955756
 0.477741 0.343228 0.133131 0.0352339 0.010666
 0.455191 0.361297 0.120604 0.0467797 0.0161284
 0.588664 0.263629 0.0979539 0.0326979 0.0170555
 0.549994 0.33891 0.0712025 0.026456 0.0134377
 0.45818 0.387604 0.116144 0.024401 0.0136715
 0.528511 0.300388 0.122401 0.0366769 0.0120229
 0.478885 0.365522 0.099129 0.0403927 0.0160711
 0.248411 0.494634 0.180235 0.0488793 0.0278416
pobs_RECLAS
 0 0 0 0 0
 0 0 0 0 0
 0 0 0 0 0
 0 0 0 0 0
 0.835266 0.146461 0.0176864 0.000547809 3.91292e-05
 0.385257 0.428462 0.181853 0.0044286 0
 0.867414 0.0963971 0.0333333 0.00285562 0
 0.441836 0.489002 0.0689373 0.000224442 0
 0.779404 0.147425 0.0564933 0.0165055 0.000172143
 0.814271 0.122319 0.05973 0.00367925 0
 0.40263 0.566651 0.0304383 0.000280538 0
 0.475488 0.404961 0.113038 0.00651328 0
 0.955842 0.0263864 0.0167828 0.000988607 0
 0.975058 0.0227948 0.00214734 0 0
 0.738997 0.206755 0.0527124 0.00153531 0
 0.850938 0.134255 0.0134407 0.00136685 0
 0.542534 0.407297 0.0501686 0 0
 0.764087 0.199537 0.0359546 0.000420521 0
 0.470689 0.182191 0.310203 0.0369168 0
 0.84361 0.089868 0.0606195 0.00523954 0.000663233
 0.607945 0.314616 0.071237 0.00620181 0
 0.523733 0.453247 0.0230204 0 0
 0.530135 0.295979 0.169645 0.0042399 0
 0.562478 0.366248 0.0663022 0.0049721 0
 0.250443 0.683176 0.0655157 0.000865301 0
ppred_RECLAS
 0.454164 0.38429 0.144364 0.0171765 5.4173e-06
 0.461608 0.345692 0.135668 0.0509658 0.00606585
 0.31949 0.44238 0.152899 0.0600059 0.025225
 0.473395 0.277694 0.16181 0.0559261 0.031175
 0.592966 0.26555 0.0746089 0.0434738 0.0234017
 0.394498 0.451788 0.100283 0.0281756 0.0252551
 0.609171 0.231298 0.119033 0.0264217 0.0140774
 0.508792 0.377224 0.0674572 0.0347156 0.0118114
 0.586269 0.288114 0.0964673 0.0172508 0.0118983
 0.512881 0.368794 0.0823994 0.0275892 0.00833651
 0.321016 0.469978 0.158237 0.0353548 0.0154145
 0.303441 0.361711 0.231774 0.0780361 0.0250374
 0.471559 0.26262 0.138036 0.0884498 0.039335
 0.458132 0.369956 0.0854352 0.0449059 0.0415708
 0.556271 0.31112 0.0905375 0.0209082 0.021163
 0.563065 0.335402 0.0711899 0.0207166 0.00962664
 0.466793 0.396504 0.104937 0.0222731 0.00949347
 0.480083 0.341689 0.132534 0.0350759 0.0106182
 0.457244 0.359935 0.12015 0.0466034 0.0160676
 0.590591 0.262394 0.097495 0.0325447 0.0169756
 0.550774 0.338322 0.0710791 0.0264101 0.0134144
 0.459259 0.386832 0.115912 0.0243524 0.0136443
 0.529903 0.299501 0.12204 0.0365686 0.0119874
 0.480264 0.364555 0.0988668 0.0402859 0.0160286
 0.249504 0.493914 0.179972 0.0488082 0.0278011
pobs_PELACES
 0 0 0 0 0
 0 0 0 0 0
 0 0 0 0 0
 0 0 0 0 0
 0 0 0 0 0
 0 0 0 0 0
 0 0 0 0 0
 0 0 0 0 0
 0 0 0 0 0
 0 0 0 0 0
 0.450072 0.473896 0.0757376 0.000293798 0
 0 0 0 0 0
 0.463077 0.371075 0.160297 0.00555027 0
 0.529543 0.364841 0.0842815 0.0213345 0
 0.631943 0.363953 0.00410389 0 0
 0.735681 0.248677 0.0153453 0.000297389 0
 0.695825 0.281241 0.0229344 0 0
 0.275771 0.60734 0.115278 0.00161068 0
 0 0 0 0 0
 0.896147 0.0623911 0.0374545 0.00400742 0
 0.803859 0.145111 0.0509908 3.86294e-05 0
 0.739449 0.233085 0.0266225 0.000797448 4.60066e-05
 0.878498 0.100942 0.0204185 0.000141795 0
 0.694673 0.275183 0.0284847 0.00165964 0
 0.469039 0.446079 0.0841089 0.000773354 0
ppred_PELACES
 0.466481 0.375618 0.141106 0.0167889 5.29505e-06
 0.474766 0.337243 0.132353 0.0497202 0.0059176
 0.344719 0.425979 0.147231 0.0577813 0.0242898
 0.480473 0.273962 0.159635 0.0551744 0.030756
 0.594356 0.264643 0.074354 0.0433253 0.0233217
 0.411448 0.439141 0.0974761 0.0273869 0.0245481
 0.618526 0.225761 0.116183 0.0257892 0.0137404
 0.525569 0.36434 0.0651532 0.0335299 0.011408
 0.601405 0.277574 0.0929381 0.0166197 0.011463
 0.523697 0.360606 0.0805698 0.0269766 0.00815141
 0.340461 0.456519 0.153705 0.0343423 0.0149731
 0.321257 0.35246 0.225846 0.0760402 0.024397
 0.502407 0.247289 0.129979 0.0832866 0.0370388
 0.512068 0.333131 0.0769313 0.0404361 0.037433
 0.600618 0.280026 0.081489 0.0188186 0.019048
 0.58214 0.32076 0.068082 0.0198122 0.00920637
 0.48172 0.385403 0.101999 0.0216496 0.0092277
 0.490631 0.334757 0.129845 0.0343643 0.0104028
 0.466693 0.353669 0.118058 0.0457921 0.0157879
 0.599462 0.256708 0.0953825 0.0318396 0.0166078
 0.554801 0.335289 0.0704419 0.0261734 0.0132942
 0.464673 0.382959 0.114752 0.0241086 0.0135077
 0.536668 0.295191 0.120283 0.0360424 0.0118149
 0.486981 0.359844 0.097589 0.0397652 0.0158214
 0.254837 0.490404 0.178693 0.0484614 0.0276036
pobs_pel_tallas
 0 0 0 0 0 0 0 0 0 0 0 0 0 0 0 0 0 0 0 0 0 0 0 0 0 0 0 0 0 0 0 0 0 0 0 0
 0 0 0 0 0 0 0 0 0 0 0 0 0 0 0 0 0 0 0 0 0 0 0 0 0 0 0 0 0 0 0 0 0 0 0 0
 0 0 0 0 0 0 0 0 0 0 0 0 0 0 0 0 0 0 0 0 0 0 0 0 0 0 0 0 0 0 0 0 0 0 0 0
 0 0 0 0 0 0 0 0 0 0 0 0 0 0 0 0 0 0 0 0 0 0 0 0 0 0 0 0 0 0 0 0 0 0 0 0
 0 0 0 0 0 0 0 0 0 0 0 0 0 0 0 0 0 0 0 0 0 0 0 0 0 0 0 0 0 0 0 0 0 0 0 0
 0 0 0 0 0 0 0 0 0 0 0 0 0 0 0 0 0 0 0 0 0 0 0 0 0 0 0 0 0 0 0 0 0 0 0 0
 0 0 0 0 0 0 0 0 0 0 0 0 0 0 0 0 0 0 0 0 0 0 0 0 0 0 0 0 0 0 0 0 0 0 0 0
 0 0 0 0 0 0 0 0 0 0 0 0 0 0 0 0 0 0 0 0 0 0 0 0 0 0 0 0 0 0 0 0 0 0 0 0
 0 0 0 0 0 0 0 0 0 0 0 0 0 0 0 0 0 0 0 0 0 0 0 0 0 0 0 0 0 0 0 0 0 0 0 0
 0 0 0 0 0 0 0 0 0 0 0 0 0 0 0 0 0 0 0 0 0 0 0 0 0 0 0 0 0 0 0 0 0 0 0 0
 0 0 0 0 0 0 0 0 1.78061e-05 0.00172719 0.00360574 0.0105946 0.0120993 0.0124554 0.0147524 0.0171206 0.0266825 0.0428682 0.0675386 0.121331 0.153587 0.119568 0.100827 0.0573624 0.0630603 0.0341343 0.0324427 0.0444173 0.0211091 0.0280891 0.0125444 0.00206551 0 0 0 0
 0 0 0 0 0 0 0 0 0 0 0 0 0 0 0 0 0 0 0 0 0 0 0 0 0 0 0 0 0 0 0 0 0 0 0 0
 0 0 0 0 0 0 0.0133647 0.0140871 0.0187388 0.0205184 0.03894 0.0496705 0.03968 0.0493445 0.0407372 0.0367815 0.0215668 0.0243155 0.0234873 0.0199281 0.019796 0.0243948 0.0301388 0.0376714 0.0412746 0.0863199 0.0771752 0.113111 0.0741005 0.0525337 0.0229764 0.00759418 0.00175318 0 0 0
 0 0 0 0 0 0 0 0 0 0 0.00219441 0.00772107 0.0458388 0.0604681 0.0671733 0.0775358 0.0609151 0.0617685 0.073594 0.0568108 0.0755445 0.0548602 0.0670107 0.0636378 0.0643287 0.046367 0.0373049 0.0286899 0.0247887 0.0153202 0.00654259 0.00121912 0.000365735 0 0 0
 0 0 0 0 0 0 0 0 0 0 0 0 0.000112435 0.00938835 0.0111873 0.0202946 0.0414886 0.0713402 0.111592 0.104902 0.108894 0.110636 0.117776 0.105296 0.107544 0.0401394 0.0192827 0.0124803 0.00416011 0.0028671 0.000618394 0 0 0 0 0
 0 0 0 0 0 0 0 0 0 0 0.00291406 0.0102884 0.027416 0.0768956 0.0749926 0.110853 0.0956884 0.0897413 0.0766577 0.0534642 0.0500743 0.0551293 0.0594112 0.0620874 0.0668451 0.0424026 0.0208742 0.0120726 0.0048766 0.00582813 0.00118941 0.000297354 0 0 0 0
 0 0.00264628 0.0354308 0.0461629 0.0458689 0.0383711 0.0214643 0.0164657 0.0346957 0.0420465 0.0363128 0.0245516 0.0311673 0.0291091 0.0169068 0.0133784 0.00837989 0.0085269 0.0148486 0.0160247 0.0276389 0.0546898 0.0760071 0.122758 0.109233 0.0665981 0.0333725 0.0166128 0.00676272 0.00308733 0.000882094 0 0 0 0 0
 0 0 0 0 0 0 0 0.000805153 0.000690131 0.00759144 0.0133425 0.0154129 0.00931677 0.000345066 0.00356568 0.00563607 0.00851162 0.0253048 0.0502646 0.0516448 0.0657925 0.0565908 0.0611916 0.0827007 0.0866115 0.110766 0.145733 0.0935128 0.0569358 0.0249597 0.0138026 0.00621118 0.00161031 0.00115022 0 0
 0 0 0 0 0 0 0 0 0 0 0 0 0 0 0 0 0 0 0 0 0 0 0 0 0 0 0 0 0 0 0 0 0 0 0 0
 0.00147267 0.00158595 0.00478618 0.00569244 0.00954404 0.0108468 0.00647125 0.017049 0.0510054 0.094081 0.124002 0.0959785 0.0687766 0.0820023 0.061753 0.0591476 0.0492212 0.0479892 0.0443925 0.0268479 0.0217502 0.0140895 0.0121071 0.0120363 0.00920419 0.00665534 0.0049561 0.00860946 0.00930331 0.0156896 0.0114698 0.00855282 0.00243557 0.00046729 0 2.83206e-05
 0 0 0 0 0.000772559 0.00158375 0.000888443 0.00281984 0.00712685 0.0440552 0.0773331 0.111326 0.0921469 0.0852325 0.0710754 0.0886704 0.0786465 0.0553345 0.0373146 0.0185414 0.00753245 0.00457741 0.012979 0.0271748 0.0457355 0.0583668 0.034881 0.0177882 0.00938659 0.00492506 0.0015258 0.00185414 0.000309023 5.79419e-05 3.86279e-05 0
 0 0.00173294 0.00326652 0 0.00397197 0.00683976 0.00946217 0.0152591 0.00757587 0.0136028 0.0228656 0.0392903 0.0559909 0.0764795 0.0681675 0.0726916 0.0566044 0.0477403 0.0527397 0.0444891 0.0609904 0.0582453 0.0661739 0.0445044 0.0529084 0.0360697 0.0280645 0.0235558 0.0158879 0.00826598 0.00280645 0.00217768 0.000904811 0.00058276 9.20147e-05 0
 0 0 0 0 0 0 0 0 0 0 0 0 0 0 0 0 0 0 0 0 0 0 0 0 0 0 0 0 0 0 0 0 0 0 0 0
 0 0 0 0 0 0 0 0 0 0 0 0 0 0 0 0 0 0 0 0 0 0 0 0 0 0 0 0 0 0 0 0 0 0 0 0
 0 0 0 0 0 0 0 0 0 0 0 0 0 0 0 0 0 0 0 0 0 0 0 0 0 0 0 0 0 0 0 0 0 0 0 0
ppred_pel_tallas
 1.02703e-16 2.0369e-05 0.00011951 0.000568012 0.00218674 0.00681902 0.0172246 0.035246 0.0584326 0.0784986 0.0854888 0.075566 0.0544392 0.0324711 0.0170689 0.00975568 0.00843876 0.0105983 0.0146509 0.0197939 0.0254997 0.0312253 0.036365 0.0403321 0.0426787 0.0431922 0.0419342 0.0392051 0.0354548 0.031169 0.0267713 0.0225661 0.0187278 0.0153249 0.0123601 0.00980653
 1.03974e-16 2.07286e-05 0.000121625 0.000578076 0.0022255 0.0069399 0.0175299 0.0358704 0.0594664 0.0798835 0.0869866 0.0768653 0.0553215 0.0328898 0.0170929 0.00946232 0.00785114 0.00968463 0.0133553 0.018071 0.0233431 0.0286883 0.0335693 0.037463 0.0399652 0.0408748 0.0402283 0.0382682 0.0353648 0.031918 0.0282739 0.024678 0.0212703 0.0181089 0.0152068 0.0125626
 1.0535e-16 1.50615e-05 8.8346e-05 0.000419846 0.00161625 0.00503995 0.0127309 0.026052 0.0431949 0.0580424 0.0632483 0.0559958 0.0405338 0.0245653 0.0136248 0.00891005 0.00894874 0.011936 0.0167193 0.0226624 0.0292588 0.035924 0.0419863 0.0467912 0.0498368 0.0508813 0.0499847 0.0474668 0.043806 0.0395131 0.0350233 0.0306383 0.0265196 0.022722 0.0192422 0.0160616
 1.05689e-16 2.09749e-05 0.000123076 0.00058499 0.00225214 0.00702301 0.0177397 0.0362993 0.0601755 0.0808305 0.088003 0.0777283 0.0558663 0.0330611 0.0169034 0.00891815 0.00691042 0.00826368 0.0113621 0.0154457 0.0200957 0.0249265 0.0295097 0.0334179 0.0363044 0.0379702 0.0383919 0.0377007 0.0361265 0.033927 0.0313301 0.0285037 0.0255562 0.0225557 0.0195564 0.016616
 1.03721e-16 2.59402e-05 0.000152228 0.000723585 0.00278577 0.00868711 0.0219431 0.0448995 0.07443 0.0999695 0.108819 0.0960619 0.0689303 0.0405636 0.0203143 0.0100216 0.0069183 0.00771944 0.0103937 0.0139971 0.0180458 0.0221377 0.0258508 0.028782 0.0306267 0.031243 0.0306771 0.0291354 0.0269194 0.0243461 0.0216804 0.0190992 0.0166886 0.0144675 0.01242 0.0105245
 1.03615e-16 1.79716e-05 0.00010543 0.000501063 0.00192895 0.00601509 0.015194 0.0310918 0.0515486 0.0692603 0.075453 0.066755 0.0482218 0.0290235 0.015733 0.00973918 0.00924052 0.0120433 0.0167484 0.0225996 0.0290306 0.0354172 0.0410583 0.0452837 0.0475971 0.0477881 0.045974 0.0425512 0.0380835 0.0331608 0.0282798 0.0237747 0.0198083 0.0164067 0.0135152 0.0110504
 1.03252e-16 2.69927e-05 0.000158411 0.000752983 0.00289898 0.00904014 0.0228348 0.0467237 0.0774525 0.104025 0.113222 0.099923 0.0716438 0.0420459 0.0208452 0.00993677 0.00642311 0.00687588 0.00918614 0.0123979 0.0160571 0.0198136 0.0233035 0.0261723 0.0281395 0.0290547 0.0289208 0.0278758 0.0261435 0.0239714 0.0215782 0.0191246 0.0167107 0.0143901 0.0121921 0.0101388
 1.02729e-16 2.29448e-05 0.000134633 0.000639916 0.00246359 0.00768238 0.0194054 0.0397079 0.0658276 0.088427 0.0962851 0.0850704 0.0612018 0.0363345 0.0187865 0.0102398 0.00830084 0.0100994 0.0138351 0.0186121 0.0238758 0.0290872 0.0336605 0.0370414 0.0388232 0.0388396 0.0371981 0.0342394 0.0304423 0.026305 0.0222443 0.018538 0.015317 0.0125948 0.010316 0.0084008
 1.02517e-16 2.62482e-05 0.000154035 0.000732171 0.00281883 0.00879019 0.0222035 0.0454324 0.0753136 0.101157 0.110114 0.0972105 0.0697662 0.041079 0.0206159 0.0102416 0.00715965 0.00804767 0.0108481 0.0145985 0.0187956 0.0230131 0.0268013 0.0297299 0.0314729 0.0318787 0.0309977 0.0290547 0.0263819 0.0233344 0.0202171 0.0172438 0.0145307 0.012116 0.00999161 0.0081319
 1.0257e-16 2.2863e-05 0.000134154 0.000637636 0.00245482 0.00765501 0.0193362 0.0395664 0.0655931 0.0881119 0.0959416 0.0847663 0.0609817 0.0362014 0.0187134 0.0101939 0.00825832 0.0100478 0.0137704 0.0185366 0.0237978 0.0290204 0.0336234 0.0370543 0.0389045 0.0390007 0.0374399 0.0345496 0.0307963 0.0266692 0.0225821 0.0188156 0.0155093 0.0126891 0.0103126 0.00831173
 1.04211e-16 1.48771e-05 8.72605e-05 0.000414679 0.00159634 0.00497787 0.0125741 0.0257314 0.0426644 0.0573327 0.0624832 0.055338 0.0401001 0.0243871 0.0136777 0.00916963 0.00942225 0.0126608 0.0177437 0.0240224 0.0309579 0.0379177 0.0441752 0.0490245 0.051929 0.0526378 0.0512312 0.048076 0.0437152 0.038729 0.0336165 0.0287275 0.0242528 0.0202564 0.0167276 0.0136273
 1.07074e-16 1.40357e-05 8.23296e-05 0.000391258 0.0015062 0.00469678 0.011864 0.0242777 0.0402521 0.0540852 0.0589287 0.0521536 0.037714 0.0227805 0.0125014 0.00798438 0.00785345 0.0104337 0.0146756 0.0200321 0.0260987 0.0324114 0.0384233 0.04358 0.047427 0.0496954 0.0503404 0.0495164 0.0475068 0.0446361 0.0411976 0.0374146 0.0334408 0.0293826 0.0253292 0.0213726
 1.06519e-16 2.19301e-05 0.000128687 0.00061167 0.00235488 0.00734339 0.018549 0.0379548 0.0629187 0.0845116 0.0920009 0.0812359 0.0583361 0.0344195 0.0174074 0.00887533 0.00650893 0.007558 0.0103299 0.0140443 0.0182987 0.022745 0.0270027 0.0306934 0.0335098 0.0352739 0.0359612 0.0356799 0.0346196 0.0329889 0.0309654 0.0286718 0.0261811 0.0235377 0.0207837 0.0179765
 1.0434e-16 2.23548e-05 0.000131173 0.00062347 0.00240028 0.00748496 0.0189066 0.0386873 0.0641351 0.0861518 0.0938033 0.0828674 0.0595947 0.035336 0.0181897 0.00978828 0.00779488 0.00941316 0.0128971 0.0173929 0.0223911 0.0274061 0.0319099 0.0353982 0.0374944 0.0380326 0.0370875 0.0349381 0.0319841 0.0286411 0.0252541 0.0220493 0.0191307 0.01651 0.0141498 0.0120026
 1.02785e-16 2.62139e-05 0.000153834 0.000731214 0.00281514 0.00877869 0.0221744 0.045373 0.0752152 0.101025 0.109971 0.0970852 0.0696786 0.0410322 0.0206008 0.0102477 0.00718 0.0080795 0.0108901 0.0146483 0.0188484 0.0230609 0.026834 0.0297368 0.0314457 0.0318146 0.0309012 0.0289392 0.0262683 0.0232479 0.020183 0.0172826 0.0146542 0.0123253 0.0102771 0.00847506
 1.02182e-16 2.54098e-05 0.000149109 0.000708745 0.00272862 0.00850885 0.0214929 0.0439788 0.0729055 0.0979272 0.106609 0.0941447 0.0676265 0.0399408 0.020269 0.0104368 0.00775599 0.00902123 0.0122355 0.0164388 0.0210901 0.0257017 0.0297541 0.0327558 0.034345 0.0343703 0.032922 0.0302962 0.0269126 0.0232111 0.0195626 0.0162183 0.0133016 0.0108332 0.00877124 0.00705041
 1.02749e-16 2.10337e-05 0.000123412 0.000586562 0.00225816 0.00704174 0.0177872 0.0363972 0.0603407 0.0810615 0.0882782 0.0780276 0.0562037 0.0335054 0.0175784 0.00999049 0.00857443 0.0107206 0.0147859 0.0199344 0.0256165 0.031271 0.036278 0.0400438 0.0421258 0.0423306 0.0407517 0.0377289 0.033752 0.0293383 0.0249288 0.0208275 0.0171912 0.0140589 0.0113969 0.00914358
 1.0362e-16 2.14203e-05 0.000125686 0.000597382 0.00229984 0.00717172 0.0181154 0.0370684 0.061452 0.0825495 0.089886 0.0794186 0.0571402 0.0339327 0.0175643 0.00961013 0.00784358 0.00959718 0.0132062 0.0178542 0.0230448 0.0282935 0.0330649 0.0368391 0.0392158 0.039999 0.0392306 0.0371593 0.0341621 0.030646 0.026963 0.0233636 0.0199897 0.0168982 0.0140974 0.0115783
 1.04103e-16 2.03772e-05 0.00011956 0.000568258 0.0021877 0.00682201 0.0172321 0.0352612 0.0584571 0.0785296 0.0855173 0.0755788 0.0544212 0.0324058 0.0169351 0.00952318 0.00806751 0.0100417 0.0138634 0.0187423 0.0241755 0.0296568 0.0346238 0.0385319 0.0409658 0.0417282 0.0408736 0.0386746 0.0355363 0.0318903 0.0281051 0.024436 0.0210196 0.0179005 0.0150727 0.012515
 1.03308e-16 2.61626e-05 0.000153535 0.000729796 0.00280969 0.00876169 0.0221315 0.0452849 0.0750686 0.100826 0.109749 0.0968786 0.0695056 0.0408806 0.0204335 0.0100159 0.00683396 0.00757346 0.0101875 0.0137301 0.0177238 0.0217759 0.0254744 0.0284226 0.0303155 0.031004 0.0305194 0.0290495 0.0268779 0.0243085 0.021602 0.0189403 0.016423 0.0140869 0.0119349 0.00996066
 1.0263e-16 2.42183e-05 0.000142113 0.00067548 0.00260053 0.00810943 0.020484 0.0419147 0.0694845 0.0933349 0.101617 0.0897537 0.0645103 0.0381768 0.0195152 0.0102796 0.00792192 0.00939814 0.0128075 0.0172254 0.0221118 0.0269644 0.0312429 0.0344353 0.0361635 0.0362688 0.0348429 0.0321917 0.0287482 0.0249656 0.0212246 0.0177815 0.0147604 0.0121801 0.009997 0.00814548
 1.03214e-16 2.02903e-05 0.000119047 0.000565814 0.00217827 0.00679262 0.0171579 0.0351096 0.0582066 0.0781957 0.0851606 0.0752797 0.0542412 0.0323693 0.0170448 0.00978702 0.00851294 0.0107124 0.014805 0.0199849 0.0257165 0.0314473 0.0365634 0.0404738 0.042734 0.0431429 0.0417806 0.0389699 0.0351811 0.0309139 0.0265956 0.0225227 0.0188517 0.0156276 0.0128284 0.0104069
 1.03595e-16 2.34261e-05 0.000137465 0.000653392 0.0025155 0.00784427 0.0198142 0.0405439 0.0672115 0.0902797 0.0982858 0.0867988 0.0623597 0.036851 0.0187415 0.00972111 0.00732151 0.0086009 0.0117344 0.0158553 0.0204828 0.0251816 0.0294794 0.0329174 0.0351407 0.0359717 0.0354399 0.0337552 0.0312394 0.0282405 0.0250603 0.0219134 0.0189228 0.0161407 0.0135798 0.0112408
 1.03609e-16 2.1262e-05 0.000124755 0.000592952 0.00228277 0.00711849 0.017981 0.0367936 0.0609971 0.0819406 0.0892287 0.0788516 0.0567619 0.0337674 0.0175868 0.00979284 0.00818344 0.0101139 0.0139262 0.0187918 0.0241871 0.0295907 0.0344281 0.0381479 0.0403363 0.0408072 0.0396369 0.0371267 0.0337132 0.0298567 0.025947 0.0222491 0.0188976 0.0159246 0.0133037 0.0109901
 1.05652e-16 1.11449e-05 6.53461e-05 0.000310489 0.00119517 0.00372682 0.00941412 0.0192661 0.0319492 0.0429478 0.0468435 0.0415759 0.0303215 0.0188274 0.0112554 0.00857538 0.0097833 0.0136085 0.0192143 0.026071 0.0336569 0.0413112 0.0482604 0.0537476 0.057192 0.058313 0.0571791 0.0541608 0.0498143 0.0447359 0.0394379 0.034279 0.0294565 0.0250418 0.0210354 0.0174156
pSPR Fmed_Fpbrs
0.584025   0.255595 0.255595
Fs Fmed_Fpbrs
0.296817   1.005 1.005
SSBpbr Bo_Bmed_Bpbrs
975818  521111  200623 200623
Ro
41254.2
SPR SPRFo_SPRFmed_SPRFpbrs
848302 495430 216822
log_Ro
10.4475
likeval ReclasPelacesDesembMPH_pf_preclas_ppelaces_ptallas_desvR_qrecl_qpela
 111.676 83.7123 0.00422577 0.00070673 342.811 206.629 81.2255 0 14.013 0 0 0 0 0 0
q_reclas_q_pelaces
1 1
M
0.7
N
 42151.6 19224.6 7221.99 859.276 0.271007
 44401 18011.7 7068.77 2655.49 316.051
 22837.9 18786 6492.98 2548.2 1071.2
 26237.7 8033.58 4681.08 1617.92 901.88
 52930 11955.9 3359.12 1957.32 1053.62
 40540 25829.1 5733.27 1610.82 1443.85
 80681.2 16261 8368.42 1857.54 989.691
 86611.7 35548.4 6356.94 3271.48 1113.07
 129839 35086.7 11747.8 2100.81 1448.98
 138855 53309.5 11910.9 3988.04 1205.05
 72310.8 60470.3 20359.7 4548.96 1983.32
 40711.2 27514.5 17630.5 5936.03 1904.54
 46826.4 15722.7 8264.04 5295.36 2354.93
 28548.3 15993.2 3693.38 1941.29 1797.11
 19986.9 7364.05 2142.97 494.885 500.918
 17058.7 5717.68 1213.59 353.161 164.108
 14383.3 6688.82 1770.24 375.737 160.15
 15703.2 5957.41 2310.75 611.554 185.13
 16456.8 6861.35 2290.38 888.389 306.293
 31005.9 7282.93 2706.05 903.303 471.17
 43746.5 13771.7 2893.35 1075.05 546.048
 47504.4 20677.6 6195.94 1301.72 729.336
 74990.6 22083.3 8998.42 2696.33 883.872
 86751.8 34295 9300.75 3789.84 1507.86
 38434.7 39707.7 14468.7 3923.88 2235.04
pred_Ctot
 4265.86 3651.01 1371.56 163.188 0.051468
 4769.22 3616.04 1419.13 533.118 63.4506
 4885.57 6999.58 2419.26 949.448 399.124
 1562.24 921.813 537.13 185.648 103.486
 659.833 295.805 83.1094 48.4269 26.0679
 5674.75 6615.87 1468.52 412.596 369.829
 6586.54 2522.6 1298.21 288.163 153.532
 11610.2 8753.56 1565.36 805.581 274.087
 16350.3 8159.58 2732.01 488.553 336.968
 12378.7 8987.67 2008.11 672.36 203.164
 12343.9 18509.2 6231.87 1392.38 607.072
 6603.05 8047.2 5156.42 1736.12 557.021
 10742.3 6216.28 3267.35 2093.63 931.068
 10240.2 9026.73 2084.58 1095.68 1014.31
 6288.12 3762.63 1094.94 252.859 255.942
 2616.5 1590.66 337.621 98.2494 45.6548
 1734.38 1494.69 395.579 83.9624 35.7873
 1366.47 981.73 380.791 100.779 30.5078
 1296.49 1029.05 343.508 133.239 45.9373
 2369.07 1060.97 394.213 131.592 68.6394
 1519.63 936.402 196.731 73.0976 37.1282
 2190.33 1852.95 555.227 116.649 65.3569
 4284.22 2435.02 992.211 297.311 97.4601
 4906.44 3744.97 1015.63 413.845 164.657
 2281.28 4542.47 1655.18 448.883 255.684
F
 0.150251 0.300502 0.300502 0.300502 0.300502
 0.16015 0.3203 0.3203 0.3203 0.3203
 0.344791 0.689582 0.689582 0.689582 0.689582
 0.0859752 0.17195 0.17195 0.17195 0.17195
 0.0174684 0.0349368 0.0349368 0.0349368 0.0349368
 0.213518 0.427036 0.427036 0.427036 0.427036
 0.119612 0.239223 0.239223 0.239223 0.239223
 0.203612 0.407225 0.407225 0.407225 0.407225
 0.190184 0.380369 0.380369 0.380369 0.380369
 0.131277 0.262555 0.262555 0.262555 0.262555
 0.266259 0.532519 0.532519 0.532519 0.532519
 0.251401 0.502802 0.502802 0.502802 0.502802
 0.374281 0.748561 0.748561 0.748561 0.748561
 0.654986 1.30997 1.30997 1.30997 1.30997
 0.551513 1.10303 1.10303 1.10303 1.10303
 0.236225 0.47245 0.47245 0.47245 0.47245
 0.181433 0.362866 0.362866 0.362866 0.362866
 0.127958 0.255916 0.255916 0.255916 0.255916
 0.115208 0.230416 0.230416 0.230416 0.230416
 0.111559 0.223119 0.223119 0.223119 0.223119
 0.0493629 0.0987258 0.0987258 0.0987258 0.0987258
 0.0660002 0.132 0.132 0.132 0.132
 0.0823632 0.164726 0.164726 0.164726 0.164726
 0.0815068 0.163014 0.163014 0.163014 0.163014
 0.0856945 0.171389 0.171389 0.171389 0.171389
Np
 36214.3 10880.3 3184.4 3019.69 1300.32
YTP_r0W_actual
 25550.3 99934.3 54621.1 18449.1 10943.3
YTP_p0W_proyectada
 89985.6 180813 249980 118823 52219.7
 89985.6 112297 47918 59275.2 29162.2
CTP_r0_actual
 2281.28 4542.47 1655.18 448.883 255.684
CTP_p0_proyectada
 10586.5 8449.21 8012.18 2919.48 1123.01
 10586.5 5247.55 1535.83 1456.39 627.143
Wmedp
 8.5 21.4 31.2 40.7 46.5
nmprior
 10.6 11 7 0
nm_flota  nm_reclas  nm_pelaces    nm_pelaL
inf 14.6125 13.1599 28.512
cv_recla  cv_pelaces  cv_mph
0.955881 1.03745 0.862512
 ------------------------------------------------
Talla a la edad & desviaci?n 
 7.2 14.2025 17.0495 18.207 18.6776
 1.08 2.13037 2.55742 2.73105 2.80164
