years
 1997 1998 1999 2000 2001 2002 2003 2004 2005 2006 2007 2008 2009 2010 2011 2012 2013 2014 2015 2016 2017 2018 2019 2020 2021
reclasobs
 0 0 0 370054 412103 1.49427e+06 250295 1.28982e+06 931140 785840 897777 1.04006e+06 184774 17550 25797 100020 73551 82996 120727 218422 84188 347160 605670 569463 516374
reclaspred
 371409 102628 317386 236958 354805 424412 940230 628570 702171 635562 499767 335130 205752 96258.4 68685.9 71066.4 89663.6 122447 128050 185998 270540 246610 429066 542490 569484
pelacesobs
 0 0 0 0 0 0 0 0 0 2.06254e+06 1.5e+06 0 1.87456e+06 323000 250000 174000 83755 137374 0 501740 490994 745055 786931 1.00524e+06 1.33801e+06
pelacespred
 1.07464e+06 261639 503249 567475 726536 729675 1.83594e+06 1.53258e+06 1.51306e+06 1.38426e+06 981641 679021 415209 162584 114107 126120 166015 229124 247559 348509 561919 501589 688180 1.03337e+06 1.11958e+06
mphobs
 0 0 0 0 0 112323 0 153150 637223 0 255016 313432 73983 77613 109348 50772 0 0 0 0 0 0 0 0 0
mphpred
 686139 419138 519596 646669 698902 1.10878e+06 1.6809e+06 1.98823e+06 1.70748e+06 1.72765e+06 1.61448e+06 1.13673e+06 700381 370712 181488 158756 194730 270369 334310 380583 578088 685336 857636 1.22733e+06 1.60385e+06
desembarqueobs
 350755 77701 442110 56441 14545 235359 269955 359681 431902 328805 639364 411747 362871 311530 167758 66681 60226 58785 57116 73181 50977 67692 138656 160484 209506
desembarquepred
 350761 77700.9 442105 56442.1 14545.1 235393 269981 359684 431932 328826 639579 411995 363204 311974 167801 66692 60244 58786.2 57112.4 73179.6 50977.2 67686.7 138655 160485 209504
Reclutas
 51252.8 66311 40089.1 66526.1 114524 82227.2 131741 123591 149757 146523 68168.1 40149.6 42928.4 23684.6 18515.1 23123 19069 21241.7 23652.7 44386.5 55156.6 70046 115018 134368 48180.1
log_desv_Rt
 -0.0833436 0.174241 -0.329011 0.17748 0.720673 0.389372 0.860726 0.796865 0.988901 0.96707 0.201862 -0.327503 -0.26058 -0.85529 -1.10153 -0.879285 -1.07205 -0.964149 -0.856637 -0.22718 -0.00993895 0.229038 0.724971 0.880467 -0.145168
SSB
 686139 419138 519596 646669 698902 1.10878e+06 1.6809e+06 1.98823e+06 1.70748e+06 1.72765e+06 1.61448e+06 1.13673e+06 700381 370712 181488 158756 194730 270369 334310 380583 578088 685336 857636 1.22733e+06 1.60385e+06
BT
 2.21113e+06 600124 1.14355e+06 1.07596e+06 1.31204e+06 1.49197e+06 3.471e+06 3.15289e+06 3.10487e+06 2.79662e+06 2.33805e+06 1.5965e+06 1.10152e+06 592332 347497 281063 346711 457307 492609 683900 1.04766e+06 961763 1.32772e+06 1.98213e+06 2.1754e+06
Ftot
 0.438922 0.365393 0.532877 0.101591 0.0194425 0.188457 0.117626 0.230226 0.257233 0.204818 0.423119 0.39269 0.62308 1.09017 1.01229 0.398471 0.284009 0.192408 0.16444 0.172428 0.078508 0.103142 0.122953 0.118179 0.118618
BD_Bspro_t
 0.946307 0.75162 0.712559 0.591042 0.723798 0.84476 0.81644 0.82363 0.775816 0.742836 0.708817 0.560901 0.447348 0.335975 0.218959 0.234642 0.349857 0.514308 0.621668 0.700695 0.795002 0.857128 0.861833 0.866013 0.865499
BD_Bspro
 0.599715 0.366345 0.454149 0.565216 0.61087 0.969123 1.46918 1.7378 1.49241 1.51004 1.41112 0.993555 0.612163 0.324018 0.158628 0.138759 0.170203 0.236314 0.292201 0.332646 0.505274 0.599013 0.74961 1.07274 1.40184
BD_Bo
 0.521642 0.318653 0.395027 0.491635 0.531345 0.84296 1.27792 1.51157 1.29812 1.31346 1.22742 0.864211 0.53247 0.281836 0.137978 0.120695 0.148045 0.20555 0.254161 0.289341 0.439496 0.521032 0.652024 0.933084 1.21934
BD_Brms
 1.81514 1.1088 1.37456 1.71072 1.8489 2.93321 4.44672 5.25975 4.51703 4.57038 4.27101 3.00716 1.85281 0.980696 0.480116 0.419978 0.515148 0.715244 0.884396 1.00681 1.5293 1.81301 2.26882 3.24682 4.24289
S_f
 0.187249 1 1 1 1
 0.187249 1 1 1 1
 0.187249 1 1 1 1
 0.187249 1 1 1 1
 0.187249 1 1 1 1
 0.187249 1 1 1 1
 0.187249 1 1 1 1
 0.187249 1 1 1 1
 0.187249 1 1 1 1
 0.187249 1 1 1 1
 0.187249 1 1 1 1
 0.187249 1 1 1 1
 0.187249 1 1 1 1
 0.187249 1 1 1 1
 0.187249 1 1 1 1
 0.187249 1 1 1 1
 0.187249 1 1 1 1
 0.187249 1 1 1 1
 0.187249 1 1 1 1
 0.187249 1 1 1 1
 0.187249 1 1 1 1
 0.187249 1 1 1 1
 0.187249 1 1 1 1
 0.187249 1 1 1 1
 0.187249 1 1 1 1
Scru_reclas
 1 1 1 1 1
 1 1 1 1 1
 1 1 1 1 1
 1 1 1 1 1
 1 1 1 1 1
 1 1 1 1 1
 1 1 1 1 1
 1 1 1 1 1
 1 1 1 1 1
 1 1 1 1 1
 1 1 1 1 1
 1 1 1 1 1
 1 1 1 1 1
 1 1 1 1 1
 1 1 1 1 1
 1 1 1 1 1
 1 1 1 1 1
 1 1 1 1 1
 1 1 1 1 1
 1 1 1 1 1
 1 1 1 1 1
 1 1 1 1 1
 1 1 1 1 1
 1 1 1 1 1
 1 1 1 1 1
Scru_pelaces
 1 1 1 1 1
 1 1 1 1 1
 1 1 1 1 1
 1 1 1 1 1
 1 1 1 1 1
 1 1 1 1 1
 1 1 1 1 1
 1 1 1 1 1
 1 1 1 1 1
 1 1 1 1 1
 1 1 1 1 1
 1 1 1 1 1
 1 1 1 1 1
 1 1 1 1 1
 1 1 1 1 1
 1 1 1 1 1
 1 1 1 1 1
 1 1 1 1 1
 1 1 1 1 1
 1 1 1 1 1
 1 1 1 1 1
 1 1 1 1 1
 1 1 1 1 1
 1 1 1 1 1
 1 1 1 1 1
pf_obs 
 0.256992 0.487395 0.22802 0.0275931 0
 0.321318 0.546541 0.124235 0.00734118 0.000564706
 0.182869 0.594174 0.210203 0.0122559 0.00049798
 0.330522 0.361315 0.267642 0.0388342 0.00168674
 0.649043 0.306663 0.0425973 0.00169635 0
 0.582887 0.30429 0.105238 0.00758474 0
 0.465427 0.430635 0.0974691 0.00646863 0
 0.296916 0.608066 0.0921331 0.00288517 0
 0.311714 0.524322 0.152257 0.0117073 0
 0.15457 0.633149 0.183074 0.0267441 0.00246327
 0.131901 0.49318 0.331252 0.0422183 0.00144891
 0.196976 0.569456 0.194076 0.0375587 0.00193317
 0.518974 0.381816 0.0799577 0.0180837 0.00116848
 0.0928022 0.601141 0.25162 0.0475244 0.00691264
 0.122501 0.610282 0.24278 0.0234846 0.000952079
 0.383417 0.481906 0.127806 0.00687128 0
 0.0376549 0.599619 0.316969 0.0457579 0
 0.0361596 0.667082 0.258105 0.0386534 0
 0.158088 0.579412 0.248529 0.0139706 0
 0.0477256 0.309471 0.559284 0.082774 0.000745712
 0.0406174 0.521527 0.379366 0.0568643 0.0016247
 0.151134 0.462217 0.34131 0.0453401 0
 0.294876 0.26143 0.354403 0.0886775 0.000613685
 0.281977 0.475581 0.204845 0.0348837 0.00271318
 0.0354234 0.537034 0.353287 0.0723622 0.0018943
pf_pred 
 0.33863 0.465516 0.175031 0.0208119 1.11087e-05
 0.31651 0.52678 0.110303 0.0414731 0.00493395
 0.179029 0.612277 0.160845 0.0336794 0.0141697
 0.3007 0.419496 0.208677 0.0548194 0.016308
 0.320005 0.480327 0.119776 0.0595825 0.0203086
 0.172344 0.593559 0.165359 0.0412346 0.0275036
 0.263429 0.403724 0.238703 0.0665002 0.0276435
 0.207616 0.529631 0.144018 0.0851512 0.0335833
 0.241125 0.462029 0.198413 0.0539525 0.0444808
 0.214543 0.5157 0.164237 0.0705297 0.0349901
 0.114885 0.545117 0.223229 0.0710929 0.045676
 0.111965 0.406878 0.296331 0.12135 0.0634767
 0.193038 0.360976 0.204341 0.148822 0.0928229
 0.172942 0.523007 0.13601 0.0769925 0.0910484
 0.247357 0.494447 0.163275 0.0424606 0.0524601
 0.326546 0.50023 0.113799 0.0375786 0.0218464
 0.218837 0.591627 0.140784 0.0320275 0.0167245
 0.230121 0.485482 0.215393 0.051255 0.0177491
 0.226723 0.491504 0.177685 0.078833 0.0252552
 0.327538 0.422365 0.158965 0.0574676 0.0336647
 0.268607 0.539728 0.120383 0.0453082 0.0259746
 0.252551 0.501 0.181866 0.040564 0.0240193
 0.301354 0.457037 0.161945 0.0587871 0.0208762
 0.249984 0.531802 0.14275 0.0505817 0.0248819
 0.0860027 0.596528 0.225103 0.0604237 0.0319425
pobs_RECLAS
 0 0 0 0 0
 0 0 0 0 0
 0 0 0 0 0
 0 0 0 0 0
 0.835266 0.146461 0.0176864 0.000547809 3.91292e-05
 0.385257 0.428462 0.181853 0.0044286 0
 0.867414 0.0963971 0.0333333 0.00285562 0
 0.441836 0.489002 0.0689373 0.000224442 0
 0.779404 0.147425 0.0564933 0.0165055 0.000172143
 0.814271 0.122319 0.05973 0.00367925 0
 0.40263 0.566651 0.0304383 0.000280538 0
 0.475488 0.404961 0.113038 0.00651328 0
 0.955842 0.0263864 0.0167828 0.000988607 0
 0.975058 0.0227948 0.00214734 0 0
 0.738997 0.206755 0.0527124 0.00153531 0
 0.850938 0.134255 0.0134407 0.00136685 0
 0.542534 0.407297 0.0501686 0 0
 0.764087 0.199537 0.0359546 0.000420521 0
 0.470689 0.182191 0.310203 0.0369168 0
 0.84361 0.089868 0.0606195 0.00523954 0.000663233
 0.607945 0.314616 0.071237 0.00620181 0
 0.523733 0.453247 0.0230204 0 0
 0.530135 0.295979 0.169645 0.0042399 0
 0.562478 0.366248 0.0663022 0.0049721 0
 0.250443 0.683176 0.0655157 0.000865301 0
ppred_RECLAS
 0.737695 0.184628 0.0694188 0.00825419 4.4058e-06
 0.716635 0.218396 0.0457299 0.0171941 0.00204555
 0.546964 0.337872 0.0887588 0.0185852 0.00781926
 0.697734 0.181323 0.0901989 0.0236952 0.00704899
 0.715551 0.200926 0.0501038 0.024924 0.00849532
 0.529083 0.337721 0.0940855 0.0234616 0.0156489
 0.657724 0.187606 0.110923 0.0309019 0.0128456
 0.58634 0.276491 0.0751838 0.0444527 0.017532
 0.632619 0.223674 0.0960539 0.0261191 0.0215337
 0.596 0.26525 0.0844755 0.0362769 0.0179971
 0.4159 0.359731 0.147312 0.0469152 0.0301422
 0.408286 0.27111 0.197451 0.0808575 0.0422957
 0.571799 0.191546 0.10843 0.0789702 0.049255
 0.551492 0.283623 0.0737575 0.0417525 0.0493749
 0.65681 0.225458 0.0744503 0.0193612 0.0239207
 0.726387 0.203235 0.0462347 0.0152675 0.00887583
 0.603329 0.300425 0.0714893 0.0162634 0.00849261
 0.617318 0.241318 0.107065 0.0254772 0.00882249
 0.612349 0.246396 0.0890749 0.0395197 0.0126607
 0.72417 0.173245 0.0652039 0.023572 0.0138085
 0.663191 0.248547 0.0554367 0.0208646 0.0119614
 0.644633 0.238195 0.0864663 0.0192857 0.0114197
 0.69864 0.197142 0.0698548 0.0253577 0.00900491
 0.641693 0.254059 0.0681963 0.0241645 0.0118869
 0.335814 0.433487 0.163578 0.0439089 0.023212
pobs_PELACES
 0 0 0 0 0
 0 0 0 0 0
 0 0 0 0 0
 0 0 0 0 0
 0 0 0 0 0
 0 0 0 0 0
 0 0 0 0 0
 0 0 0 0 0
 0 0 0 0 0
 0 0 0 0 0
 0.450072 0.473896 0.0757376 0.000293798 0
 0 0 0 0 0
 0.463077 0.371075 0.160297 0.00555027 0
 0.529543 0.364841 0.0842815 0.0213345 0
 0.631943 0.363953 0.00410389 0 0
 0.735681 0.248677 0.0153453 0.000297389 0
 0.695825 0.281241 0.0229344 0 0
 0.275771 0.60734 0.115278 0.00161068 0
 0 0 0 0 0
 0.896147 0.0623911 0.0374545 0.00400742 0
 0.803859 0.145111 0.0509908 3.86294e-05 0
 0.739449 0.233085 0.0266225 0.000797448 4.60066e-05
 0.878498 0.100942 0.0204185 0.000141795 0
 0.694673 0.275183 0.0284847 0.00165964 0
 0.469039 0.446079 0.0841089 0.000773354 0
ppred_PELACES
 0.759829 0.169048 0.063561 0.00755766 4.03402e-06
 0.736107 0.203388 0.0425875 0.0160126 0.00190498
 0.582084 0.31168 0.0818781 0.0171445 0.00721311
 0.703449 0.177895 0.0884934 0.0232471 0.0069157
 0.716611 0.200177 0.049917 0.0248311 0.00846366
 0.541655 0.328705 0.0915736 0.0228352 0.0152311
 0.664791 0.183732 0.108633 0.0302639 0.0125804
 0.601233 0.266537 0.072477 0.0428523 0.0169008
 0.648502 0.214004 0.0919013 0.0249899 0.0206027
 0.609155 0.256613 0.0817249 0.0350957 0.0174111
 0.443704 0.342607 0.1403 0.044682 0.0287074
 0.433955 0.259349 0.188885 0.0773499 0.0404609
 0.612138 0.173501 0.0982152 0.0715307 0.0446148
 0.622246 0.23888 0.0621219 0.0351659 0.0415858
 0.715167 0.18712 0.0617905 0.0160689 0.0198532
 0.747107 0.187844 0.0427335 0.0141114 0.00820369
 0.621408 0.286733 0.068231 0.0155222 0.00810554
 0.629433 0.233678 0.103675 0.0246706 0.00854319
 0.622765 0.239775 0.0866815 0.0384578 0.0123205
 0.733312 0.167504 0.063043 0.0227908 0.0133509
 0.667878 0.245088 0.0546652 0.0205742 0.0117949
 0.650945 0.233965 0.0849306 0.0189432 0.0112169
 0.705538 0.19263 0.0682561 0.0247774 0.00879881
 0.648948 0.248915 0.0668156 0.0236752 0.0116462
 0.342947 0.428831 0.161822 0.0434373 0.0229628
pobs_pel_tallas
 0 0 0 0 0 0 0 0 0 0 0 0 0 0 0 0 0 0 0 0 0 0 0 0 0 0 0 0 0 0 0 0 0 0 0 0
 0 0 0 0 0 0 0 0 0 0 0 0 0 0 0 0 0 0 0 0 0 0 0 0 0 0 0 0 0 0 0 0 0 0 0 0
 0 0 0 0 0 0 0 0 0 0 0 0 0 0 0 0 0 0 0 0 0 0 0 0 0 0 0 0 0 0 0 0 0 0 0 0
 0 0 0 0 0 0 0 0 0 0 0 0 0 0 0 0 0 0 0 0 0 0 0 0 0 0 0 0 0 0 0 0 0 0 0 0
 0 0 0 0 0 0 0 0 0 0 0 0 0 0 0 0 0 0 0 0 0 0 0 0 0 0 0 0 0 0 0 0 0 0 0 0
 0 0 0 0 0 0 0 0 0 0 0 0 0 0 0 0 0 0 0 0 0 0 0 0 0 0 0 0 0 0 0 0 0 0 0 0
 0 0 0 0 0 0 0 0 0 0 0 0 0 0 0 0 0 0 0 0 0 0 0 0 0 0 0 0 0 0 0 0 0 0 0 0
 0 0 0 0 0 0 0 0 0 0 0 0 0 0 0 0 0 0 0 0 0 0 0 0 0 0 0 0 0 0 0 0 0 0 0 0
 0 0 0 0 0 0 0 0 0 0 0 0 0 0 0 0 0 0 0 0 0 0 0 0 0 0 0 0 0 0 0 0 0 0 0 0
 0 0 0 0 0 0 0 0 0 0 0 0 0 0 0 0 0 0 0 0 0 0 0 0 0 0 0 0 0 0 0 0 0 0 0 0
 0 0 0 0 0 0 0 0 1.78061e-05 0.00172719 0.00360574 0.0105946 0.0120993 0.0124554 0.0147524 0.0171206 0.0266825 0.0428682 0.0675386 0.121331 0.153587 0.119568 0.100827 0.0573624 0.0630603 0.0341343 0.0324427 0.0444173 0.0211091 0.0280891 0.0125444 0.00206551 0 0 0 0
 0 0 0 0 0 0 0 0 0 0 0 0 0 0 0 0 0 0 0 0 0 0 0 0 0 0 0 0 0 0 0 0 0 0 0 0
 0 0 0 0 0 0 0.0133647 0.0140871 0.0187388 0.0205184 0.03894 0.0496705 0.03968 0.0493445 0.0407372 0.0367815 0.0215668 0.0243155 0.0234873 0.0199281 0.019796 0.0243948 0.0301388 0.0376714 0.0412746 0.0863199 0.0771752 0.113111 0.0741005 0.0525337 0.0229764 0.00759418 0.00175318 0 0 0
 0 0 0 0 0 0 0 0 0 0 0.00219441 0.00772107 0.0458388 0.0604681 0.0671733 0.0775358 0.0609151 0.0617685 0.073594 0.0568108 0.0755445 0.0548602 0.0670107 0.0636378 0.0643287 0.046367 0.0373049 0.0286899 0.0247887 0.0153202 0.00654259 0.00121912 0.000365735 0 0 0
 0 0 0 0 0 0 0 0 0 0 0 0 0.000112435 0.00938835 0.0111873 0.0202946 0.0414886 0.0713402 0.111592 0.104902 0.108894 0.110636 0.117776 0.105296 0.107544 0.0401394 0.0192827 0.0124803 0.00416011 0.0028671 0.000618394 0 0 0 0 0
 0 0 0 0 0 0 0 0 0 0 0.00291406 0.0102884 0.027416 0.0768956 0.0749926 0.110853 0.0956884 0.0897413 0.0766577 0.0534642 0.0500743 0.0551293 0.0594112 0.0620874 0.0668451 0.0424026 0.0208742 0.0120726 0.0048766 0.00582813 0.00118941 0.000297354 0 0 0 0
 0 0.00264628 0.0354308 0.0461629 0.0458689 0.0383711 0.0214643 0.0164657 0.0346957 0.0420465 0.0363128 0.0245516 0.0311673 0.0291091 0.0169068 0.0133784 0.00837989 0.0085269 0.0148486 0.0160247 0.0276389 0.0546898 0.0760071 0.122758 0.109233 0.0665981 0.0333725 0.0166128 0.00676272 0.00308733 0.000882094 0 0 0 0 0
 0 0 0 0 0 0 0 0.000805153 0.000690131 0.00759144 0.0133425 0.0154129 0.00931677 0.000345066 0.00356568 0.00563607 0.00851162 0.0253048 0.0502646 0.0516448 0.0657925 0.0565908 0.0611916 0.0827007 0.0866115 0.110766 0.145733 0.0935128 0.0569358 0.0249597 0.0138026 0.00621118 0.00161031 0.00115022 0 0
 0 0 0 0 0 0 0 0 0 0 0 0 0 0 0 0 0 0 0 0 0 0 0 0 0 0 0 0 0 0 0 0 0 0 0 0
 0.00147267 0.00158595 0.00478618 0.00569244 0.00954404 0.0108468 0.00647125 0.017049 0.0510054 0.094081 0.124002 0.0959785 0.0687766 0.0820023 0.061753 0.0591476 0.0492212 0.0479892 0.0443925 0.0268479 0.0217502 0.0140895 0.0121071 0.0120363 0.00920419 0.00665534 0.0049561 0.00860946 0.00930331 0.0156896 0.0114698 0.00855282 0.00243557 0.00046729 0 2.83206e-05
 0 0 0 0 0.000772559 0.00158375 0.000888443 0.00281984 0.00712685 0.0440552 0.0773331 0.111326 0.0921469 0.0852325 0.0710754 0.0886704 0.0786465 0.0553345 0.0373146 0.0185414 0.00753245 0.00457741 0.012979 0.0271748 0.0457355 0.0583668 0.034881 0.0177882 0.00938659 0.00492506 0.0015258 0.00185414 0.000309023 5.79419e-05 3.86279e-05 0
 0 0.00173294 0.00326652 0 0.00397197 0.00683976 0.00946217 0.0152591 0.00757587 0.0136028 0.0228656 0.0392903 0.0559909 0.0764795 0.0681675 0.0726916 0.0566044 0.0477403 0.0527397 0.0444891 0.0609904 0.0582453 0.0661739 0.0445044 0.0529084 0.0360697 0.0280645 0.0235558 0.0158879 0.00826598 0.00280645 0.00217768 0.000904811 0.00058276 9.20147e-05 0
 0 0 0 0 0 0 0 0 0 0 0 0 0 0 0 0 0 0 0 0 0 0 0 0 0 0 0 0 0 0 0 0 0 0 0 0
 0 0 0 0 0 0 0 0 0 0 0 0 0 0 0 0 0 0 0 0 0 0 0 0 0 0 0 0 0 0 0 0 0 0 0 0
 0 0 0 0 0 0 0 0 0 0 0 0 0 0 0 0 0 0 0 0 0 0 0 0 0 0 0 0 0 0 0 0 0 0 0 0
ppred_pel_tallas
 1.01218e-16 3.31517e-05 0.000194575 0.000924926 0.00356102 0.0111047 0.0280496 0.0573932 0.0951355 0.127764 0.139031 0.122633 0.0877783 0.0512155 0.0248327 0.0109004 0.00579939 0.00526841 0.00669459 0.00892533 0.0114793 0.0140545 0.0163679 0.0181538 0.0192105 0.0194422 0.0188766 0.0176489 0.0159615 0.0140329 0.0120538 0.010161 0.00843327 0.00690134 0.00556646 0.0044166
 1.01311e-16 3.21187e-05 0.000188507 0.000896071 0.00344991 0.0107582 0.0271744 0.0556028 0.0921688 0.123783 0.134708 0.118841 0.0851107 0.0497527 0.0242978 0.0109616 0.00625246 0.00605092 0.00782236 0.0104298 0.0133672 0.0162867 0.0188516 0.0207492 0.0217497 0.0217571 0.0208287 0.0191526 0.0169951 0.0146357 0.0123102 0.0101788 0.00832048 0.00674896 0.00543846 0.00434783
 1.02191e-16 2.5407e-05 0.000149094 0.000708673 0.00272834 0.008508 0.0214907 0.0439743 0.0728978 0.0979162 0.106596 0.0941283 0.0676054 0.0399098 0.0202194 0.010357 0.00763249 0.00884036 0.0119863 0.0161171 0.0207025 0.0252684 0.0293095 0.0323452 0.0340178 0.0341712 0.0328818 0.0304252 0.0271984 0.0236209 0.0200498 0.0167314 0.0137928 0.0112651 0.0091207 0.00730881
 1.02437e-16 3.06937e-05 0.000180144 0.000856314 0.00329684 0.0102809 0.0259687 0.0531356 0.0880788 0.118289 0.128727 0.113559 0.0813163 0.0475115 0.0231618 0.0103829 0.00583932 0.00560009 0.00725605 0.00974205 0.0126037 0.0155418 0.0182649 0.0204934 0.022007 0.0226886 0.0225429 0.0216813 0.020283 0.0185455 0.0166433 0.0147043 0.0128075 0.0109942 0.0092861 0.00769842
 1.02023e-16 3.12684e-05 0.000183516 0.000872342 0.00335855 0.0104733 0.0264548 0.0541303 0.0897281 0.120506 0.131143 0.115698 0.0828647 0.0484504 0.0236821 0.0107194 0.00616654 0.00601712 0.00780789 0.0104359 0.0134119 0.0163987 0.0190686 0.0211146 0.0223079 0.0225471 0.0218773 0.0204684 0.0185655 0.0164256 0.0142654 0.0122311 0.010395 0.00877205 0.00734445 0.00608451
 1.02904e-16 2.36448e-05 0.000138747 0.000659478 0.00253892 0.0079173 0.0199987 0.0409217 0.0678385 0.0911243 0.0992115 0.0876311 0.0629898 0.0372875 0.0190807 0.0100847 0.00781573 0.00930636 0.0127059 0.0171164 0.0220144 0.0269111 0.0312775 0.0346081 0.036524 0.0368563 0.0356775 0.0332681 0.0300341 0.0264048 0.022745 0.0193052 0.0162144 0.013505 0.0111523 0.00911118
 1.0323e-16 2.90083e-05 0.000170248 0.000809268 0.0031157 0.009716 0.0245419 0.0502163 0.0832402 0.111793 0.121662 0.107338 0.0768853 0.0449715 0.0220159 0.0100279 0.00586657 0.00582775 0.00764216 0.0103048 0.0133803 0.016571 0.0195803 0.0221182 0.0239511 0.0249461 0.0250908 0.0244789 0.023273 0.0216562 0.0197924 0.0178048 0.0157746 0.0137526 0.0117761 0.00988029
 1.03378e-16 2.62401e-05 0.000153989 0.000731955 0.002818 0.00878761 0.0221969 0.045419 0.075291 0.101126 0.110077 0.0971715 0.0697241 0.0410259 0.0205366 0.0101157 0.00696239 0.00775211 0.0104283 0.0140348 0.018081 0.0221596 0.0258439 0.0287273 0.0305032 0.031031 0.0303607 0.0287055 0.0263759 0.0236982 0.020946 0.0183031 0.01586 0.0136369 0.0116163 0.00977257
 1.03196e-16 2.82992e-05 0.000166082 0.000789458 0.00303942 0.00947811 0.023941 0.0489871 0.0812037 0.109061 0.118697 0.10474 0.0750653 0.0439887 0.0216866 0.010133 0.00627657 0.00651125 0.00862004 0.0116041 0.0150032 0.0184776 0.0216823 0.0242853 0.0260281 0.0267787 0.0265524 0.0254928 0.0238228 0.0217834 0.0195828 0.017368 0.0152225 0.0131826 0.01126 0.00946105
 1.03264e-16 2.65852e-05 0.000156016 0.000741592 0.00285511 0.00890333 0.0224892 0.0460169 0.0762818 0.102455 0.111521 0.0984392 0.0706179 0.04152 0.0207252 0.0101119 0.00683736 0.00753011 0.0101073 0.0136066 0.0175439 0.0215245 0.0251368 0.0279866 0.0297744 0.0303587 0.0297802 0.0282366 0.0260201 0.023441 0.0207618 0.0181621 0.0157352 0.0135083 0.0114734 0.0096137
 1.0498e-16 1.93743e-05 0.000113674 0.000540274 0.00207995 0.00648602 0.0163834 0.0335247 0.0555785 0.0746635 0.0813097 0.0718661 0.051761 0.0308485 0.0161711 0.00917484 0.00786849 0.00985871 0.0136493 0.0184954 0.0239223 0.0294475 0.0345299 0.0386403 0.0413676 0.0425038 0.0420782 0.0403257 0.0376082 0.0343159 0.0307844 0.0272495 0.0238433 0.0206206 0.0175957 0.0147742
 1.07315e-16 1.89459e-05 0.000111166 0.000528369 0.00203414 0.00634318 0.0160225 0.0327857 0.0543514 0.0730091 0.0794923 0.0702225 0.0504962 0.0299333 0.0153985 0.0082812 0.0066136 0.00804884 0.0111434 0.015224 0.0199196 0.0248812 0.0297119 0.0340058 0.0374211 0.039741 0.0409012 0.0409735 0.0401178 0.0385235 0.0363624 0.0337666 0.0308333 0.0276436 0.0242835 0.0208558
 1.05994e-16 2.67118e-05 0.000156767 0.000745181 0.00286896 0.00894654 0.0225983 0.0462394 0.0766483 0.102941 0.112031 0.0988448 0.0708129 0.0414418 0.0203303 0.00933459 0.0055701 0.00563547 0.00745201 0.010106 0.0132081 0.0164947 0.0197006 0.0225629 0.0248644 0.0264725 0.0273553 0.027567 0.0272141 0.0264139 0.0252627 0.0238235 0.0221326 0.0202163 0.0181105 0.0158717
 1.04112e-16 2.71552e-05 0.000159364 0.000757515 0.00291642 0.00909454 0.0229722 0.047005 0.077919 0.104652 0.113906 0.100531 0.0720881 0.0423233 0.0210127 0.0100638 0.0065617 0.00705422 0.00941246 0.0126625 0.0163319 0.0200512 0.0234414 0.0261421 0.0278817 0.0285349 0.028144 0.0268934 0.0250501 0.0228916 0.0206459 0.0184595 0.0163974 0.0144657 0.0126429 0.0109071
 1.02418e-16 3.1205e-05 0.000183144 0.000870579 0.00335176 0.0104522 0.0264013 0.0540208 0.0895463 0.12026 0.130873 0.115454 0.0826764 0.0483129 0.0235644 0.0105817 0.00597239 0.00573706 0.00742047 0.00993079 0.0127947 0.015696 0.0183289 0.0204051 0.021706 0.0221283 0.021702 0.0205715 0.0189508 0.017067 0.0151124 0.0132186 0.011454 0.00983833 0.00836495 0.00702051
 1.01537e-16 3.25977e-05 0.000191321 0.000909451 0.00350143 0.0109189 0.0275803 0.056433 0.0935444 0.125629 0.136713 0.120599 0.0863471 0.0504298 0.0245436 0.010929 0.00603474 0.00567492 0.00727773 0.00969804 0.0124407 0.015179 0.0176021 0.0194215 0.0204241 0.0205189 0.0197549 0.0183004 0.0163953 0.0142909 0.0121992 0.0102633 0.00855372 0.00708278 0.00582866 0.00475735
 1.01975e-16 2.71207e-05 0.000159157 0.00075652 0.00291257 0.00908253 0.0229419 0.0469433 0.0778182 0.104521 0.113774 0.10044 0.0720792 0.042431 0.021275 0.010535 0.00731699 0.00818221 0.0109977 0.0147612 0.0189456 0.0231048 0.0267724 0.0295074 0.0309833 0.0310611 0.029816 0.0275079 0.0245071 0.0212035 0.0179277 0.0149055 0.0122507 0.00998663 0.00808191 0.00648358
 1.02795e-16 2.74685e-05 0.000161204 0.000766261 0.0029501 0.00919955 0.0232374 0.0475476 0.0788184 0.10586 0.115219 0.101687 0.0729103 0.0427932 0.0212226 0.0101267 0.00655623 0.00701982 0.00936708 0.0126186 0.0163039 0.0200573 0.0235004 0.0262676 0.0280747 0.0287765 0.0283914 0.0270807 0.0250949 0.0227075 0.0201578 0.0176183 0.0151916 0.0129251 0.0108354 0.00892859
 1.03206e-16 2.7178e-05 0.000159498 0.000758148 0.00291886 0.00910214 0.0229914 0.0470442 0.0779841 0.10474 0.114002 0.100617 0.0721528 0.0423675 0.0210465 0.0101005 0.00661433 0.00713505 0.00953408 0.012838 0.0165735 0.0203682 0.0238368 0.0266095 0.0284021 0.0290751 0.0286572 0.0273225 0.0253333 0.0229707 0.0204746 0.0180118 0.0156728 0.0134906 0.0114678 0.00959987
 1.02357e-16 3.19953e-05 0.000187787 0.000892652 0.00343676 0.0107172 0.0270708 0.0553905 0.0918159 0.123306 0.134182 0.118359 0.0847271 0.0494511 0.0240073 0.0105906 0.00571237 0.00526494 0.00673111 0.00900223 0.011616 0.0142817 0.0167246 0.0186856 0.0199653 0.0204655 0.0202045 0.019302 0.0179395 0.0163111 0.0145831 0.0128708 0.011237 0.00970507 0.00827763 0.00695273
 1.02114e-16 2.91453e-05 0.000171047 0.000813054 0.00313026 0.00976138 0.0246566 0.0504514 0.0836315 0.112323 0.122252 0.107888 0.0773442 0.0453699 0.0224513 0.0106271 0.00675825 0.0071287 0.00944373 0.0126513 0.0162419 0.019822 0.0229924 0.0253782 0.0267019 0.0268451 0.0258713 0.0239996 0.0215415 0.0188233 0.0161194 0.0136143 0.0113979 0.00948497 0.00784637 0.00643803
 1.02457e-16 2.84065e-05 0.000166711 0.000792441 0.0030509 0.0095139 0.0240314 0.0491722 0.0815111 0.109475 0.119152 0.105151 0.0753813 0.0442164 0.0218775 0.0103528 0.0065851 0.00695708 0.00923918 0.0124157 0.0160014 0.0196244 0.0229043 0.0254777 0.0270674 0.0275406 0.0269322 0.0254226 0.0232815 0.0207984 0.0182227 0.01573 0.013417 0.0113192 0.00943581 0.00775389
 1.02295e-16 3.07853e-05 0.00018068 0.000858862 0.00330665 0.0103115 0.026046 0.0532938 0.0883414 0.118643 0.129115 0.113908 0.0815804 0.0476948 0.0233046 0.0105362 0.00604714 0.00589548 0.00766047 0.010263 0.0132301 0.0162392 0.0189754 0.0211405 0.0225065 0.0229634 0.022538 0.0213752 0.0196921 0.0177212 0.0156616 0.013652 0.0117682 0.0100369 0.00845813 0.00702383
 1.02388e-16 2.832e-05 0.000166202 0.000790017 0.00304156 0.00948478 0.0239579 0.0490219 0.0812623 0.109142 0.118793 0.104842 0.0751765 0.0441301 0.0218971 0.0104649 0.00679014 0.00726821 0.00967294 0.0129813 0.0166919 0.0204106 0.0237332 0.0262775 0.0277574 0.0280452 0.0271956 0.0254195 0.0230217 0.0203239 0.0175983 0.0150303 0.012714 0.0106714 0.00888278 0.00731488
 1.05003e-16 1.49844e-05 8.78929e-05 0.000417691 0.00160795 0.00501407 0.0126655 0.0259182 0.0429733 0.0577452 0.0629259 0.0557137 0.0403369 0.0244606 0.0135931 0.00892918 0.00900685 0.0120331 0.0168623 0.02286 0.0295179 0.0362464 0.042367 0.0472165 0.0502848 0.051323 0.0503864 0.047794 0.0440273 0.0396039 0.0349696 0.0304382 0.0261842 0.0222739 0.018713 0.0154875
pSPR Fmed_Fpbrs
0.70316   0.337384 0.337384
Fs Fmed_Fpbrs
0.221823   1.005 1.005
SSBpbr Bo_Bmed_Bpbrs
1.31534e+06  859130  378009 378009
Ro
55707.5
SPR SPRFo_SPRFmed_SPRFpbrs
1.14411e+06 804492 386004
log_Ro
10.7479
likeval ReclasPelacesDesembMPH_pf_preclas_ppelaces_ptallas_desvR_qrecl_qpela
 64.6582 27.1595 0.0179129 0.00134527 316.242 198.823 77.9856 0 15.7079 8.02479e-05 0 0 0 0 0
q_reclas_q_pelaces
0.280999 1
M
0.7
N
 51252.8 15332.1 5764.78 685.456 0.365873
 66311 23443.3 4908.8 1845.67 219.575
 40089.1 30751.4 8078.37 1691.53 711.669
 66526.1 18017.1 8962.58 2354.46 700.421
 114524 32413.4 8082.75 4020.75 1370.47
 82227.2 56664.4 15786.1 3936.49 2625.65
 131741 39417 23305.5 6492.66 2698.94
 123591 63995.7 17401.8 10288.9 4057.89
 149757 58784 25244 6864.38 5659.29
 146523 70870.1 22570.3 9692.55 4808.52
 68168.1 70023.6 28675.2 9132.31 5867.35
 40149.6 31272.8 22776.1 9326.99 4878.85
 42928.4 18524.2 10486.2 7637.14 4763.4
 23684.6 18970.1 4933.26 2792.61 3302.44
 18515.1 9589.71 3166.7 823.515 1017.45
 23123 7606.75 1730.49 571.44 332.208
 19069 10657 2535.94 576.912 301.258
 21241.7 8978.97 3983.68 947.958 328.268
 23652.7 10175 3678.4 1631.99 522.829
 44386.5 11389.4 4286.62 1549.66 907.797
 55156.6 21341.4 4760.05 1791.53 1027.06
 70046 26990.2 9797.62 2185.29 1293.99
 115018 34118.5 12089.4 4388.54 1558.44
 134368 55816.1 14982.6 5308.88 2611.52
 48180.1 65264.8 24628 6610.82 3494.75
pred_Ctot
 2922.07 4016.98 1510.36 179.588 0.0958578
 3166.19 5269.63 1103.41 414.874 49.3566
 2753.7 9417.61 2474 518.032 217.949
 902.504 1259.05 626.313 164.532 48.946
 299.364 449.344 112.05 55.7392 18.9986
 2054.57 7076.01 1971.3 491.571 327.879
 2066.58 3167.18 1872.61 521.689 216.862
 3759.62 9590.82 2607.94 1541.96 608.143
 5078.71 9731.52 4179.08 1136.38 936.88
 3973.6 9551.42 3041.89 1306.3 648.061
 3751.36 17799.8 7289.14 2321.41 1491.47
 2055.67 7470.27 5440.64 2227.98 1165.43
 3422.73 6400.42 3623.14 2638.75 1645.83
 3182.32 9623.9 2502.74 1416.75 1675.39
 2324.4 4646.29 1534.29 399 492.964
 1200.77 1839.44 418.462 138.184 80.3335
 712.437 1926.08 458.33 104.267 54.4476
 541.708 1142.83 507.039 120.655 41.7816
 516.702 1120.14 404.943 179.66 57.5567
 1016.07 1310.24 493.133 178.273 104.433
 579.348 1164.12 259.649 97.7236 56.0236
 964.638 1913.61 694.651 154.937 91.7436
 1885.12 2858.99 1013.05 367.742 130.591
 2117.59 4504.84 1209.22 428.472 210.772
 762.097 5286.02 1994.71 535.433 283.052
F
 0.0821877 0.438922 0.438922 0.438922 0.438922
 0.0684194 0.365393 0.365393 0.365393 0.365393
 0.0997807 0.532877 0.532877 0.532877 0.532877
 0.0190228 0.101591 0.101591 0.101591 0.101591
 0.0036406 0.0194425 0.0194425 0.0194425 0.0194425
 0.0352884 0.188457 0.188457 0.188457 0.188457
 0.0220254 0.117626 0.117626 0.117626 0.117626
 0.0431095 0.230226 0.230226 0.230226 0.230226
 0.0481666 0.257233 0.257233 0.257233 0.257233
 0.038352 0.204818 0.204818 0.204818 0.204818
 0.0792286 0.423119 0.423119 0.423119 0.423119
 0.0735309 0.39269 0.39269 0.39269 0.39269
 0.116671 0.62308 0.62308 0.62308 0.62308
 0.204134 1.09017 1.09017 1.09017 1.09017
 0.18955 1.01229 1.01229 1.01229 1.01229
 0.0746133 0.398471 0.398471 0.398471 0.398471
 0.0531804 0.284009 0.284009 0.284009 0.284009
 0.0360283 0.192408 0.192408 0.192408 0.192408
 0.0307912 0.16444 0.16444 0.16444 0.16444
 0.032287 0.172428 0.172428 0.172428 0.172428
 0.0147006 0.078508 0.078508 0.078508 0.078508
 0.0193132 0.103142 0.103142 0.103142 0.103142
 0.0230228 0.122953 0.122953 0.122953 0.122953
 0.0221288 0.118179 0.118179 0.118179 0.118179
 0.0222111 0.118618 0.118618 0.118618 0.118618
YTP_r0W_actual
 8611.7 106778 61636.5 21042.5 11435.3
YTP_p0W_proyectada
 55194.7 238130 426198 211120 93214.6
CTP_r0_actual
 762.097 5286.02 1994.71 535.433 283.052
CTP_p0_proyectada
 6493.49 11285.8 13882.7 5238.7 2026.4
Wmedp
 8.5 21.1 30.7 40.3 46
nmprior
 10.6 11 7 0
nm_flota  nm_reclas  nm_pelaces    nm_pelaL
inf 13.7593 20.8651 51.9096
cv_recla  cv_pelaces  cv_mph
0.727339 0.590926 1.18999
 ------------------------------------------------
Talla a la edad & desviaci?n 
 7.2 14.2025 17.0495 18.207 18.6776
 1.08 2.13037 2.55742 2.73105 2.80164
