years
 1997 1998 1999 2000 2001 2002 2003 2004 2005 2006 2007 2008 2009 2010 2011 2012 2013 2014 2015 2016 2017 2018 2019 2020 2021
reclasobs
 0 0 0 370054 412103 1.49427e+06 250295 1.28982e+06 931140 785840 897777 1.04006e+06 184774 17550 25797 100020 73551 82996 120727 218422 84188 347160 605670 569463 516374
reclaspred
 3.45093e+06 593719 1.68116e+06 1.0559e+06 1.00095e+06 1.07282e+06 1.77422e+06 923802 774925 570924 377740 268595 223334 205571 375670 619090 854205 1.28992e+06 1.35735e+06 1.46366e+06 1.51245e+06 1.10535e+06 1.38165e+06 1.11201e+06 1.23587e+06
pelacesobs
 0 0 0 0 0 0 0 0 0 2.06254e+06 1.5e+06 0 1.87456e+06 323000 250000 174000 83755 137374 0 501740 490994 745055 786931 1.00524e+06 1.33801e+06
pelacespred
 1.89203e+06 730624 679651 779909 633567 556952 856104 642050 427400 319257 157391 121930 101412 85544.3 186383 330094 481004 705821 810133 847367 927969 737175 691838 663751 678239
mphobs
 0 0 0 0 0 112323 0 153150 637223 0 255016 313432 73983 77613 109348 50772 0 0 0 0 0 0 0 0 0
mphpred
 2.55247e+06 1.23248e+06 949071 1.16556e+06 911285 958560 1.21129e+06 1.12778e+06 754222 573613 425801 249334 204545 175432 228992 466363 651123 994887 1.21889e+06 1.26361e+06 1.34329e+06 1.16251e+06 1.10504e+06 1.05567e+06 1.03097e+06
desembarqueobs
 350755 77701 442110 56441 14545 235359 269955 359681 431902 328805 639364 411747 362871 311530 167758 66681 60226 58785 57116 73181 50977 67692 138656 160484 209506
desembarquepred
 350797 77714 442316 56446.9 14545.1 235322 269802 358671 429694 326702 632112 410311 362486 312815 168153 66733.2 60261.9 58804.9 57131.4 73204.1 50984.8 67702.1 138676 160487 209498
Reclutas
 63037.5 63037.5 63037.5 63037.5 63037.5 63037.5 63037.5 63037.5 63037.5 63037.5 63037.5 63037.5 63037.5 63037.5 63037.5 63037.5 63037.5 63037.5 63037.5 63037.5 63037.5 63037.5 63037.5 63037.5 63037.5
log_desv_Rt
 0 0 0 0 0 0 0 0 0 0 0 0 0 0 0 0 0 0 0 0 0 0 0 0 0
SSB
 2.55247e+06 1.23248e+06 949071 1.16556e+06 911285 958560 1.21129e+06 1.12778e+06 754222 573613 425801 249334 204545 175432 228992 466363 651123 994887 1.21889e+06 1.26361e+06 1.34329e+06 1.16251e+06 1.10504e+06 1.05567e+06 1.03097e+06
BT
 4.62058e+06 1.50548e+06 1.91473e+06 1.63801e+06 1.31222e+06 1.27328e+06 2.13179e+06 1.77e+06 1.38609e+06 1.04282e+06 971487 723498 632219 507723 650757 782431 1.1309e+06 1.55378e+06 1.66287e+06 1.77525e+06 1.95997e+06 1.4772e+06 1.44721e+06 1.48133e+06 1.62726e+06
Ftot
 0.0990371 0.127318 0.253849 0.0522326 0.0142281 0.212127 0.147739 0.371549 0.524518 0.540917 1.44343 1.35037 1.42944 1.35114 0.428709 0.105026 0.0688797 0.0445637 0.0411497 0.0488755 0.032972 0.0598136 0.0977884 0.140262 0.164525
BD_Bspro_t
 0.984974 0.900033 0.831013 0.733767 0.788074 0.835523 0.766447 0.729182 0.60742 0.491202 0.38917 0.219462 0.185861 0.17477 0.220076 0.390968 0.555192 0.731829 0.817422 0.862092 0.886356 0.904421 0.885162 0.847037 0.806422
BD_Bspro
 1.96915 0.950816 0.732178 0.899194 0.703027 0.739498 0.934475 0.870045 0.581859 0.442524 0.328492 0.192353 0.1578 0.13534 0.17666 0.359785 0.502321 0.767524 0.940334 0.974838 1.03631 0.896843 0.8525 0.814417 0.79536
BD_Bo
 1.86679 0.90139 0.694118 0.852452 0.666482 0.701058 0.885899 0.824818 0.551612 0.419521 0.311416 0.182354 0.149597 0.128305 0.167477 0.341082 0.476209 0.727627 0.891453 0.924164 0.982438 0.850223 0.808185 0.772082 0.754016
BD_Brms
 9.07994 4.3843 3.37614 4.14627 3.24172 3.4099 4.30895 4.01186 2.68301 2.04052 1.51471 0.886959 0.727631 0.624067 0.814595 1.659 2.31625 3.53913 4.33597 4.49507 4.77851 4.13543 3.93096 3.75535 3.66748
S_f
 0.5 1 1 1 1
 0.5 1 1 1 1
 0.5 1 1 1 1
 0.5 1 1 1 1
 0.5 1 1 1 1
 0.5 1 1 1 1
 0.5 1 1 1 1
 0.5 1 1 1 1
 0.5 1 1 1 1
 0.5 1 1 1 1
 0.5 1 1 1 1
 0.5 1 1 1 1
 0.5 1 1 1 1
 0.5 1 1 1 1
 0.5 1 1 1 1
 0.5 1 1 1 1
 0.5 1 1 1 1
 0.5 1 1 1 1
 0.5 1 1 1 1
 0.5 1 1 1 1
 0.5 1 1 1 1
 0.5 1 1 1 1
 0.5 1 1 1 1
 0.5 1 1 1 1
 0.5 1 1 1 1
Scru_reclas
 0.5 1 1 1 1
 0.5 1 1 1 1
 0.5 1 1 1 1
 0.5 1 1 1 1
 0.5 1 1 1 1
 0.5 1 1 1 1
 0.5 1 1 1 1
 0.5 1 1 1 1
 0.5 1 1 1 1
 0.5 1 1 1 1
 0.5 1 1 1 1
 0.5 1 1 1 1
 0.5 1 1 1 1
 0.5 1 1 1 1
 0.5 1 1 1 1
 0.5 1 1 1 1
 0.5 1 1 1 1
 0.5 1 1 1 1
 0.5 1 1 1 1
 0.5 1 1 1 1
 0.5 1 1 1 1
 0.5 1 1 1 1
 0.5 1 1 1 1
 0.5 1 1 1 1
 0.5 1 1 1 1
Scru_pelaces
 0.5 1 1 1 1
 0.5 1 1 1 1
 0.5 1 1 1 1
 0.5 1 1 1 1
 0.5 1 1 1 1
 0.5 1 1 1 1
 0.5 1 1 1 1
 0.5 1 1 1 1
 0.5 1 1 1 1
 0.5 1 1 1 1
 0.5 1 1 1 1
 0.5 1 1 1 1
 0.5 1 1 1 1
 0.5 1 1 1 1
 0.5 1 1 1 1
 0.5 1 1 1 1
 0.5 1 1 1 1
 0.5 1 1 1 1
 0.5 1 1 1 1
 0.5 1 1 1 1
 0.5 1 1 1 1
 0.5 1 1 1 1
 0.5 1 1 1 1
 0.5 1 1 1 1
 0.5 1 1 1 1
pf_obs 
 0.256992 0.487395 0.22802 0.0275931 0
 0.321318 0.546541 0.124235 0.00734118 0.000564706
 0.182869 0.594174 0.210203 0.0122559 0.00049798
 0.330522 0.361315 0.267642 0.0388342 0.00168674
 0.649043 0.306663 0.0425973 0.00169635 0
 0.582887 0.30429 0.105238 0.00758474 0
 0.465427 0.430635 0.0974691 0.00646863 0
 0.296916 0.608066 0.0921331 0.00288517 0
 0.311714 0.524322 0.152257 0.0117073 0
 0.15457 0.633149 0.183074 0.0267441 0.00246327
 0.131901 0.49318 0.331252 0.0422183 0.00144891
 0.196976 0.569456 0.194076 0.0375587 0.00193317
 0.518974 0.381816 0.0799577 0.0180837 0.00116848
 0.0928022 0.601141 0.25162 0.0475244 0.00691264
 0.122501 0.610282 0.24278 0.0234846 0.000952079
 0.383417 0.481906 0.127806 0.00687128 0
 0.0376549 0.599619 0.316969 0.0457579 0
 0.0361596 0.667082 0.258105 0.0386534 0
 0.158088 0.579412 0.248529 0.0139706 0
 0.0477256 0.309471 0.559284 0.082774 0.000745712
 0.0406174 0.521527 0.379366 0.0568643 0.0016247
 0.151134 0.462217 0.34131 0.0453401 0
 0.294876 0.26143 0.354403 0.0886775 0.000613685
 0.281977 0.475581 0.204845 0.0348837 0.00271318
 0.0841818 0.532909 0.334909 0.0458182 0.00218182
pf_pred 
 0.301979 0.351394 0.174497 0.0866527 0.0854772
 0.338667 0.311374 0.176175 0.0874857 0.0862988
 0.36843 0.325242 0.144228 0.0816037 0.0804966
 0.391537 0.338606 0.138969 0.0616255 0.0692622
 0.369946 0.356826 0.15205 0.0624037 0.0587746
 0.364775 0.343705 0.1651 0.070352 0.0560681
 0.388485 0.336077 0.149032 0.0715884 0.0548165
 0.400437 0.341675 0.14173 0.0628499 0.0533074
 0.44676 0.330859 0.126729 0.0525684 0.0430833
 0.488584 0.33415 0.106012 0.0406059 0.0306483
 0.541783 0.316855 0.0923631 0.0293031 0.0196955
 0.676617 0.255384 0.0470211 0.0137066 0.00727136
 0.688818 0.269295 0.0330794 0.00609056 0.00271724
 0.697169 0.264958 0.032775 0.00402598 0.00107197
 0.654635 0.3026 0.0374169 0.00462843 0.000719924
 0.508707 0.39853 0.0812766 0.01005 0.00143654
 0.423118 0.392761 0.149356 0.0304599 0.00430477
 0.386767 0.367506 0.1673 0.0636194 0.0148083
 0.36817 0.354378 0.166275 0.0756933 0.0354839
 0.359837 0.346365 0.164784 0.077317 0.0516969
 0.356326 0.342852 0.162762 0.0774344 0.0606255
 0.353722 0.34106 0.162574 0.0771786 0.0654654
 0.358269 0.338051 0.160261 0.0763922 0.0670271
 0.368083 0.337698 0.154989 0.0734759 0.0657544
 0.380123 0.339666 0.149745 0.0687266 0.0617389
pobs_RECLAS
 0 0 0 0 0
 0 0 0 0 0
 0 0 0 0 0
 0 0 0 0 0
 0.835266 0.146461 0.0176864 0.000547809 3.91292e-05
 0.385257 0.428462 0.181853 0.0044286 0
 0.867414 0.0963971 0.0333333 0.00285562 0
 0.441836 0.489002 0.0689373 0.000224442 0
 0.779404 0.147425 0.0564933 0.0165055 0.000172143
 0.814271 0.122319 0.05973 0.00367925 0
 0.40263 0.566651 0.0304383 0.000280538 0
 0.475488 0.404961 0.113038 0.00651328 0
 0.955842 0.0263864 0.0167828 0.000988607 0
 0.975058 0.0227948 0.00214734 0 0
 0.738997 0.206755 0.0527124 0.00153531 0
 0.850938 0.134255 0.0134407 0.00136685 0
 0.542534 0.407297 0.0501686 0 0
 0.764087 0.199537 0.0359546 0.000420521 0
 0.470689 0.182191 0.310203 0.0369168 0
 0.84361 0.089868 0.0606195 0.00523954 0.000663233
 0.607945 0.314616 0.071237 0.00620181 0
 0.523733 0.453247 0.0230204 0 0
 0.530135 0.295979 0.169645 0.0042399 0
 0.562478 0.366248 0.0663022 0.0049721 0
 0.250443 0.683176 0.0655157 0.000865301 0
ppred_RECLAS
 0.302646 0.351058 0.17433 0.0865699 0.0853955
 0.339603 0.310933 0.175925 0.0873619 0.0861767
 0.370595 0.324127 0.143733 0.0813239 0.0802206
 0.391917 0.338395 0.138883 0.0615871 0.0692189
 0.370043 0.356771 0.152026 0.062394 0.0587655
 0.366515 0.342763 0.164648 0.0701594 0.0559145
 0.389659 0.335432 0.148746 0.071451 0.0547113
 0.404023 0.339632 0.140883 0.062474 0.0529887
 0.452558 0.327392 0.125401 0.0520176 0.0426318
 0.494687 0.330162 0.104747 0.0401213 0.0302825
 0.566914 0.299477 0.0872975 0.027696 0.0186153
 0.696374 0.239782 0.0441484 0.0128692 0.00682714
 0.709885 0.251064 0.0308399 0.00567822 0.00253328
 0.716213 0.248296 0.0307139 0.0037728 0.00100456
 0.658678 0.299057 0.0369788 0.00457424 0.000711495
 0.50955 0.397846 0.0811371 0.0100327 0.00143407
 0.42364 0.392406 0.149221 0.0304323 0.00430088
 0.387087 0.367314 0.167212 0.0635862 0.0148005
 0.368459 0.354216 0.166199 0.0756587 0.0354677
 0.36018 0.346179 0.164696 0.0772756 0.0516692
 0.356553 0.342732 0.162704 0.0774071 0.0606041
 0.354143 0.340838 0.162468 0.0771283 0.0654228
 0.358986 0.337673 0.160082 0.0763067 0.0669522
 0.369167 0.337119 0.154723 0.07335 0.0656417
 0.381439 0.338945 0.149428 0.0685806 0.0616078
pobs_PELACES
 0 0 0 0 0
 0 0 0 0 0
 0 0 0 0 0
 0 0 0 0 0
 0 0 0 0 0
 0 0 0 0 0
 0 0 0 0 0
 0 0 0 0 0
 0 0 0 0 0
 0 0 0 0 0
 0.450072 0.473896 0.0757376 0.000293798 0
 0 0 0 0 0
 0.463077 0.371075 0.160297 0.00555027 0
 0.529543 0.364841 0.0842815 0.0213345 0
 0.631943 0.363953 0.00410389 0 0
 0.735681 0.248677 0.0153453 0.000297389 0
 0.695825 0.281241 0.0229344 0 0
 0.275771 0.60734 0.115278 0.00161068 0
 0 0 0 0 0
 0.896147 0.0623911 0.0374545 0.00400742 0
 0.803859 0.145111 0.0509908 3.86294e-05 0
 0.739449 0.233085 0.0266225 0.000797448 4.60066e-05
 0.878498 0.100942 0.0204185 0.000141795 0
 0.694673 0.275183 0.0284847 0.00165964 0
 0.469039 0.446079 0.0841089 0.000773354 0
ppred_PELACES
 0.306106 0.349316 0.173465 0.0861404 0.0849718
 0.344331 0.308707 0.174666 0.0867365 0.0855598
 0.380417 0.319069 0.14149 0.0800548 0.0789688
 0.393972 0.337251 0.138413 0.0613789 0.0689849
 0.370591 0.356461 0.151894 0.0623398 0.0587144
 0.374679 0.338346 0.162526 0.0692552 0.0551939
 0.395472 0.332238 0.14733 0.0707706 0.0541903
 0.418867 0.331172 0.137374 0.060918 0.0516688
 0.474074 0.314524 0.120472 0.0499731 0.0409562
 0.516993 0.315588 0.100123 0.0383502 0.0289458
 0.624205 0.259861 0.0757493 0.0240322 0.0161528
 0.741331 0.204277 0.0376114 0.0109637 0.00581625
 0.755965 0.211186 0.0259415 0.00477633 0.00213091
 0.759272 0.210622 0.0260537 0.00320036 0.000852135
 0.674398 0.285284 0.0352757 0.00436357 0.000678726
 0.51388 0.394334 0.0804208 0.00994414 0.00142141
 0.426417 0.390515 0.148502 0.0302857 0.00428015
 0.388833 0.366267 0.166736 0.0634051 0.0147584
 0.37004 0.353329 0.165783 0.0754692 0.0353789
 0.36204 0.345173 0.164217 0.0770509 0.051519
 0.357802 0.342066 0.162389 0.0772568 0.0604865
 0.356403 0.339645 0.1619 0.0768584 0.0651938
 0.362708 0.335713 0.159152 0.0758637 0.0665635
 0.374573 0.33423 0.153397 0.0727214 0.0650792
 0.387865 0.335424 0.147875 0.0678683 0.0609679
pobs_pel_tallas
 0 0 0 0 0 0 0 0 0 0 0 0 0 0 0 0 0 0 0 0 0 0 0 0 0 0 0 0 0 0 0 0 0 0 0 0
 0 0 0 0 0 0 0 0 0 0 0 0 0 0 0 0 0 0 0 0 0 0 0 0 0 0 0 0 0 0 0 0 0 0 0 0
 0 0 0 0 0 0 0 0 0 0 0 0 0 0 0 0 0 0 0 0 0 0 0 0 0 0 0 0 0 0 0 0 0 0 0 0
 0 0 0 0 0 0 0 0 0 0 0 0 0 0 0 0 0 0 0 0 0 0 0 0 0 0 0 0 0 0 0 0 0 0 0 0
 0 0 0 0 0 0 0 0 0 0 0 0 0 0 0 0 0 0 0 0 0 0 0 0 0 0 0 0 0 0 0 0 0 0 0 0
 0 0 0 0 0 0 0 0 0 0 0 0 0 0 0 0 0 0 0 0 0 0 0 0 0 0 0 0 0 0 0 0 0 0 0 0
 0 0 0 0 0 0 0 0 0 0 0 0 0 0 0 0 0 0 0 0 0 0 0 0 0 0 0 0 0 0 0 0 0 0 0 0
 0 0 0 0 0 0 0 0 0 0 0 0 0 0 0 0 0 0 0 0 0 0 0 0 0 0 0 0 0 0 0 0 0 0 0 0
 0 0 0 0 0 0 0 0 0 0 0 0 0 0 0 0 0 0 0 0 0 0 0 0 0 0 0 0 0 0 0 0 0 0 0 0
 0 0 0 0 0 0 0 0 0 0 0 0 0 0 0 0 0 0 0 0 0 0 0 0 0 0 0 0 0 0 0 0 0 0 0 0
 0 0 0 0 0 0 0 0 1.78061e-05 0.00172719 0.00360574 0.0105946 0.0120993 0.0124554 0.0147524 0.0171206 0.0266825 0.0428682 0.0675386 0.121331 0.153587 0.119568 0.100827 0.0573624 0.0630603 0.0341343 0.0324427 0.0444173 0.0211091 0.0280891 0.0125444 0.00206551 0 0 0 0
 0 0 0 0 0 0 0 0 0 0 0 0 0 0 0 0 0 0 0 0 0 0 0 0 0 0 0 0 0 0 0 0 0 0 0 0
 0 0 0 0 0 0 0.0133647 0.0140871 0.0187388 0.0205184 0.03894 0.0496705 0.03968 0.0493445 0.0407372 0.0367815 0.0215668 0.0243155 0.0234873 0.0199281 0.019796 0.0243948 0.0301388 0.0376714 0.0412746 0.0863199 0.0771752 0.113111 0.0741005 0.0525337 0.0229764 0.00759418 0.00175318 0 0 0
 0 0 0 0 0 0 0 0 0 0 0.00219441 0.00772107 0.0458388 0.0604681 0.0671733 0.0775358 0.0609151 0.0617685 0.073594 0.0568108 0.0755445 0.0548602 0.0670107 0.0636378 0.0643287 0.046367 0.0373049 0.0286899 0.0247887 0.0153202 0.00654259 0.00121912 0.000365735 0 0 0
 0 0 0 0 0 0 0 0 0 0 0 0 0.000112435 0.00938835 0.0111873 0.0202946 0.0414886 0.0713402 0.111592 0.104902 0.108894 0.110636 0.117776 0.105296 0.107544 0.0401394 0.0192827 0.0124803 0.00416011 0.0028671 0.000618394 0 0 0 0 0
 0 0 0 0 0 0 0 0 0 0 0.00291406 0.0102884 0.027416 0.0768956 0.0749926 0.110853 0.0956884 0.0897413 0.0766577 0.0534642 0.0500743 0.0551293 0.0594112 0.0620874 0.0668451 0.0424026 0.0208742 0.0120726 0.0048766 0.00582813 0.00118941 0.000297354 0 0 0 0
 0 0.00264628 0.0354308 0.0461629 0.0458689 0.0383711 0.0214643 0.0164657 0.0346957 0.0420465 0.0363128 0.0245516 0.0311673 0.0291091 0.0169068 0.0133784 0.00837989 0.0085269 0.0148486 0.0160247 0.0276389 0.0546898 0.0760071 0.122758 0.109233 0.0665981 0.0333725 0.0166128 0.00676272 0.00308733 0.000882094 0 0 0 0 0
 0 0 0 0 0 0 0 0.000805153 0.000690131 0.00759144 0.0133425 0.0154129 0.00931677 0.000345066 0.00356568 0.00563607 0.00851162 0.0253048 0.0502646 0.0516448 0.0657925 0.0565908 0.0611916 0.0827007 0.0866115 0.110766 0.145733 0.0935128 0.0569358 0.0249597 0.0138026 0.00621118 0.00161031 0.00115022 0 0
 0 0 0 0 0 0 0 0 0 0 0 0 0 0 0 0 0 0 0 0 0 0 0 0 0 0 0 0 0 0 0 0 0 0 0 0
 0.00147267 0.00158595 0.00478618 0.00569244 0.00954404 0.0108468 0.00647125 0.017049 0.0510054 0.094081 0.124002 0.0959785 0.0687766 0.0820023 0.061753 0.0591476 0.0492212 0.0479892 0.0443925 0.0268479 0.0217502 0.0140895 0.0121071 0.0120363 0.00920419 0.00665534 0.0049561 0.00860946 0.00930331 0.0156896 0.0114698 0.00855282 0.00243557 0.00046729 0 2.83206e-05
 0 0 0 0 0.000772559 0.00158375 0.000888443 0.00281984 0.00712685 0.0440552 0.0773331 0.111326 0.0921469 0.0852325 0.0710754 0.0886704 0.0786465 0.0553345 0.0373146 0.0185414 0.00753245 0.00457741 0.012979 0.0271748 0.0457355 0.0583668 0.034881 0.0177882 0.00938659 0.00492506 0.0015258 0.00185414 0.000309023 5.79419e-05 3.86279e-05 0
 0 0.00173294 0.00326652 0 0.00397197 0.00683976 0.00946217 0.0152591 0.00757587 0.0136028 0.0228656 0.0392903 0.0559909 0.0764795 0.0681675 0.0726916 0.0566044 0.0477403 0.0527397 0.0444891 0.0609904 0.0582453 0.0661739 0.0445044 0.0529084 0.0360697 0.0280645 0.0235558 0.0158879 0.00826598 0.00280645 0.00217768 0.000904811 0.00058276 9.20147e-05 0
 0 0 0 0 0 0 0 0 0 0 0 0 0 0 0 0 0 0 0 0 0 0 0 0 0 0 0 0 0 0 0 0 0 0 0 0
 0 0 0 0 0 0 0 0 0 0 0 0 0 0 0 0 0 0 0 0 0 0 0 0 0 0 0 0 0 0 0 0 0 0 0 0
 0 0 0 0 0 0 0 0 0 0 0 0 0 0 0 0 0 0 0 0 0 0 0 0 0 0 0 0 0 0 0 0 0 0 0 0
ppred_pel_tallas
 1.09507e-16 1.33746e-05 7.84496e-05 0.000372814 0.00143519 0.00447534 0.0113047 0.0231332 0.038355 0.0515372 0.0561554 0.0497061 0.0359593 0.0217508 0.0119906 0.00773946 0.00769147 0.0102545 0.0144294 0.0196919 0.0256498 0.0318521 0.0377702 0.0428736 0.0467353 0.049114 0.0499874 0.0495215 0.0479963 0.0457149 0.0429305 0.0398129 0.0364547 0.0329033 0.0292003 0.025409
 1.09559e-16 1.50397e-05 8.8229e-05 0.000419315 0.00161424 0.00503373 0.012715 0.0260186 0.0431364 0.0579541 0.0631266 0.0558273 0.0402802 0.0241499 0.0129259 0.0077619 0.00714909 0.00926704 0.0129856 0.0177442 0.0231727 0.0288729 0.0343809 0.0392273 0.0430272 0.0455518 0.046758 0.0467631 0.0457822 0.044052 0.0417713 0.0390741 0.0360381 0.0327135 0.0291557 0.0254468
 1.08554e-16 1.66136e-05 9.74684e-05 0.000463238 0.00178335 0.00556109 0.0140471 0.0287443 0.0476543 0.0640213 0.0697281 0.0616485 0.0444432 0.0265707 0.0140832 0.00823882 0.00735142 0.00939055 0.0130917 0.0178274 0.0231914 0.0287591 0.0340456 0.0385694 0.0419467 0.0439671 0.044623 0.0440797 0.0426057 0.0404873 0.0379608 0.0351797 0.0322214 0.0291179 0.0258929 0.0225901
 1.07408e-16 1.72055e-05 0.000100941 0.000479745 0.0018469 0.00575926 0.0145477 0.0297686 0.0493527 0.0663033 0.0722144 0.0638488 0.0460338 0.0275303 0.0146068 0.00856642 0.0076619 0.00978693 0.0136249 0.0185146 0.0240197 0.0296825 0.0349828 0.0394084 0.0425573 0.044219 0.0444061 0.0433228 0.0412879 0.0386412 0.0356667 0.0325537 0.0293993 0.0262391 0.023086 0.0199623
 1.07158e-16 1.61868e-05 9.49587e-05 0.000451299 0.00173737 0.00541768 0.0136849 0.0280035 0.0464275 0.0623772 0.0679482 0.0601004 0.0433825 0.0260475 0.0140081 0.00850904 0.00792638 0.0102937 0.0143767 0.0195409 0.0253433 0.031302 0.0368651 0.0414877 0.0447417 0.0464026 0.0464836 0.0452027 0.0429026 0.0399511 0.0366593 0.0332398 0.0298071 0.0264084 0.0230632 0.0197959
 1.07376e-16 1.63643e-05 9.60026e-05 0.000456265 0.0017565 0.00547734 0.0138356 0.0283116 0.0469378 0.0630609 0.0686881 0.0607431 0.0438212 0.0262605 0.0140314 0.00838403 0.00766887 0.00989365 0.0138133 0.0187987 0.0244256 0.0302392 0.0357174 0.0403411 0.0436969 0.0455587 0.0459206 0.044968 0.0430031 0.0403548 0.0373035 0.034044 0.0306872 0.0272884 0.0238835 0.0205168
 1.07164e-16 1.72707e-05 0.000101325 0.000481568 0.00185392 0.00578115 0.014603 0.0298817 0.04954 0.0665545 0.0724867 0.0640865 0.0461985 0.0276156 0.0146282 0.00854237 0.00760247 0.00969359 0.0134955 0.0183485 0.0238215 0.0294637 0.0347619 0.0392088 0.0424029 0.044129 0.0443903 0.043378 0.0413975 0.0387778 0.0357972 0.0326455 0.0294265 0.0261859 0.0229496 0.0197513
 1.06566e-16 1.82908e-05 0.000107314 0.00051004 0.00196355 0.00612302 0.0154665 0.0316485 0.0524685 0.0704865 0.0767635 0.067854 0.0488847 0.0291614 0.0153371 0.00878295 0.00762659 0.00961642 0.0133473 0.0181215 0.0234937 0.0290079 0.0341496 0.0384128 0.0414011 0.0429076 0.0429472 0.0417252 0.0395628 0.0368039 0.0337392 0.0305663 0.0273912 0.0242557 0.0211759 0.018172
 1.05444e-16 2.06974e-05 0.000121444 0.000577221 0.00222222 0.00692968 0.017504 0.0358173 0.0593777 0.0797625 0.0868497 0.076732 0.0551989 0.0327635 0.0169295 0.00921711 0.00747404 0.00912453 0.0125659 0.0170205 0.022026 0.0271361 0.0318573 0.0357083 0.0383158 0.0394913 0.0392618 0.037839 0.0355471 0.032732 0.0296865 0.0266101 0.0236085 0.0207195 0.0179493 0.0153028
 1.04195e-16 2.25689e-05 0.000132431 0.000629456 0.00242333 0.00755685 0.0190882 0.0390586 0.0647502 0.0869764 0.0946967 0.0836463 0.0601321 0.0356093 0.0182476 0.00968785 0.00756453 0.00905165 0.0123902 0.0167309 0.0215819 0.0264828 0.030932 0.0344466 0.036659 0.0373957 0.0367074 0.0348369 0.032143 0.0290058 0.0257462 0.0225825 0.0196263 0.0169087 0.0144179 0.012132
 1.02741e-16 2.72416e-05 0.000159869 0.00075991 0.00292564 0.00912327 0.0230448 0.0471536 0.078166 0.104986 0.114274 0.100866 0.072353 0.0425277 0.0212046 0.0103056 0.00691415 0.00757151 0.0101395 0.0136289 0.0175418 0.0214739 0.0250055 0.0277369 0.0293678 0.0297611 0.0289683 0.027203 0.0247766 0.0220181 0.0192068 0.0165333 0.0140957 0.0119192 0.00998783 0.00827258
 1.0125e-16 3.23465e-05 0.000189845 0.00090243 0.00347439 0.0108346 0.0273673 0.0559973 0.0928228 0.124661 0.135664 0.119683 0.0857122 0.0501008 0.0244613 0.0110237 0.00627075 0.00605221 0.00781405 0.0104098 0.013329 0.0162208 0.0187468 0.0205938 0.0215332 0.0214726 0.0204746 0.0187338 0.0165239 0.01413 0.0117923 0.00967195 0.00784643 0.00632539 0.00507717 0.00405416
 1.00701e-16 3.29849e-05 0.000193592 0.000920243 0.00354298 0.0110484 0.0279075 0.0571027 0.0946551 0.127122 0.138342 0.122046 0.0874054 0.051092 0.0249474 0.0112452 0.00639711 0.00616841 0.00795027 0.0105674 0.0134916 0.0163568 0.0188111 0.0205313 0.0212859 0.0209885 0.0197176 0.0176913 0.0152105 0.0125873 0.0100834 0.00787317 0.00603767 0.00458103 0.00345885 0.00260648
 1.00589e-16 3.3129e-05 0.000194438 0.000924267 0.00355847 0.0110968 0.0280296 0.0573525 0.095069 0.127678 0.138947 0.122579 0.0877846 0.0513095 0.0250458 0.0112764 0.00639619 0.00615137 0.00792123 0.0105255 0.0134344 0.0162819 0.0187161 0.0204145 0.0211459 0.0208245 0.0195291 0.0174788 0.0149753 0.0123319 0.00981175 0.00759086 0.00575155 0.00429876 0.00318825 0.00235466
 1.00776e-16 2.94312e-05 0.000172722 0.000821009 0.00316088 0.00985685 0.0248978 0.0509452 0.0844511 0.113427 0.123461 0.108974 0.0781639 0.0459332 0.0228822 0.0110823 0.00737451 0.00801018 0.010663 0.0142437 0.0181917 0.0220482 0.0253432 0.0276407 0.0286278 0.0281882 0.026429 0.0236468 0.0202507 0.0166654 0.0132477 0.0102363 0.00774307 0.0057748 0.00427162 0.00314495
 1.01679e-16 2.24364e-05 0.000131646 0.000625706 0.00240887 0.00751173 0.0189743 0.0388262 0.0643671 0.0864685 0.0941615 0.0832156 0.0599141 0.0356636 0.0186114 0.0104185 0.00876017 0.0108401 0.0148961 0.0200331 0.0256699 0.031222 0.0360497 0.0395469 0.0412694 0.0410364 0.038969 0.0354467 0.0310047 0.0262047 0.0215235 0.0172872 0.0136588 0.0106672 0.00825708 0.00633609
 1.03476e-16 1.86226e-05 0.000109256 0.00051926 0.00199902 0.00623363 0.015746 0.0322208 0.0534187 0.0717675 0.0781703 0.0691255 0.0498615 0.0298656 0.0159283 0.00946541 0.00858816 0.0110122 0.0152965 0.0206946 0.026688 0.0327224 0.0381724 0.0424301 0.0450292 0.0457451 0.0446346 0.0419993 0.0382935 0.0340074 0.0295672 0.0252774 0.021312 0.0177398 0.014567 0.0117742
 1.05355e-16 1.69827e-05 9.96306e-05 0.000473507 0.00182287 0.00568431 0.0143584 0.0293816 0.0487121 0.0654457 0.0712885 0.0630496 0.0454998 0.0272955 0.0146366 0.00882415 0.00814861 0.010541 0.0147014 0.0199609 0.025854 0.0318762 0.0374509 0.0420092 0.0451037 0.0465 0.0462139 0.0444794 0.0416672 0.038182 0.0343763 0.0305034 0.0267137 0.0230804 0.0196377 0.0164108
 1.06715e-16 1.61627e-05 9.48175e-05 0.000450628 0.00173479 0.00540963 0.0136646 0.0279618 0.0463585 0.0622843 0.0678467 0.0600099 0.0433158 0.0260047 0.0139804 0.00848583 0.00789986 0.0102602 0.0143364 0.0194982 0.0253071 0.0312856 0.0368847 0.0415599 0.044879 0.0466092 0.0467513 0.04551 0.0432154 0.0402275 0.036856 0.0333195 0.0297452 0.0261966 0.0227112 0.0193287
 1.07499e-16 1.58135e-05 9.27683e-05 0.000440887 0.00169729 0.00529269 0.0133692 0.0273574 0.0453564 0.060938 0.0663804 0.0587134 0.042381 0.0254458 0.0136843 0.00831375 0.00774954 0.0100741 0.014087 0.0191757 0.0249162 0.0308469 0.0364355 0.0411528 0.0445772 0.0464781 0.0468495 0.0458801 0.0438781 0.0411783 0.0380662 0.0347402 0.031313 0.027841 0.0243615 0.0209201
 1.07898e-16 1.56285e-05 9.16826e-05 0.000435727 0.00167742 0.00523073 0.0132127 0.0270371 0.0448255 0.0602249 0.0656039 0.0580275 0.0418878 0.0251535 0.0135342 0.00823374 0.00768739 0.0100014 0.0139907 0.0190515 0.0247661 0.0306792 0.0362656 0.0410026 0.044473 0.0464479 0.0469191 0.0460695 0.0441984 0.0416303 0.0386399 0.035416 0.032064 0.0286355 0.0251663 0.0217037
 1.08096e-16 1.55674e-05 9.13242e-05 0.000434023 0.00167086 0.00521028 0.013161 0.0269314 0.0446502 0.0599893 0.0653471 0.0577999 0.0417225 0.0250523 0.0134763 0.00819341 0.00764492 0.00994467 0.0139131 0.0189499 0.0246412 0.0305359 0.0361137 0.0408564 0.0443498 0.046366 0.0468949 0.0461155 0.0443212 0.0418297 0.0389094 0.0357435 0.0324338 0.0290298 0.025567 0.0220942
 1.08086e-16 1.58422e-05 9.29376e-05 0.000441694 0.0017004 0.00530239 0.0133937 0.0274074 0.045439 0.0610482 0.066498 0.0588118 0.0424398 0.0254565 0.0136456 0.00822201 0.00759437 0.00983906 0.0137542 0.0187315 0.0243576 0.0301858 0.0357019 0.0403942 0.0438538 0.0458558 0.0463907 0.0456351 0.0438786 0.0414344 0.0385666 0.0354546 0.0321975 0.0288429 0.0254249 0.0219911
 1.07827e-16 1.63595e-05 9.59747e-05 0.000456133 0.00175599 0.00547577 0.0138316 0.0283034 0.0469241 0.0630421 0.0686665 0.0607216 0.0438003 0.0262372 0.0139992 0.00833428 0.00759123 0.00977699 0.0136467 0.0185735 0.0241378 0.0298917 0.0353223 0.0399203 0.0432806 0.0451826 0.0456225 0.0447827 0.0429585 0.0404684 0.0375804 0.0344763 0.0312549 0.0279612 0.0246245 0.0212862
 1.0739e-16 1.69391e-05 9.93776e-05 0.000472311 0.00181828 0.00567001 0.0143223 0.0293073 0.0485881 0.0652765 0.0710972 0.0628638 0.0453298 0.0271216 0.0144129 0.00848919 0.00763368 0.00977598 0.0136227 0.0185244 0.0240511 0.0297495 0.0351022 0.0395978 0.0428318 0.0445878 0.0448697 0.0438705 0.0418983 0.0392842 0.0363071 0.0331564 0.029934 0.0266838 0.0234295 0.020204
pSPR Fmed_Fpbrs
0.723231   0.255595 0.255595
Fs Fmed_Fpbrs
0.166932   1.005 1.005
SSBpbr Bo_Bmed_Bpbrs
1.3673e+06  920512  281111 281111
Ro
63037.5
SPR SPRFo_SPRFmed_SPRFpbrs
1.29623e+06 937473 331310
log_Ro
10.8715
likeval ReclasPelacesDesembMPH_pf_preclas_ppelaces_ptallas_desvR_qrecl_qpela
 332.433 146.656 1.21602 0.000804516 355.34 223.841 93.4194 0 0 0 0 0 0 0 0
q_reclas_q_pelaces
1 1
M
0.7
N
 63037.5 37477.1 18610.6 9241.74 9116.37
 63037.5 29791.2 16855.8 8370.33 8256.78
 63037.5 29372.9 13025.3 7369.68 7269.71
 63037.5 27572.1 11316.1 5018.06 5639.9
 63037.5 30496.6 12995.1 5333.4 5023.24
 63037.5 31081.6 14930.2 6362.02 5070.3
 63037.5 28153.4 12484.5 5997 4592
 63037.5 29074.5 12060.4 5348.15 4536.14
 63037.5 25996.3 9957.36 4130.42 3385.15
 63037.5 24082.2 7640.31 2926.46 2208.82
 63037.5 23885.5 6962.61 2208.96 1484.71
 63037.5 15211 2800.64 816.384 433.092
 63037.5 15935.4 1957.46 360.407 160.792
 63037.5 15317.7 1894.79 232.75 61.9725
 63037.5 15929.3 1969.68 243.647 37.8978
 63037.5 25263.9 5152.35 637.094 91.0659
 63037.5 29702.1 11294.9 2303.49 325.543
 63037.5 30243.8 13767.9 5235.54 1218.64
 63037.5 30613.7 14364 6538.93 3065.36
 63037.5 30666 14589.5 6845.4 4577.08
 63037.5 30547.8 14501.9 6899.32 5401.67
 63037.5 30791.7 14677.6 6967.86 5910.37
 63037.5 30381.2 14402.9 6865.49 6023.84
 63037.5 29809.8 13681.4 6485.98 5804.37
 63037.5 29183.4 12865.8 5904.84 5304.48
pred_Ctot
 2196.49 2555.92 1269.23 630.283 621.732
 2806.31 2580.15 1459.84 724.936 715.101
 5443.58 4805.48 2130.98 1205.7 1189.34
 1170.4 1012.18 415.415 184.215 207.042
 321.499 310.097 132.138 54.2314 51.0776
 4590.14 4325 2077.54 885.274 705.532
 3241.93 2804.58 1243.68 597.408 457.446
 7768.69 6628.67 2749.64 1219.32 1034.19
 10617.1 7862.74 3011.66 1249.27 1023.86
 10911.3 7462.43 2367.53 906.834 684.456
 24278.5 14199 4138.99 1313.14 882.599
 23126.1 8728.74 1607.13 468.477 248.527
 24108.2 9425.15 1157.76 213.165 95.1016
 23135.8 8792.7 1087.65 133.603 35.5736
 8855.37 4093.33 506.145 62.6097 9.73855
 2326.27 1822.44 371.67 45.9574 6.56914
 1537.79 1427.46 542.823 110.704 15.6453
 1000.25 950.437 432.667 164.531 38.2969
 924.317 889.692 417.445 190.033 89.085
 1095.99 1054.95 501.898 235.491 157.458
 741.963 713.907 338.912 161.238 126.238
 1338.04 1290.15 614.978 291.948 247.64
 2169.39 2046.97 970.414 462.571 405.863
 3082.89 2828.4 1298.11 615.4 550.728
 3597.1 3214.25 1417.04 650.359 584.235
F
 0.0495185 0.0990371 0.0990371 0.0990371 0.0990371
 0.0636592 0.127318 0.127318 0.127318 0.127318
 0.126925 0.253849 0.253849 0.253849 0.253849
 0.0261163 0.0522326 0.0522326 0.0522326 0.0522326
 0.00711405 0.0142281 0.0142281 0.0142281 0.0142281
 0.106064 0.212127 0.212127 0.212127 0.212127
 0.0738693 0.147739 0.147739 0.147739 0.147739
 0.185774 0.371549 0.371549 0.371549 0.371549
 0.262259 0.524518 0.524518 0.524518 0.524518
 0.270459 0.540917 0.540917 0.540917 0.540917
 0.721713 1.44343 1.44343 1.44343 1.44343
 0.675184 1.35037 1.35037 1.35037 1.35037
 0.71472 1.42944 1.42944 1.42944 1.42944
 0.67557 1.35114 1.35114 1.35114 1.35114
 0.214354 0.428709 0.428709 0.428709 0.428709
 0.052513 0.105026 0.105026 0.105026 0.105026
 0.0344399 0.0688797 0.0688797 0.0688797 0.0688797
 0.0222819 0.0445637 0.0445637 0.0445637 0.0445637
 0.0205749 0.0411497 0.0411497 0.0411497 0.0411497
 0.0244377 0.0488755 0.0488755 0.0488755 0.0488755
 0.016486 0.032972 0.032972 0.032972 0.032972
 0.0299068 0.0598136 0.0598136 0.0598136 0.0598136
 0.0488942 0.0977884 0.0977884 0.0977884 0.0977884
 0.0701311 0.140262 0.140262 0.140262 0.140262
 0.0822626 0.164525 0.164525 0.164525 0.164525
Np
 63037.5 18939.1 5240.77 2234.63 1164.23
YTP_r0W_actual
 40287.6 70713.6 46762.3 26729.7 25005.2
YTP_p0W_proyectada
 156636 297575 184990 106387 79284.7
 156636 195474 78861.5 43864.7 26110.1
CTP_r0_actual
 3597.1 3214.25 1417.04 650.359 584.235
CTP_p0_proyectada
 18427.8 13905.4 5929.16 2613.93 1705.05
 18427.8 9134.31 2527.61 1077.76 561.509
Wmedp
 8.5 21.4 31.2 40.7 46.5
nmprior
 10.6 11 7 0
nm_flota  nm_reclas  nm_pelaces    nm_pelaL
inf 7.16257 5.91137 10.0738
cv_recla  cv_pelaces  cv_mph
1.64921 1.37316 0.92025
 ------------------------------------------------
Talla a la edad & desviaci?n 
 7.2 14.2025 17.0495 18.207 18.6776
 1.08 2.13037 2.55742 2.73105 2.80164
