years
 1997 1998 1999 2000 2001 2002 2003 2004 2005 2006 2007 2008 2009 2010 2011 2012 2013 2014 2015 2016 2017 2018 2019 2020 2021
reclasobs
 0 0 0 370054 412103 1.49427e+06 250295 1.28982e+06 931140 785840 897777 1.04006e+06 184774 17550 25797 100020 73551 82996 120727 218422 84188 347160 605670 569463 516374
reclaspred
 3.4519e+06 593899 1.68173e+06 1.05627e+06 1.00127e+06 1.07318e+06 1.77484e+06 924160 775291 571240 378071 268906 223626 205859 376041 619528 854612 1.29042e+06 1.3578e+06 1.46412e+06 1.51291e+06 1.10568e+06 1.38207e+06 1.11237e+06 1.1665e+06
pelacesobs
 0 0 0 0 0 0 0 0 0 2.06254e+06 1.5e+06 0 1.87456e+06 323000 250000 174000 83755 137374 0 501740 490994 745055 786931 1.00524e+06 1.33801e+06
pelacespred
 1.89257e+06 730858 679893 780193 633778 557153 856415 642332 427629 319463 157568 122102 101576 85696.5 186584 330346 481259 706106 810422 847646 928257 737403 692061 663978 658290
mphobs
 0 0 0 0 0 112323 0 153150 637223 0 255016 313432 73983 77613 109348 50772 0 0 0 0 0 0 0 0 0
mphpred
 2.55316e+06 1.23284e+06 949376 1.16598e+06 911593 958866 1.21172e+06 1.12819e+06 754554 573921 426100 249613 204817 175694 229290 466743 651494 995301 1.21932e+06 1.26402e+06 1.34371e+06 1.16286e+06 1.10537e+06 1.05601e+06 997886
desembarqueobs
 350755 77701 442110 56441 14545 235359 269955 359681 431902 328805 639364 411747 362871 311530 167758 66681 60226 58785 57116 73181 50977 67692 138656 160484 209506
desembarquepred
 350797 77714 442316 56446.9 14545.1 235323 269802 358674 429700 326708 632134 410319 362493 312817 168153 66733.2 60261.9 58804.8 57131.4 73204.1 50984.7 67701.9 138675 160484 209495
Reclutas
 63054.3 63054.3 63054.3 63054.3 63054.3 63054.3 63054.3 63054.3 63054.3 63054.3 63054.3 63054.3 63054.3 63054.3 63054.3 63054.3 63054.3 63054.3 63054.3 63054.3 63054.3 63054.3 63054.3 63054.3 63054.3
log_desv_Rt
 0 0 0 0 0 0 0 0 0 0 0 0 0 0 0 0 0 0 0 0 0 0 0 0 0
SSB
 2.55316e+06 1.23284e+06 949376 1.16598e+06 911593 958866 1.21172e+06 1.12819e+06 754554 573921 426100 249613 204817 175694 229290 466743 651494 995301 1.21932e+06 1.26402e+06 1.34371e+06 1.16286e+06 1.10537e+06 1.05601e+06 997886
BT
 4.62181e+06 1.50591e+06 1.91529e+06 1.63856e+06 1.31265e+06 1.27367e+06 2.13246e+06 1.77058e+06 1.38658e+06 1.04326e+06 971913 723916 632625 508097 651198 782924 1.13142e+06 1.55436e+06 1.66343e+06 1.7758e+06 1.96055e+06 1.47763e+06 1.44764e+06 1.48178e+06 1.60206e+06
Ftot
 0.0990096 0.12728 0.253764 0.0522142 0.0142235 0.212058 0.147688 0.371412 0.524286 0.540638 1.44239 1.349 1.4278 1.34944 0.428295 0.104952 0.068847 0.0445464 0.0411359 0.0488601 0.032962 0.0597956 0.0977577 0.140215 0.174212
BD_Bspro_t
 0.984978 0.90006 0.831059 0.733838 0.788131 0.835568 0.76651 0.729256 0.607525 0.491335 0.38934 0.219649 0.186059 0.174985 0.220304 0.391182 0.555361 0.731938 0.817495 0.862143 0.886394 0.904451 0.885196 0.847081 0.80518
BD_Bspro
 1.97156 0.952003 0.733111 0.900376 0.703935 0.74044 0.935691 0.871194 0.582669 0.443183 0.329036 0.192752 0.158161 0.135672 0.177058 0.360421 0.503086 0.768574 0.941564 0.976084 1.03762 0.897966 0.853571 0.815451 0.770571
BD_Bo
 1.86817 0.90208 0.694667 0.853161 0.667021 0.701611 0.886624 0.825509 0.552114 0.419943 0.311781 0.182644 0.149867 0.128557 0.167773 0.34152 0.476704 0.728271 0.892189 0.924898 0.983203 0.850877 0.80881 0.772689 0.730162
BD_Brms
 9.08635 4.38751 3.3787 4.14957 3.24423 3.41247 4.31233 4.01508 2.68535 2.0425 1.51643 0.888338 0.728916 0.625272 0.816011 1.66107 2.31858 3.54214 4.3394 4.49849 4.78207 4.13847 3.93386 3.75818 3.55134
S_f
 0.5 1 1 1 1
 0.5 1 1 1 1
 0.5 1 1 1 1
 0.5 1 1 1 1
 0.5 1 1 1 1
 0.5 1 1 1 1
 0.5 1 1 1 1
 0.5 1 1 1 1
 0.5 1 1 1 1
 0.5 1 1 1 1
 0.5 1 1 1 1
 0.5 1 1 1 1
 0.5 1 1 1 1
 0.5 1 1 1 1
 0.5 1 1 1 1
 0.5 1 1 1 1
 0.5 1 1 1 1
 0.5 1 1 1 1
 0.5 1 1 1 1
 0.5 1 1 1 1
 0.5 1 1 1 1
 0.5 1 1 1 1
 0.5 1 1 1 1
 0.5 1 1 1 1
 0.5 1 1 1 1
Scru_reclas
 0.5 1 1 1 1
 0.5 1 1 1 1
 0.5 1 1 1 1
 0.5 1 1 1 1
 0.5 1 1 1 1
 0.5 1 1 1 1
 0.5 1 1 1 1
 0.5 1 1 1 1
 0.5 1 1 1 1
 0.5 1 1 1 1
 0.5 1 1 1 1
 0.5 1 1 1 1
 0.5 1 1 1 1
 0.5 1 1 1 1
 0.5 1 1 1 1
 0.5 1 1 1 1
 0.5 1 1 1 1
 0.5 1 1 1 1
 0.5 1 1 1 1
 0.5 1 1 1 1
 0.5 1 1 1 1
 0.5 1 1 1 1
 0.5 1 1 1 1
 0.5 1 1 1 1
 0.5 1 1 1 1
Scru_pelaces
 0.5 1 1 1 1
 0.5 1 1 1 1
 0.5 1 1 1 1
 0.5 1 1 1 1
 0.5 1 1 1 1
 0.5 1 1 1 1
 0.5 1 1 1 1
 0.5 1 1 1 1
 0.5 1 1 1 1
 0.5 1 1 1 1
 0.5 1 1 1 1
 0.5 1 1 1 1
 0.5 1 1 1 1
 0.5 1 1 1 1
 0.5 1 1 1 1
 0.5 1 1 1 1
 0.5 1 1 1 1
 0.5 1 1 1 1
 0.5 1 1 1 1
 0.5 1 1 1 1
 0.5 1 1 1 1
 0.5 1 1 1 1
 0.5 1 1 1 1
 0.5 1 1 1 1
 0.5 1 1 1 1
pf_obs 
 0.256992 0.487395 0.22802 0.0275931 0
 0.321318 0.546541 0.124235 0.00734118 0.000564706
 0.182869 0.594174 0.210203 0.0122559 0.00049798
 0.330522 0.361315 0.267642 0.0388342 0.00168674
 0.649043 0.306663 0.0425973 0.00169635 0
 0.582887 0.30429 0.105238 0.00758474 0
 0.465427 0.430635 0.0974691 0.00646863 0
 0.296916 0.608066 0.0921331 0.00288517 0
 0.311714 0.524322 0.152257 0.0117073 0
 0.15457 0.633149 0.183074 0.0267441 0.00246327
 0.131901 0.49318 0.331252 0.0422183 0.00144891
 0.196976 0.569456 0.194076 0.0375587 0.00193317
 0.518974 0.381816 0.0799577 0.0180837 0.00116848
 0.0928022 0.601141 0.25162 0.0475244 0.00691264
 0.122501 0.610282 0.24278 0.0234846 0.000952079
 0.383417 0.481906 0.127806 0.00687128 0
 0.0376549 0.599619 0.316969 0.0457579 0
 0.0361596 0.667082 0.258105 0.0386534 0
 0.158088 0.579412 0.248529 0.0139706 0
 0.0477256 0.309471 0.559284 0.082774 0.000745712
 0.0406174 0.521527 0.379366 0.0568643 0.0016247
 0.151134 0.462217 0.34131 0.0453401 0
 0.294876 0.26143 0.354403 0.0886775 0.000613685
 0.281977 0.475581 0.204845 0.0348837 0.00271318
 0.0354234 0.537034 0.353287 0.0723622 0.0018943
pf_pred 
 0.301978 0.351395 0.174497 0.0866529 0.0854773
 0.338661 0.311374 0.176177 0.0874871 0.0863002
 0.368417 0.325243 0.144233 0.0816076 0.0805005
 0.391517 0.338605 0.138977 0.0616311 0.0692694
 0.369935 0.356819 0.152055 0.0624095 0.0587824
 0.364766 0.343702 0.165101 0.0703559 0.0560757
 0.388468 0.336078 0.149038 0.071592 0.054824
 0.400416 0.341675 0.141739 0.0628559 0.0533152
 0.44672 0.330866 0.126743 0.0525776 0.0430934
 0.488521 0.334163 0.106036 0.0406188 0.0306607
 0.541686 0.316889 0.0923965 0.0293191 0.0197089
 0.676425 0.255495 0.0470725 0.0137251 0.00728289
 0.688582 0.26945 0.0331382 0.00610541 0.00272478
 0.6969 0.265138 0.0328466 0.00403963 0.00107642
 0.654372 0.30276 0.0374991 0.00464558 0.000723577
 0.50859 0.398527 0.0813619 0.0100773 0.00144288
 0.423069 0.392733 0.149382 0.0304973 0.00431817
 0.386742 0.36749 0.167301 0.0636355 0.0148311
 0.368156 0.354369 0.166275 0.0756973 0.0355031
 0.359828 0.34636 0.164784 0.077319 0.051709
 0.356319 0.342849 0.162763 0.0774359 0.0606333
 0.353716 0.341058 0.162575 0.0771801 0.0654709
 0.358262 0.33805 0.160263 0.0763939 0.0670316
 0.368073 0.337697 0.154992 0.0734786 0.065759
 0.380593 0.3394 0.149634 0.0686771 0.0616963
pobs_RECLAS
 0 0 0 0 0
 0 0 0 0 0
 0 0 0 0 0
 0 0 0 0 0
 0.835266 0.146461 0.0176864 0.000547809 3.91292e-05
 0.385257 0.428462 0.181853 0.0044286 0
 0.867414 0.0963971 0.0333333 0.00285562 0
 0.441836 0.489002 0.0689373 0.000224442 0
 0.779404 0.147425 0.0564933 0.0165055 0.000172143
 0.814271 0.122319 0.05973 0.00367925 0
 0.40263 0.566651 0.0304383 0.000280538 0
 0.475488 0.404961 0.113038 0.00651328 0
 0.955842 0.0263864 0.0167828 0.000988607 0
 0.975058 0.0227948 0.00214734 0 0
 0.738997 0.206755 0.0527124 0.00153531 0
 0.850938 0.134255 0.0134407 0.00136685 0
 0.542534 0.407297 0.0501686 0 0
 0.764087 0.199537 0.0359546 0.000420521 0
 0.470689 0.182191 0.310203 0.0369168 0
 0.84361 0.089868 0.0606195 0.00523954 0.000663233
 0.607945 0.314616 0.071237 0.00620181 0
 0.523733 0.453247 0.0230204 0 0
 0.530135 0.295979 0.169645 0.0042399 0
 0.562478 0.366248 0.0663022 0.0049721 0
 0.250443 0.683176 0.0655157 0.000865301 0
ppred_RECLAS
 0.302645 0.351059 0.174331 0.0865701 0.0853956
 0.339596 0.310934 0.175928 0.0873633 0.0861781
 0.370581 0.324128 0.143738 0.0813279 0.0802246
 0.391897 0.338394 0.138891 0.0615927 0.0692262
 0.370032 0.356764 0.152031 0.0623998 0.0587733
 0.366505 0.342761 0.164649 0.0701633 0.0559222
 0.389641 0.335433 0.148752 0.0714546 0.0547189
 0.403999 0.339632 0.140892 0.0624802 0.0529965
 0.452513 0.327401 0.125416 0.0520271 0.0426421
 0.49462 0.330179 0.104772 0.0401345 0.0302951
 0.56679 0.299532 0.0873356 0.0277132 0.0186293
 0.696158 0.239914 0.0442018 0.0128881 0.00683876
 0.709622 0.251245 0.0308993 0.00569291 0.00254069
 0.715917 0.248502 0.0307857 0.00378617 0.00100888
 0.658412 0.299221 0.0370608 0.00459128 0.00071512
 0.509433 0.397844 0.0812224 0.01006 0.0014404
 0.423591 0.392378 0.149247 0.0304698 0.00431426
 0.387063 0.367298 0.167214 0.0636023 0.0148234
 0.368445 0.354207 0.166199 0.0756627 0.0354869
 0.360171 0.346174 0.164696 0.0772776 0.0516813
 0.356546 0.342728 0.162705 0.0774087 0.060612
 0.354137 0.340836 0.162469 0.0771299 0.0654283
 0.358979 0.337672 0.160084 0.0763085 0.0669567
 0.369156 0.337118 0.154726 0.0733527 0.0656463
 0.381999 0.338629 0.149294 0.0685212 0.0615562
pobs_PELACES
 0 0 0 0 0
 0 0 0 0 0
 0 0 0 0 0
 0 0 0 0 0
 0 0 0 0 0
 0 0 0 0 0
 0 0 0 0 0
 0 0 0 0 0
 0 0 0 0 0
 0 0 0 0 0
 0.450072 0.473896 0.0757376 0.000293798 0
 0 0 0 0 0
 0.463077 0.371075 0.160297 0.00555027 0
 0.529543 0.364841 0.0842815 0.0213345 0
 0.631943 0.363953 0.00410389 0 0
 0.735681 0.248677 0.0153453 0.000297389 0
 0.695825 0.281241 0.0229344 0 0
 0.275771 0.60734 0.115278 0.00161068 0
 0 0 0 0 0
 0.896147 0.0623911 0.0374545 0.00400742 0
 0.803859 0.145111 0.0509908 3.86294e-05 0
 0.739449 0.233085 0.0266225 0.000797448 4.60066e-05
 0.878498 0.100942 0.0204185 0.000141795 0
 0.694673 0.275183 0.0284847 0.00165964 0
 0.469039 0.446079 0.0841089 0.000773354 0
ppred_PELACES
 0.306104 0.349318 0.173466 0.0861407 0.0849721
 0.344322 0.308709 0.174669 0.0867382 0.0855615
 0.380399 0.319072 0.141496 0.0800593 0.0789732
 0.393952 0.33725 0.138421 0.0613845 0.0689922
 0.370579 0.356454 0.151899 0.0623456 0.0587223
 0.374666 0.338345 0.162528 0.0692594 0.0552017
 0.395452 0.33224 0.147336 0.0707744 0.0541979
 0.418838 0.331177 0.137384 0.0609246 0.0516771
 0.47402 0.31454 0.120489 0.0499833 0.040967
 0.516915 0.315613 0.10015 0.0383639 0.0289587
 0.624047 0.259943 0.0757926 0.0240504 0.0161671
 0.741092 0.204434 0.037665 0.0109821 0.00582739
 0.755679 0.211395 0.0259983 0.00478995 0.00213771
 0.758955 0.210855 0.0261218 0.00321258 0.000856042
 0.674123 0.285458 0.0353562 0.0043801 0.000682228
 0.51376 0.394335 0.080506 0.00997129 0.0014277
 0.426367 0.390489 0.148528 0.030323 0.00429349
 0.388808 0.366252 0.166738 0.0634212 0.0147812
 0.370026 0.35332 0.165783 0.0754733 0.0353981
 0.362031 0.345168 0.164217 0.077053 0.0515311
 0.357794 0.342063 0.16239 0.0772585 0.0604943
 0.356397 0.339643 0.161901 0.0768601 0.0651993
 0.362699 0.335712 0.159155 0.0758657 0.0665681
 0.37456 0.334231 0.153401 0.0727243 0.0650839
 0.388808 0.334898 0.147649 0.0677662 0.060878
pobs_pel_tallas
 0 0 0 0 0 0 0 0 0 0 0 0 0 0 0 0 0 0 0 0 0 0 0 0 0 0 0 0 0 0 0 0 0 0 0 0
 0 0 0 0 0 0 0 0 0 0 0 0 0 0 0 0 0 0 0 0 0 0 0 0 0 0 0 0 0 0 0 0 0 0 0 0
 0 0 0 0 0 0 0 0 0 0 0 0 0 0 0 0 0 0 0 0 0 0 0 0 0 0 0 0 0 0 0 0 0 0 0 0
 0 0 0 0 0 0 0 0 0 0 0 0 0 0 0 0 0 0 0 0 0 0 0 0 0 0 0 0 0 0 0 0 0 0 0 0
 0 0 0 0 0 0 0 0 0 0 0 0 0 0 0 0 0 0 0 0 0 0 0 0 0 0 0 0 0 0 0 0 0 0 0 0
 0 0 0 0 0 0 0 0 0 0 0 0 0 0 0 0 0 0 0 0 0 0 0 0 0 0 0 0 0 0 0 0 0 0 0 0
 0 0 0 0 0 0 0 0 0 0 0 0 0 0 0 0 0 0 0 0 0 0 0 0 0 0 0 0 0 0 0 0 0 0 0 0
 0 0 0 0 0 0 0 0 0 0 0 0 0 0 0 0 0 0 0 0 0 0 0 0 0 0 0 0 0 0 0 0 0 0 0 0
 0 0 0 0 0 0 0 0 0 0 0 0 0 0 0 0 0 0 0 0 0 0 0 0 0 0 0 0 0 0 0 0 0 0 0 0
 0 0 0 0 0 0 0 0 0 0 0 0 0 0 0 0 0 0 0 0 0 0 0 0 0 0 0 0 0 0 0 0 0 0 0 0
 0 0 0 0 0 0 0 0 1.78061e-05 0.00172719 0.00360574 0.0105946 0.0120993 0.0124554 0.0147524 0.0171206 0.0266825 0.0428682 0.0675386 0.121331 0.153587 0.119568 0.100827 0.0573624 0.0630603 0.0341343 0.0324427 0.0444173 0.0211091 0.0280891 0.0125444 0.00206551 0 0 0 0
 0 0 0 0 0 0 0 0 0 0 0 0 0 0 0 0 0 0 0 0 0 0 0 0 0 0 0 0 0 0 0 0 0 0 0 0
 0 0 0 0 0 0 0.0133647 0.0140871 0.0187388 0.0205184 0.03894 0.0496705 0.03968 0.0493445 0.0407372 0.0367815 0.0215668 0.0243155 0.0234873 0.0199281 0.019796 0.0243948 0.0301388 0.0376714 0.0412746 0.0863199 0.0771752 0.113111 0.0741005 0.0525337 0.0229764 0.00759418 0.00175318 0 0 0
 0 0 0 0 0 0 0 0 0 0 0.00219441 0.00772107 0.0458388 0.0604681 0.0671733 0.0775358 0.0609151 0.0617685 0.073594 0.0568108 0.0755445 0.0548602 0.0670107 0.0636378 0.0643287 0.046367 0.0373049 0.0286899 0.0247887 0.0153202 0.00654259 0.00121912 0.000365735 0 0 0
 0 0 0 0 0 0 0 0 0 0 0 0 0.000112435 0.00938835 0.0111873 0.0202946 0.0414886 0.0713402 0.111592 0.104902 0.108894 0.110636 0.117776 0.105296 0.107544 0.0401394 0.0192827 0.0124803 0.00416011 0.0028671 0.000618394 0 0 0 0 0
 0 0 0 0 0 0 0 0 0 0 0.00291406 0.0102884 0.027416 0.0768956 0.0749926 0.110853 0.0956884 0.0897413 0.0766577 0.0534642 0.0500743 0.0551293 0.0594112 0.0620874 0.0668451 0.0424026 0.0208742 0.0120726 0.0048766 0.00582813 0.00118941 0.000297354 0 0 0 0
 0 0.00264628 0.0354308 0.0461629 0.0458689 0.0383711 0.0214643 0.0164657 0.0346957 0.0420465 0.0363128 0.0245516 0.0311673 0.0291091 0.0169068 0.0133784 0.00837989 0.0085269 0.0148486 0.0160247 0.0276389 0.0546898 0.0760071 0.122758 0.109233 0.0665981 0.0333725 0.0166128 0.00676272 0.00308733 0.000882094 0 0 0 0 0
 0 0 0 0 0 0 0 0.000805153 0.000690131 0.00759144 0.0133425 0.0154129 0.00931677 0.000345066 0.00356568 0.00563607 0.00851162 0.0253048 0.0502646 0.0516448 0.0657925 0.0565908 0.0611916 0.0827007 0.0866115 0.110766 0.145733 0.0935128 0.0569358 0.0249597 0.0138026 0.00621118 0.00161031 0.00115022 0 0
 0 0 0 0 0 0 0 0 0 0 0 0 0 0 0 0 0 0 0 0 0 0 0 0 0 0 0 0 0 0 0 0 0 0 0 0
 0.00147267 0.00158595 0.00478618 0.00569244 0.00954404 0.0108468 0.00647125 0.017049 0.0510054 0.094081 0.124002 0.0959785 0.0687766 0.0820023 0.061753 0.0591476 0.0492212 0.0479892 0.0443925 0.0268479 0.0217502 0.0140895 0.0121071 0.0120363 0.00920419 0.00665534 0.0049561 0.00860946 0.00930331 0.0156896 0.0114698 0.00855282 0.00243557 0.00046729 0 2.83206e-05
 0 0 0 0 0.000772559 0.00158375 0.000888443 0.00281984 0.00712685 0.0440552 0.0773331 0.111326 0.0921469 0.0852325 0.0710754 0.0886704 0.0786465 0.0553345 0.0373146 0.0185414 0.00753245 0.00457741 0.012979 0.0271748 0.0457355 0.0583668 0.034881 0.0177882 0.00938659 0.00492506 0.0015258 0.00185414 0.000309023 5.79419e-05 3.86279e-05 0
 0 0.00173294 0.00326652 0 0.00397197 0.00683976 0.00946217 0.0152591 0.00757587 0.0136028 0.0228656 0.0392903 0.0559909 0.0764795 0.0681675 0.0726916 0.0566044 0.0477403 0.0527397 0.0444891 0.0609904 0.0582453 0.0661739 0.0445044 0.0529084 0.0360697 0.0280645 0.0235558 0.0158879 0.00826598 0.00280645 0.00217768 0.000904811 0.00058276 9.20147e-05 0
 0 0 0 0 0 0 0 0 0 0 0 0 0 0 0 0 0 0 0 0 0 0 0 0 0 0 0 0 0 0 0 0 0 0 0 0
 0 0 0 0 0 0 0 0 0 0 0 0 0 0 0 0 0 0 0 0 0 0 0 0 0 0 0 0 0 0 0 0 0 0 0 0
 0 0 0 0 0 0 0 0 0 0 0 0 0 0 0 0 0 0 0 0 0 0 0 0 0 0 0 0 0 0 0 0 0 0 0 0
ppred_pel_tallas
 1.09507e-16 1.33745e-05 7.8449e-05 0.000372811 0.00143518 0.00447531 0.0113046 0.023133 0.0383546 0.0515368 0.056155 0.0497057 0.035959 0.0217506 0.0119905 0.00773944 0.00769149 0.0102545 0.0144295 0.019692 0.0256499 0.0318523 0.0377703 0.0428738 0.0467355 0.0491142 0.0499876 0.0495217 0.0479965 0.045715 0.0429306 0.0398131 0.0364548 0.0329034 0.0292004 0.0254091
 1.09559e-16 1.50394e-05 8.82269e-05 0.000419305 0.0016142 0.0050336 0.0127147 0.026018 0.0431354 0.0579527 0.063125 0.055826 0.0402793 0.0241493 0.0129257 0.00776182 0.0071491 0.0092671 0.0129857 0.0177443 0.0231729 0.0288732 0.0343812 0.0392277 0.0430276 0.0455523 0.0467585 0.0467637 0.0457828 0.0440527 0.0417719 0.0390747 0.0360387 0.0327141 0.0291562 0.0254473
 1.08554e-16 1.66129e-05 9.74639e-05 0.000463217 0.00178327 0.00556084 0.0140465 0.0287429 0.0476522 0.0640184 0.0697249 0.0616457 0.0444412 0.0265695 0.0140827 0.00823866 0.00735143 0.00939064 0.0130919 0.0178277 0.0231917 0.0287595 0.0340462 0.0385701 0.0419475 0.0439681 0.0446241 0.0440809 0.042607 0.0404887 0.0379622 0.0351811 0.0322228 0.0291192 0.0258942 0.0225912
 1.07408e-16 1.72046e-05 0.000100936 0.00047972 0.00184681 0.00575896 0.014547 0.0297671 0.0493501 0.0662999 0.0722107 0.0638455 0.0460315 0.0275289 0.0146062 0.00856619 0.00766185 0.00978696 0.013625 0.0185147 0.0240199 0.0296828 0.0349832 0.039409 0.0425581 0.0442199 0.0444073 0.0433242 0.0412895 0.038643 0.0356686 0.0325556 0.0294013 0.0262409 0.0230878 0.0199639
 1.07159e-16 1.61863e-05 9.49557e-05 0.000451285 0.00173732 0.00541752 0.0136845 0.0280026 0.0464261 0.0623753 0.0679461 0.0600985 0.0433812 0.0260468 0.0140077 0.00850884 0.00792624 0.0102936 0.0143765 0.0195406 0.025343 0.0313018 0.0368648 0.0414875 0.0447417 0.0464028 0.046484 0.0452034 0.0429036 0.0399523 0.0366607 0.0332413 0.0298088 0.02641 0.0230648 0.0197974
 1.07377e-16 1.63638e-05 9.59994e-05 0.00045625 0.00175644 0.00547716 0.0138351 0.0283107 0.0469362 0.0630588 0.0686858 0.0607411 0.0438197 0.0262596 0.014031 0.00838389 0.00766883 0.00989365 0.0138133 0.0187987 0.0244257 0.0302393 0.0357175 0.0403414 0.0436973 0.0455592 0.0459213 0.0449688 0.0430041 0.0403559 0.0373047 0.0340453 0.0306886 0.0272897 0.0238848 0.0205179
 1.07165e-16 1.72698e-05 0.000101319 0.000481544 0.00185383 0.00578087 0.0146023 0.0298802 0.0495376 0.0665512 0.0724831 0.0640833 0.0461963 0.0276143 0.0146277 0.00854218 0.00760246 0.00969367 0.0134957 0.0183487 0.0238218 0.0294641 0.0347625 0.0392095 0.0424037 0.04413 0.0443915 0.0433793 0.041399 0.0387794 0.0357989 0.0326473 0.0294282 0.0261876 0.0229512 0.0197527
 1.06567e-16 1.82895e-05 0.000107306 0.000510005 0.00196341 0.0061226 0.0154654 0.0316463 0.0524648 0.0704816 0.0767582 0.0678493 0.0488814 0.0291595 0.0153363 0.00878268 0.0076266 0.00961658 0.0133475 0.0181219 0.0234943 0.0290086 0.0341505 0.038414 0.0414025 0.0429092 0.042949 0.0417272 0.039565 0.0368063 0.0337416 0.0305688 0.0273936 0.024258 0.021178 0.0181739
 1.05445e-16 2.0695e-05 0.00012143 0.000577155 0.00222197 0.00692889 0.017502 0.0358132 0.0593709 0.0797534 0.0868398 0.0767233 0.0551927 0.03276 0.0169279 0.00921668 0.00747418 0.009125 0.0125667 0.0170216 0.0220274 0.0271379 0.0318595 0.0357109 0.0383188 0.0394947 0.0392654 0.0378428 0.0355511 0.0327361 0.0296905 0.026614 0.0236123 0.020723 0.0179525 0.0153056
 1.04196e-16 2.25655e-05 0.000132411 0.00062936 0.00242297 0.0075557 0.0190853 0.0390527 0.0647404 0.0869632 0.0946824 0.0836337 0.0601231 0.0356042 0.0182453 0.00968725 0.00756478 0.00905239 0.0123913 0.0167325 0.0215841 0.0264855 0.0309354 0.0344506 0.0366635 0.0374007 0.0367127 0.0348424 0.0321487 0.0290116 0.0257519 0.0225879 0.0196315 0.0169135 0.0144222 0.0121358
 1.02743e-16 2.72347e-05 0.000159829 0.000759717 0.00292489 0.00912096 0.0230389 0.0471417 0.0781462 0.104959 0.114245 0.100841 0.072335 0.0425175 0.0212002 0.0103047 0.00691512 0.00757371 0.0101429 0.0136335 0.0175478 0.0214814 0.0250143 0.027747 0.0293787 0.0297725 0.0289798 0.0272144 0.0247875 0.0220285 0.0192164 0.0165422 0.0141037 0.0119263 0.00999409 0.00827796
 1.01252e-16 3.23361e-05 0.000189784 0.000902139 0.00347327 0.0108311 0.0273584 0.0559793 0.0927928 0.124621 0.13562 0.119645 0.085685 0.0500855 0.0244549 0.0110227 0.00627269 0.00605625 0.00782011 0.0104181 0.0133397 0.016234 0.0187622 0.0206109 0.0215514 0.0214912 0.0204928 0.0187511 0.0165398 0.0141444 0.011805 0.00968309 0.00785608 0.00633366 0.00508417 0.00406001
 1.00703e-16 3.29724e-05 0.000193519 0.000919895 0.00354164 0.0110443 0.027897 0.0570812 0.0946194 0.127074 0.13829 0.122001 0.087373 0.0510738 0.0249399 0.0112441 0.00639976 0.00617373 0.00795819 0.0105782 0.0135055 0.0163738 0.0188309 0.0205531 0.0213089 0.0210117 0.0197399 0.017712 0.0152291 0.0126037 0.0100974 0.00788494 0.00604748 0.00458912 0.00346548 0.00261184
 1.0059e-16 3.31152e-05 0.000194357 0.000923881 0.00355698 0.0110921 0.0280179 0.0573285 0.0950294 0.127625 0.138889 0.122528 0.0877485 0.0512893 0.0250375 0.0112752 0.00639918 0.00615732 0.00793009 0.0105376 0.01345 0.0163009 0.0187382 0.0204389 0.0211716 0.0208503 0.0195541 0.0175019 0.014996 0.01235 0.00982715 0.00760375 0.00576219 0.00430746 0.00319528 0.00236028
 1.00778e-16 2.94192e-05 0.000172652 0.000820674 0.00315959 0.00985283 0.0248876 0.0509244 0.0844166 0.113381 0.123411 0.10893 0.0781326 0.0459156 0.0228748 0.011081 0.0073767 0.00801475 0.0106699 0.0142531 0.0182039 0.0220632 0.0253608 0.0276603 0.0286487 0.0282097 0.0264502 0.023667 0.0202693 0.0166823 0.0132626 0.0102493 0.00775418 0.00578419 0.00427944 0.00315134
 1.01681e-16 2.24311e-05 0.000131615 0.00062556 0.00240831 0.00750997 0.0189699 0.0388171 0.0643521 0.0864483 0.0941396 0.0831963 0.0599003 0.0356557 0.0186078 0.0104173 0.00876003 0.0108404 0.0148968 0.0200343 0.0256716 0.0312244 0.036053 0.0395512 0.0412748 0.041043 0.0389768 0.0354556 0.0310145 0.0262151 0.0215342 0.0172978 0.0136689 0.0106766 0.00826544 0.00634332
 1.03479e-16 1.86204e-05 0.000109243 0.000519198 0.00199879 0.0062329 0.0157441 0.032217 0.0534124 0.071759 0.0781611 0.0691174 0.0498557 0.0298621 0.0159266 0.00946461 0.00858767 0.0110117 0.0152959 0.0206939 0.0266872 0.0327216 0.0381719 0.0424299 0.0450297 0.0457464 0.0446369 0.0420027 0.0382979 0.0340127 0.0295732 0.025284 0.0213187 0.0177464 0.0145732 0.0117799
 1.05357e-16 1.69816e-05 9.96241e-05 0.000473476 0.00182275 0.00568394 0.0143575 0.0293797 0.0487089 0.0654414 0.0712839 0.0630454 0.0454968 0.0272938 0.0146357 0.00882371 0.00814831 0.0105407 0.014701 0.0199604 0.0258534 0.0318756 0.0374504 0.0420088 0.0451036 0.0465003 0.0462147 0.0444809 0.0416693 0.0381847 0.0343795 0.030507 0.0267175 0.0230843 0.0196415 0.0164144
 1.06716e-16 1.61621e-05 9.48138e-05 0.00045061 0.00173472 0.00540942 0.0136641 0.0279607 0.0463566 0.0622819 0.067844 0.0600075 0.0433141 0.0260037 0.0139799 0.00848558 0.00789968 0.01026 0.0143362 0.0194979 0.0253068 0.0312852 0.0368844 0.0415596 0.0448789 0.0466093 0.0467518 0.0455108 0.0432166 0.040229 0.0368578 0.0333215 0.0297474 0.0261989 0.0227135 0.0193309
 1.07499e-16 1.58131e-05 9.27658e-05 0.000440875 0.00169724 0.00529255 0.0133688 0.0273566 0.0453551 0.0609364 0.0663786 0.0587118 0.0423799 0.0254451 0.013684 0.00831359 0.00774944 0.010074 0.0140869 0.0191755 0.0249161 0.0308467 0.0364353 0.0411527 0.0445772 0.0464782 0.0468498 0.0458807 0.0438789 0.0411793 0.0380674 0.0347415 0.0313144 0.0278425 0.0243629 0.0209214
 1.07898e-16 1.56282e-05 9.16807e-05 0.000435718 0.00167738 0.00523063 0.0132124 0.0270366 0.0448246 0.0602236 0.0656026 0.0580263 0.0418869 0.025153 0.0135339 0.00823363 0.00768732 0.0100013 0.0139906 0.0190514 0.024766 0.0306791 0.0362656 0.0410026 0.0444731 0.046448 0.0469194 0.0460699 0.044199 0.041631 0.0386408 0.035417 0.032065 0.0286365 0.0251673 0.0217046
 1.08097e-16 1.55671e-05 9.13225e-05 0.000434015 0.00167083 0.00521019 0.0131608 0.0269309 0.0446494 0.0599882 0.0653459 0.0577989 0.0417218 0.0250518 0.0134761 0.00819332 0.00764488 0.00994464 0.013913 0.0189498 0.0246411 0.0305359 0.0361137 0.0408564 0.0443499 0.0463661 0.0468952 0.0461159 0.0443217 0.0418303 0.0389101 0.0357443 0.0324345 0.0290306 0.0255678 0.0220949
 1.08086e-16 1.58418e-05 9.29354e-05 0.000441684 0.00170036 0.00530227 0.0133934 0.0274068 0.045438 0.0610468 0.0664965 0.0588105 0.0424388 0.025456 0.0136453 0.00822192 0.00759434 0.00983906 0.0137542 0.0187316 0.0243576 0.0301859 0.035702 0.0403944 0.0438541 0.0458562 0.0463912 0.0456356 0.0438792 0.0414351 0.0385673 0.0354554 0.0321983 0.0288437 0.0254256 0.0219918
 1.07827e-16 1.63589e-05 9.59715e-05 0.000456118 0.00175594 0.00547558 0.0138312 0.0283025 0.0469226 0.06304 0.0686643 0.0607196 0.0437989 0.0262363 0.0139989 0.00833415 0.00759121 0.00977703 0.0136468 0.0185736 0.0241379 0.0298919 0.0353227 0.0399207 0.0432811 0.0451833 0.0456233 0.0447835 0.0429594 0.0404694 0.0375815 0.0344775 0.031256 0.0279623 0.0246255 0.0212871
 1.07379e-16 1.69802e-05 9.9619e-05 0.000473459 0.0018227 0.00568379 0.0143571 0.0293785 0.0487061 0.0654349 0.0712695 0.0630153 0.0454372 0.0271824 0.0144387 0.00849427 0.00762739 0.00976212 0.0136017 0.0184955 0.0240136 0.0297031 0.0350475 0.0395362 0.0427653 0.0445187 0.0448003 0.0438028 0.0418339 0.039224 0.0362517 0.0331059 0.0298886 0.0266434 0.0233941 0.0201736
pSPR Fmed_Fpbrs
0.722834   0.255602 0.255602
Fs Fmed_Fpbrs
0.167233   1.005 1.005
SSBpbr Bo_Bmed_Bpbrs
1.36666e+06  919537  280989 280989
Ro
63054.3
SPR SPRFo_SPRFmed_SPRFpbrs
1.295e+06 936067 331004
log_Ro
10.8718
likeval ReclasPelacesDesembMPH_pf_preclas_ppelaces_ptallas_desvR_qrecl_qpela
 332.019 146.788 1.20944 0.000805211 355.978 223.858 93.4123 0 0 0 0 0 0 0 0
q_reclas_q_pelaces
1 1
M
0.7
N
 63054.3 37487.1 18615.5 9244.2 9118.79
 63054.3 29799.5 16860.7 8372.79 8259.2
 63054.3 29381.2 13029.4 7372.13 7272.12
 63054.3 27580.6 11320.2 5020.09 5642.25
 63054.3 30505 12999.4 5335.48 5025.39
 63054.3 31090 14934.4 6364.12 5072.39
 63054.3 28161.8 12488.7 5999.09 4594.01
 63054.3 29083 12064.6 5350.23 4538.13
 63054.3 26005 9961.63 4132.44 3387.01
 63054.3 24091.4 7644.64 2928.4 2210.47
 63054.3 23895.2 6967.21 2210.83 1486.16
 63054.3 15222.9 2804.68 817.771 433.931
 63054.3 15950.6 1961.68 361.421 161.299
 63054.3 15334.3 1899.7 233.634 62.2554
 63054.3 15947.1 1975.17 244.694 38.1125
 63054.3 25275.8 5160.23 639.133 91.5117
 63054.3 29711.1 11301.1 2307.18 326.678
 63054.3 30252.3 13772.5 5238.58 1220.92
 63054.3 30622.1 14368.3 6541.24 3067.94
 63054.3 30674.4 14593.7 6847.55 4579.47
 63054.3 30556.2 14506.1 6901.42 5403.9
 63054.3 30800 14681.7 6969.94 5912.5
 63054.3 30389.5 14407.1 6867.56 6025.92
 63054.3 29818.2 13685.6 6488.05 5806.42
 63054.3 29191.8 12870 5906.93 5306.51
pred_Ctot
 2196.48 2555.92 1269.23 630.283 621.733
 2806.24 2580.14 1459.86 724.943 715.108
 5443.31 4805.42 2131.02 1205.74 1189.38
 1170.31 1012.14 415.426 184.225 207.057
 321.48 310.082 132.138 54.235 51.083
 4589.93 4324.88 2077.5 885.305 705.614
 3241.71 2804.52 1243.7 597.424 457.498
 7768.11 6628.53 2749.75 1219.41 1034.32
 10615.8 7862.63 3011.9 1249.44 1024.06
 10909.3 7462.26 2367.92 907.066 684.691
 24272.3 14199.4 4140.18 1313.76 883.132
 23114.9 8730.81 1608.57 469.016 248.872
 24094.6 9428.46 1159.56 213.638 95.3445
 23120.5 8796.27 1089.73 134.02 35.7116
 8849.95 4094.63 507.151 62.8284 9.78591
 2325.28 1822.07 371.988 46.0736 6.59685
 1537.48 1427.23 542.87 110.83 15.6927
 1000.13 950.343 432.647 164.564 38.3538
 924.255 889.642 417.433 190.038 89.1305
 1095.94 1054.92 501.888 235.493 157.492
 741.936 713.888 338.908 161.239 126.252
 1338 1290.12 614.973 291.949 247.657
 2169.3 2046.92 970.402 462.571 405.881
 3082.7 2828.3 1298.1 615.402 550.748
 3801.89 3390.39 1494.75 686.042 616.308
F
 0.0495048 0.0990096 0.0990096 0.0990096 0.0990096
 0.0636401 0.12728 0.12728 0.12728 0.12728
 0.126882 0.253764 0.253764 0.253764 0.253764
 0.0261071 0.0522142 0.0522142 0.0522142 0.0522142
 0.00711174 0.0142235 0.0142235 0.0142235 0.0142235
 0.106029 0.212058 0.212058 0.212058 0.212058
 0.0738438 0.147688 0.147688 0.147688 0.147688
 0.185706 0.371412 0.371412 0.371412 0.371412
 0.262143 0.524286 0.524286 0.524286 0.524286
 0.270319 0.540638 0.540638 0.540638 0.540638
 0.721194 1.44239 1.44239 1.44239 1.44239
 0.6745 1.349 1.349 1.349 1.349
 0.713901 1.4278 1.4278 1.4278 1.4278
 0.674721 1.34944 1.34944 1.34944 1.34944
 0.214147 0.428295 0.428295 0.428295 0.428295
 0.052476 0.104952 0.104952 0.104952 0.104952
 0.0344235 0.068847 0.068847 0.068847 0.068847
 0.0222732 0.0445464 0.0445464 0.0445464 0.0445464
 0.020568 0.0411359 0.0411359 0.0411359 0.0411359
 0.0244301 0.0488601 0.0488601 0.0488601 0.0488601
 0.016481 0.032962 0.032962 0.032962 0.032962
 0.0298978 0.0597956 0.0597956 0.0597956 0.0597956
 0.0488788 0.0977577 0.0977577 0.0977577 0.0977577
 0.0701075 0.140215 0.140215 0.140215 0.140215
 0.0871062 0.174212 0.174212 0.174212 0.174212
YTP_r0W_actual
 42961.4 68486 46187.8 26961.4 24898.8
YTP_p0W_proyectada
 156678 292063 180322 104360 77481.5
CTP_r0_actual
 3801.89 3390.39 1494.75 686.042 616.308
CTP_p0_proyectada
 18432.7 13841.9 5873.7 2589.59 1684.38
Wmedp
 8.5 21.1 30.7 40.3 46
nmprior
 10.6 11 7 0
nm_flota  nm_reclas  nm_pelaces    nm_pelaL
inf 7.15979 5.91825 10.0891
cv_recla  cv_pelaces  cv_mph
1.64819 1.37378 0.920647
 ------------------------------------------------
Talla a la edad & desviaci?n 
 7.2 14.2025 17.0495 18.207 18.6776
 1.08 2.13037 2.55742 2.73105 2.80164
