years
 1997 1998 1999 2000 2001 2002 2003 2004 2005 2006 2007 2008 2009 2010 2011 2012 2013 2014 2015 2016 2017 2018 2019 2020 2021
reclasobs
 0 0 0 370054 412103 1.49427e+06 250295 1.28982e+06 931140 785840 897777 1.04006e+06 184774 17550 25797 100020 73551 82996 120727 218422 84188 347160 605670 569463 516374
reclaspred
 373087 102917 318267 237314 354898 424449 940152 628463 701931 635132 499407 334880 205603 96222.5 68676.7 71038.2 89618.4 122394 128018 186004 270403 244865 422356 530997 597758
pelacesobs
 0 0 0 0 0 0 0 0 0 2.06254e+06 1.5e+06 0 1.87456e+06 323000 250000 174000 83755 137374 0 501740 490994 745055 786931 1.00524e+06 1.33801e+06
pelacespred
 1.07963e+06 263499 505209 569472 728018 731036 1.8386e+06 1.53499e+06 1.51501e+06 1.38567e+06 982619 679663 415623 162836 114297 126295 166215 229399 247906 349089 562516 499847 679395 1.01347e+06 1.14168e+06
mphobs
 0 0 0 0 0 112323 0 153150 637223 0 255016 313432 73983 77613 109348 50772 0 0 0 0 0 0 0 0 0
mphpred
 138802 84783.4 104892 130545 140818 223191 338327 400145 343625 347600 324726 228640 140882 74576.4 36524 31945.2 39176.7 54390.9 67260.6 76591.5 116345 137760 170863 242497 327839
desembarqueobs
 350755 77701 442110 56441 14545 235359 269955 359681 431902 328805 639364 411747 362871 311530 167758 66681 60226 58785 57116 73181 50977 67692 138656 160484 209506
desembarquepred
 350761 77700.9 442105 56442.1 14545.1 235393 269981 359684 431932 328826 639579 411994 363204 311974 167801 66692 60244 58786.2 57112.3 73179.6 50977.1 67686.7 138655 160486 209505
Reclutas
 51406.3 66442.3 40177.7 66576.6 114650 82350.3 131900 123726 149865 146557 68205.5 40156.3 42936.1 23703.6 18535.5 23144.6 19088.3 21266.3 23690.6 44461.3 55169.5 68770.9 112613 131512 49919.9
log_desv_Rt
 -0.0802602 0.176313 -0.326708 0.178332 0.721859 0.390961 0.862024 0.798047 0.989711 0.96739 0.202504 -0.327243 -0.260309 -0.854396 -1.10033 -0.878258 -1.07095 -0.962899 -0.854945 -0.225402 -0.00961074 0.210759 0.703933 0.859078 -0.109602
SSB
 690721 421909 521976 649634 700755 1.11067e+06 1.68362e+06 1.99125e+06 1.70999e+06 1.72977e+06 1.61594e+06 1.13778e+06 701073 371116 181755 158969 194955 270666 334710 381144 578972 685540 850271 1.20674e+06 1.63143e+06
BT
 2.22036e+06 603382 1.14729e+06 1.07953e+06 1.31469e+06 1.49438e+06 3.47589e+06 3.15709e+06 3.10838e+06 2.79912e+06 2.33984e+06 1.59767e+06 1.10225e+06 592768 347852 281372 347071 457798 493222 684927 1.04873e+06 958672 1.3122e+06 1.94671e+06 2.20889e+06
Ftot
 0.434543 0.362382 0.52954 0.100998 0.0193586 0.188011 0.117275 0.229563 0.256457 0.204314 0.422449 0.392109 0.621804 1.08772 1.00885 0.397293 0.283248 0.191939 0.164079 0.171872 0.0782794 0.103116 0.124221 0.120275 0.112365
BD_Bspro_t
 0.946741 0.752847 0.713495 0.592101 0.724313 0.844987 0.816663 0.82383 0.776047 0.743026 0.708957 0.561075 0.447557 0.336196 0.219179 0.234823 0.350024 0.514445 0.621811 0.700884 0.795135 0.85705 0.860719 0.864031 0.864951
BD_Bspro
 0.603041 0.368352 0.455716 0.56717 0.611801 0.969683 1.46991 1.73848 1.49292 1.51019 1.41081 0.993354 0.612079 0.324007 0.158683 0.13879 0.170208 0.236308 0.292222 0.332762 0.505477 0.598518 0.742338 1.05356 1.42434
BD_Bo
 0.524774 0.320545 0.39657 0.493558 0.532397 0.84383 1.27913 1.51285 1.29916 1.31419 1.22771 0.864429 0.532639 0.281954 0.138088 0.120777 0.148117 0.205638 0.254295 0.289573 0.439873 0.520837 0.645991 0.916818 1.23948
BD_Brms
 1.83021 1.11793 1.38308 1.72134 1.85679 2.94295 4.4611 5.27622 4.53095 4.58337 4.28176 3.01479 1.85763 0.983346 0.481596 0.421221 0.516574 0.717185 0.886882 1.00992 1.5341 1.81648 2.25296 3.1975 4.32281
S_f
 0.189468 1 1 1 1
 0.189468 1 1 1 1
 0.189468 1 1 1 1
 0.189468 1 1 1 1
 0.189468 1 1 1 1
 0.189468 1 1 1 1
 0.189468 1 1 1 1
 0.189468 1 1 1 1
 0.189468 1 1 1 1
 0.189468 1 1 1 1
 0.189468 1 1 1 1
 0.189468 1 1 1 1
 0.189468 1 1 1 1
 0.189468 1 1 1 1
 0.189468 1 1 1 1
 0.189468 1 1 1 1
 0.189468 1 1 1 1
 0.189468 1 1 1 1
 0.189468 1 1 1 1
 0.189468 1 1 1 1
 0.189468 1 1 1 1
 0.189468 1 1 1 1
 0.189468 1 1 1 1
 0.189468 1 1 1 1
 0.189468 1 1 1 1
Scru_reclas
 1 1 1 1 1
 1 1 1 1 1
 1 1 1 1 1
 1 1 1 1 1
 1 1 1 1 1
 1 1 1 1 1
 1 1 1 1 1
 1 1 1 1 1
 1 1 1 1 1
 1 1 1 1 1
 1 1 1 1 1
 1 1 1 1 1
 1 1 1 1 1
 1 1 1 1 1
 1 1 1 1 1
 1 1 1 1 1
 1 1 1 1 1
 1 1 1 1 1
 1 1 1 1 1
 1 1 1 1 1
 1 1 1 1 1
 1 1 1 1 1
 1 1 1 1 1
 1 1 1 1 1
 1 1 1 1 1
Scru_pelaces
 1 1 1 1 1
 1 1 1 1 1
 1 1 1 1 1
 1 1 1 1 1
 1 1 1 1 1
 1 1 1 1 1
 1 1 1 1 1
 1 1 1 1 1
 1 1 1 1 1
 1 1 1 1 1
 1 1 1 1 1
 1 1 1 1 1
 1 1 1 1 1
 1 1 1 1 1
 1 1 1 1 1
 1 1 1 1 1
 1 1 1 1 1
 1 1 1 1 1
 1 1 1 1 1
 1 1 1 1 1
 1 1 1 1 1
 1 1 1 1 1
 1 1 1 1 1
 1 1 1 1 1
 1 1 1 1 1
pf_obs 
 0.256992 0.487395 0.22802 0.0275931 0
 0.321318 0.546541 0.124235 0.00734118 0.000564706
 0.182869 0.594174 0.210203 0.0122559 0.00049798
 0.330522 0.361315 0.267642 0.0388342 0.00168674
 0.649043 0.306663 0.0425973 0.00169635 0
 0.582887 0.30429 0.105238 0.00758474 0
 0.465427 0.430635 0.0974691 0.00646863 0
 0.296916 0.608066 0.0921331 0.00288517 0
 0.311714 0.524322 0.152257 0.0117073 0
 0.15457 0.633149 0.183074 0.0267441 0.00246327
 0.131901 0.49318 0.331252 0.0422183 0.00144891
 0.196976 0.569456 0.194076 0.0375587 0.00193317
 0.518974 0.381816 0.0799577 0.0180837 0.00116848
 0.0928022 0.601141 0.25162 0.0475244 0.00691264
 0.122501 0.610282 0.24278 0.0234846 0.000952079
 0.383417 0.481906 0.127806 0.00687128 0
 0.0376549 0.599619 0.316969 0.0457579 0
 0.0361596 0.667082 0.258105 0.0386534 0
 0.158088 0.579412 0.248529 0.0139706 0
 0.0477256 0.309471 0.559284 0.082774 0.000745712
 0.0406174 0.521527 0.379366 0.0568643 0.0016247
 0.151134 0.462217 0.34131 0.0453401 0
 0.294876 0.26143 0.354403 0.0886775 0.000613685
 0.281977 0.475581 0.204845 0.0348837 0.00271318
 0.0841818 0.532909 0.334909 0.0458182 0.00218182
pf_pred 
 0.339889 0.464628 0.174699 0.0207726 1.10058e-05
 0.318142 0.524454 0.110791 0.0416571 0.00495586
 0.180372 0.610318 0.160992 0.0340094 0.0143088
 0.302506 0.417577 0.208434 0.0549814 0.0165015
 0.322431 0.478107 0.119415 0.0596059 0.020442
 0.174016 0.592239 0.164936 0.0411952 0.0276146
 0.265635 0.402414 0.238012 0.0662853 0.0276537
 0.209459 0.528268 0.143719 0.0850046 0.0335497
 0.243108 0.460602 0.197992 0.0538652 0.0444334
 0.216364 0.51421 0.163958 0.0704778 0.0349907
 0.116035 0.544095 0.223018 0.0711099 0.0457426
 0.113053 0.406076 0.295984 0.12132 0.063567
 0.194701 0.359902 0.203918 0.148634 0.0928446
 0.174506 0.521526 0.135849 0.0769711 0.0911486
 0.249387 0.492506 0.163065 0.0424757 0.0525659
 0.329059 0.497849 0.113573 0.0376031 0.0219167
 0.220833 0.589909 0.140433 0.0320365 0.0167893
 0.232209 0.484011 0.21485 0.051147 0.0177828
 0.228851 0.490063 0.177195 0.0786558 0.0252349
 0.330138 0.420723 0.158327 0.0572471 0.0335645
 0.270641 0.53816 0.120087 0.0451914 0.0259204
 0.251166 0.501654 0.182383 0.0406976 0.0240998
 0.301957 0.45359 0.163762 0.0595377 0.0211527
 0.251879 0.529146 0.14229 0.0513718 0.0253124
 0.0914002 0.592825 0.223348 0.0600594 0.0323677
pobs_RECLAS
 0 0 0 0 0
 0 0 0 0 0
 0 0 0 0 0
 0 0 0 0 0
 0.835266 0.146461 0.0176864 0.000547809 3.91292e-05
 0.385257 0.428462 0.181853 0.0044286 0
 0.867414 0.0963971 0.0333333 0.00285562 0
 0.441836 0.489002 0.0689373 0.000224442 0
 0.779404 0.147425 0.0564933 0.0165055 0.000172143
 0.814271 0.122319 0.05973 0.00367925 0
 0.40263 0.566651 0.0304383 0.000280538 0
 0.475488 0.404961 0.113038 0.00651328 0
 0.955842 0.0263864 0.0167828 0.000988607 0
 0.975058 0.0227948 0.00214734 0 0
 0.738997 0.206755 0.0527124 0.00153531 0
 0.850938 0.134255 0.0134407 0.00136685 0
 0.542534 0.407297 0.0501686 0 0
 0.764087 0.199537 0.0359546 0.000420521 0
 0.470689 0.182191 0.310203 0.0369168 0
 0.84361 0.089868 0.0606195 0.00523954 0.000663233
 0.607945 0.314616 0.071237 0.00620181 0
 0.523733 0.453247 0.0230204 0 0
 0.530135 0.295979 0.169645 0.0042399 0
 0.562478 0.366248 0.0663022 0.0049721 0
 0.250443 0.683176 0.0655157 0.000865301 0
ppred_RECLAS
 0.736419 0.185525 0.069757 0.00829446 4.39458e-06
 0.715715 0.218659 0.0461916 0.017368 0.00206623
 0.546211 0.337904 0.0891335 0.0188294 0.00792209
 0.697048 0.181372 0.0905321 0.0238808 0.00716731
 0.715415 0.200809 0.0501551 0.025035 0.0085858
 0.529042 0.337682 0.0940428 0.0234886 0.0157453
 0.657616 0.187618 0.110969 0.0309043 0.012893
 0.586172 0.276535 0.0752335 0.0444977 0.0175624
 0.632372 0.223718 0.096166 0.0261627 0.0215816
 0.595743 0.265267 0.0845813 0.0363576 0.0180508
 0.415745 0.359618 0.147403 0.0469999 0.0302335
 0.408047 0.271017 0.197541 0.0809697 0.0424249
 0.571467 0.191519 0.108513 0.0790943 0.0494064
 0.55115 0.283572 0.0738657 0.0418519 0.0495607
 0.656474 0.225401 0.0746286 0.0194395 0.0240574
 0.726283 0.203103 0.0463331 0.0153406 0.00894116
 0.603272 0.300363 0.0715041 0.016312 0.0085486
 0.617297 0.241254 0.107091 0.0254941 0.00886379
 0.612414 0.24631 0.0890597 0.0395331 0.0126833
 0.724159 0.173249 0.0651971 0.0235737 0.0138214
 0.662861 0.248759 0.0555091 0.0208893 0.0119815
 0.640235 0.241011 0.0876228 0.0195525 0.0115784
 0.696771 0.197039 0.0711381 0.0258631 0.00918873
 0.641326 0.25369 0.0682186 0.0246293 0.0121356
 0.348109 0.425332 0.160245 0.0430907 0.0232228
pobs_PELACES
 0 0 0 0 0
 0 0 0 0 0
 0 0 0 0 0
 0 0 0 0 0
 0 0 0 0 0
 0 0 0 0 0
 0 0 0 0 0
 0 0 0 0 0
 0 0 0 0 0
 0 0 0 0 0
 0.450072 0.473896 0.0757376 0.000293798 0
 0 0 0 0 0
 0.463077 0.371075 0.160297 0.00555027 0
 0.529543 0.364841 0.0842815 0.0213345 0
 0.631943 0.363953 0.00410389 0 0
 0.735681 0.248677 0.0153453 0.000297389 0
 0.695825 0.281241 0.0229344 0 0
 0.275771 0.60734 0.115278 0.00161068 0
 0 0 0 0 0
 0.896147 0.0623911 0.0374545 0.00400742 0
 0.803859 0.145111 0.0509908 3.86294e-05 0
 0.739449 0.233085 0.0266225 0.000797448 4.60066e-05
 0.878498 0.100942 0.0204185 0.000141795 0
 0.694673 0.275183 0.0284847 0.00165964 0
 0.469039 0.446079 0.0841089 0.000773354 0
ppred_PELACES
 0.758353 0.170087 0.0639523 0.00760425 4.0289e-06
 0.735018 0.203812 0.0430552 0.0161887 0.00192594
 0.581032 0.311975 0.0822939 0.0173845 0.00731419
 0.702722 0.177975 0.0888364 0.0234336 0.00703307
 0.716468 0.200066 0.0499695 0.0249423 0.00855403
 0.541551 0.328713 0.091545 0.0228648 0.0153271
 0.664643 0.183767 0.108691 0.03027 0.0126284
 0.600983 0.266637 0.0725407 0.0429051 0.0169338
 0.648169 0.214104 0.0920336 0.0250385 0.0206543
 0.608833 0.256678 0.0818426 0.0351804 0.0174663
 0.443426 0.34258 0.140419 0.0447732 0.0288011
 0.433603 0.259316 0.189013 0.077474 0.0405933
 0.611627 0.17357 0.0983441 0.071682 0.0447763
 0.621579 0.239077 0.0622754 0.0352849 0.0417841
 0.714525 0.187311 0.0620175 0.0161545 0.019992
 0.746893 0.187809 0.0428443 0.0141855 0.00826791
 0.621256 0.286748 0.0682629 0.0155726 0.0081611
 0.62935 0.233656 0.103719 0.0246911 0.00858462
 0.622778 0.239724 0.0866781 0.038476 0.0123441
 0.733247 0.167541 0.0630492 0.022797 0.0133661
 0.667524 0.245319 0.0547414 0.0206003 0.0118157
 0.646563 0.236772 0.0860815 0.0192086 0.0113747
 0.703745 0.192508 0.069502 0.0252683 0.0089774
 0.648692 0.24848 0.0668176 0.0241235 0.0118864
 0.35496 0.420862 0.158561 0.0426378 0.0229787
pobs_pel_tallas
 0 0 0 0 0 0 0 0 0 0 0 0 0 0 0 0 0 0 0 0 0 0 0 0 0 0 0 0 0 0 0 0 0 0 0 0
 0 0 0 0 0 0 0 0 0 0 0 0 0 0 0 0 0 0 0 0 0 0 0 0 0 0 0 0 0 0 0 0 0 0 0 0
 0 0 0 0 0 0 0 0 0 0 0 0 0 0 0 0 0 0 0 0 0 0 0 0 0 0 0 0 0 0 0 0 0 0 0 0
 0 0 0 0 0 0 0 0 0 0 0 0 0 0 0 0 0 0 0 0 0 0 0 0 0 0 0 0 0 0 0 0 0 0 0 0
 0 0 0 0 0 0 0 0 0 0 0 0 0 0 0 0 0 0 0 0 0 0 0 0 0 0 0 0 0 0 0 0 0 0 0 0
 0 0 0 0 0 0 0 0 0 0 0 0 0 0 0 0 0 0 0 0 0 0 0 0 0 0 0 0 0 0 0 0 0 0 0 0
 0 0 0 0 0 0 0 0 0 0 0 0 0 0 0 0 0 0 0 0 0 0 0 0 0 0 0 0 0 0 0 0 0 0 0 0
 0 0 0 0 0 0 0 0 0 0 0 0 0 0 0 0 0 0 0 0 0 0 0 0 0 0 0 0 0 0 0 0 0 0 0 0
 0 0 0 0 0 0 0 0 0 0 0 0 0 0 0 0 0 0 0 0 0 0 0 0 0 0 0 0 0 0 0 0 0 0 0 0
 0 0 0 0 0 0 0 0 0 0 0 0 0 0 0 0 0 0 0 0 0 0 0 0 0 0 0 0 0 0 0 0 0 0 0 0
 0 0 0 0 0 0 0 0 1.78061e-05 0.00172719 0.00360574 0.0105946 0.0120993 0.0124554 0.0147524 0.0171206 0.0266825 0.0428682 0.0675386 0.121331 0.153587 0.119568 0.100827 0.0573624 0.0630603 0.0341343 0.0324427 0.0444173 0.0211091 0.0280891 0.0125444 0.00206551 0 0 0 0
 0 0 0 0 0 0 0 0 0 0 0 0 0 0 0 0 0 0 0 0 0 0 0 0 0 0 0 0 0 0 0 0 0 0 0 0
 0 0 0 0 0 0 0.0133647 0.0140871 0.0187388 0.0205184 0.03894 0.0496705 0.03968 0.0493445 0.0407372 0.0367815 0.0215668 0.0243155 0.0234873 0.0199281 0.019796 0.0243948 0.0301388 0.0376714 0.0412746 0.0863199 0.0771752 0.113111 0.0741005 0.0525337 0.0229764 0.00759418 0.00175318 0 0 0
 0 0 0 0 0 0 0 0 0 0 0.00219441 0.00772107 0.0458388 0.0604681 0.0671733 0.0775358 0.0609151 0.0617685 0.073594 0.0568108 0.0755445 0.0548602 0.0670107 0.0636378 0.0643287 0.046367 0.0373049 0.0286899 0.0247887 0.0153202 0.00654259 0.00121912 0.000365735 0 0 0
 0 0 0 0 0 0 0 0 0 0 0 0 0.000112435 0.00938835 0.0111873 0.0202946 0.0414886 0.0713402 0.111592 0.104902 0.108894 0.110636 0.117776 0.105296 0.107544 0.0401394 0.0192827 0.0124803 0.00416011 0.0028671 0.000618394 0 0 0 0 0
 0 0 0 0 0 0 0 0 0 0 0.00291406 0.0102884 0.027416 0.0768956 0.0749926 0.110853 0.0956884 0.0897413 0.0766577 0.0534642 0.0500743 0.0551293 0.0594112 0.0620874 0.0668451 0.0424026 0.0208742 0.0120726 0.0048766 0.00582813 0.00118941 0.000297354 0 0 0 0
 0 0.00264628 0.0354308 0.0461629 0.0458689 0.0383711 0.0214643 0.0164657 0.0346957 0.0420465 0.0363128 0.0245516 0.0311673 0.0291091 0.0169068 0.0133784 0.00837989 0.0085269 0.0148486 0.0160247 0.0276389 0.0546898 0.0760071 0.122758 0.109233 0.0665981 0.0333725 0.0166128 0.00676272 0.00308733 0.000882094 0 0 0 0 0
 0 0 0 0 0 0 0 0.000805153 0.000690131 0.00759144 0.0133425 0.0154129 0.00931677 0.000345066 0.00356568 0.00563607 0.00851162 0.0253048 0.0502646 0.0516448 0.0657925 0.0565908 0.0611916 0.0827007 0.0866115 0.110766 0.145733 0.0935128 0.0569358 0.0249597 0.0138026 0.00621118 0.00161031 0.00115022 0 0
 0 0 0 0 0 0 0 0 0 0 0 0 0 0 0 0 0 0 0 0 0 0 0 0 0 0 0 0 0 0 0 0 0 0 0 0
 0.00147267 0.00158595 0.00478618 0.00569244 0.00954404 0.0108468 0.00647125 0.017049 0.0510054 0.094081 0.124002 0.0959785 0.0687766 0.0820023 0.061753 0.0591476 0.0492212 0.0479892 0.0443925 0.0268479 0.0217502 0.0140895 0.0121071 0.0120363 0.00920419 0.00665534 0.0049561 0.00860946 0.00930331 0.0156896 0.0114698 0.00855282 0.00243557 0.00046729 0 2.83206e-05
 0 0 0 0 0.000772559 0.00158375 0.000888443 0.00281984 0.00712685 0.0440552 0.0773331 0.111326 0.0921469 0.0852325 0.0710754 0.0886704 0.0786465 0.0553345 0.0373146 0.0185414 0.00753245 0.00457741 0.012979 0.0271748 0.0457355 0.0583668 0.034881 0.0177882 0.00938659 0.00492506 0.0015258 0.00185414 0.000309023 5.79419e-05 3.86279e-05 0
 0 0.00173294 0.00326652 0 0.00397197 0.00683976 0.00946217 0.0152591 0.00757587 0.0136028 0.0228656 0.0392903 0.0559909 0.0764795 0.0681675 0.0726916 0.0566044 0.0477403 0.0527397 0.0444891 0.0609904 0.0582453 0.0661739 0.0445044 0.0529084 0.0360697 0.0280645 0.0235558 0.0158879 0.00826598 0.00280645 0.00217768 0.000904811 0.00058276 9.20147e-05 0
 0 0 0 0 0 0 0 0 0 0 0 0 0 0 0 0 0 0 0 0 0 0 0 0 0 0 0 0 0 0 0 0 0 0 0 0
 0 0 0 0 0 0 0 0 0 0 0 0 0 0 0 0 0 0 0 0 0 0 0 0 0 0 0 0 0 0 0 0 0 0 0 0
 0 0 0 0 0 0 0 0 0 0 0 0 0 0 0 0 0 0 0 0 0 0 0 0 0 0 0 0 0 0 0 0 0 0 0 0
ppred_pel_tallas
 1.01225e-16 3.30874e-05 0.000194198 0.00092313 0.0035541 0.0110831 0.0279951 0.0572818 0.0949508 0.127516 0.138762 0.122396 0.0876105 0.0511212 0.0247936 0.0108946 0.00581265 0.00529521 0.00673459 0.00897998 0.0115498 0.0141409 0.0164685 0.0182654 0.0193286 0.0195617 0.0189927 0.0177574 0.0160597 0.0141192 0.0121279 0.0102235 0.00848515 0.00694381 0.00560072 0.00444379
 1.01324e-16 3.20712e-05 0.000188229 0.000894746 0.00344481 0.0107423 0.0271342 0.0555205 0.0920325 0.1236 0.134509 0.118666 0.0849864 0.049682 0.0242671 0.0109541 0.00625717 0.00606318 0.0078414 0.0104564 0.0134023 0.016331 0.0189051 0.0208113 0.021819 0.021832 0.0209072 0.0192325 0.0170747 0.0147132 0.0123842 0.010248 0.00838375 0.00680555 0.00548784 0.0043898
 1.02209e-16 2.53612e-05 0.000148825 0.000707393 0.00272341 0.00849263 0.0214519 0.0438949 0.0727661 0.0977394 0.106403 0.0939591 0.0674851 0.0398411 0.020189 0.0103486 0.0076352 0.00884946 0.0120009 0.0161377 0.0207301 0.0253038 0.029353 0.0323969 0.0340771 0.0342373 0.0329533 0.0305008 0.0272766 0.0236999 0.020128 0.0168071 0.0138645 0.0113312 0.00918016 0.00736083
 1.02453e-16 3.0662e-05 0.000179957 0.000855429 0.00329343 0.0102703 0.0259419 0.0530807 0.0879878 0.118167 0.128595 0.113442 0.0812328 0.0474636 0.02314 0.0103759 0.00583933 0.00560362 0.00726226 0.00975123 0.0126166 0.015559 0.0182873 0.0205215 0.0220412 0.0227291 0.0225895 0.0217333 0.0203394 0.018605 0.0167044 0.0147652 0.0128664 0.0110496 0.00933664 0.00774314
 1.02032e-16 3.12622e-05 0.000183479 0.000872168 0.00335788 0.0104712 0.0264495 0.0541195 0.0897102 0.120482 0.131116 0.115674 0.0828481 0.0484405 0.0236771 0.0107167 0.00616454 0.00601484 0.00780494 0.0104322 0.0134075 0.0163941 0.0190643 0.0211114 0.0223066 0.0225486 0.0218822 0.0204773 0.0185782 0.016442 0.0142848 0.0122526 0.0104177 0.00879483 0.00736641 0.00610489
 1.02909e-16 2.36403e-05 0.00013872 0.00065935 0.00253843 0.00791577 0.0199948 0.0409137 0.0678254 0.0911066 0.0991923 0.0876142 0.0629778 0.0372806 0.0190775 0.0100836 0.00781556 0.0093066 0.0127064 0.0171171 0.0220155 0.0269126 0.0312795 0.0346106 0.0365273 0.0368603 0.0356825 0.0332742 0.0300413 0.0264131 0.0227543 0.0193153 0.016225 0.0135159 0.0111631 0.00912152
 1.03234e-16 2.90019e-05 0.00017021 0.000809088 0.00311501 0.00971385 0.0245364 0.0502051 0.0832217 0.111768 0.121635 0.107314 0.0768684 0.0449619 0.0220116 0.0100266 0.00586683 0.00582886 0.00764396 0.0103074 0.0133837 0.0165755 0.0195859 0.0221249 0.0239589 0.0249549 0.0251005 0.0244893 0.0232839 0.0216674 0.0198037 0.017816 0.0157853 0.0137627 0.0117853 0.00988856
 1.03383e-16 2.62292e-05 0.000153925 0.000731651 0.00281683 0.00878396 0.0221877 0.0454001 0.0752597 0.101084 0.110031 0.0971314 0.0696956 0.0410097 0.0205296 0.010114 0.00696345 0.00775489 0.0104327 0.0140408 0.0180889 0.0221695 0.0258558 0.028741 0.0305185 0.0310474 0.0303779 0.0287232 0.0263936 0.0237156 0.020963 0.0183193 0.0158752 0.0136509 0.011629 0.00978375
 1.03202e-16 2.82847e-05 0.000165997 0.000789053 0.00303786 0.00947325 0.0239287 0.048962 0.081162 0.109005 0.118636 0.104686 0.0750272 0.043967 0.021677 0.0101304 0.00627753 0.00651428 0.00862485 0.0116109 0.0150123 0.0184892 0.0216965 0.024302 0.0260472 0.0267998 0.0265752 0.0255167 0.0238473 0.0218081 0.0196071 0.0173915 0.0152447 0.0132031 0.0112784 0.00947718
 1.03271e-16 2.65711e-05 0.000155933 0.000741199 0.0028536 0.00889862 0.0224773 0.0459926 0.0762415 0.102401 0.111462 0.0983874 0.070581 0.0414989 0.0207157 0.010109 0.00683777 0.00753228 0.0101109 0.0136117 0.0175509 0.0215337 0.0251482 0.0280005 0.0297908 0.0303774 0.0298011 0.0282593 0.0260443 0.0234661 0.0207873 0.0181874 0.0157596 0.0135312 0.0114943 0.00963234
 1.0499e-16 1.93622e-05 0.000113602 0.000539936 0.00207865 0.00648196 0.0163732 0.0335037 0.0555437 0.0746168 0.0812589 0.0718213 0.051729 0.03083 0.0161625 0.00917159 0.00786758 0.0098587 0.0136498 0.0184964 0.0239241 0.0294504 0.0345344 0.038647 0.0413769 0.0425162 0.0420939 0.0403448 0.0376304 0.0343407 0.0308111 0.0272771 0.023871 0.0206474 0.0176208 0.0147969
 1.07327e-16 1.89306e-05 0.000111076 0.000527941 0.0020325 0.00633805 0.0160096 0.0327591 0.0543074 0.07295 0.079428 0.0701658 0.0504558 0.0299099 0.0153876 0.00827707 0.00661243 0.0080488 0.011144 0.0152251 0.0199216 0.0248847 0.0297174 0.034014 0.0374325 0.0397563 0.0409207 0.0409972 0.0401456 0.0385548 0.0363962 0.0338018 0.0308688 0.0276781 0.024316 0.0208855
 1.06008e-16 2.66895e-05 0.000156636 0.000744559 0.00286656 0.00893907 0.0225794 0.0462008 0.0765844 0.102855 0.111937 0.0987626 0.0707543 0.0414082 0.0203151 0.00932971 0.00557015 0.00563799 0.00745638 0.0101124 0.0132169 0.0165065 0.0197157 0.0225817 0.0248872 0.0264994 0.0273862 0.0276017 0.0272522 0.0264546 0.0253052 0.0238668 0.0221754 0.0202575 0.0181491 0.0159068
 1.04127e-16 2.71261e-05 0.000159193 0.000756702 0.00291329 0.00908479 0.0229476 0.0469546 0.0778354 0.10454 0.113784 0.100423 0.0720117 0.0422797 0.0209934 0.0100585 0.0065634 0.00705994 0.00942156 0.0126754 0.016349 0.020073 0.023468 0.0261736 0.0279177 0.0285749 0.0281874 0.0269393 0.025098 0.0229407 0.0206954 0.0185084 0.0164448 0.0145107 0.0126846 0.0109447
 1.02431e-16 3.11769e-05 0.00018298 0.000869797 0.00334875 0.0104428 0.0263776 0.0539723 0.0894659 0.120152 0.130756 0.11535 0.0826029 0.048271 0.0235459 0.0105766 0.00597415 0.00574278 0.00742956 0.00994361 0.0128119 0.0157179 0.0183557 0.0204368 0.0217422 0.0221684 0.0217452 0.020617 0.0189978 0.0171145 0.0151596 0.0132646 0.0114978 0.00987908 0.00840199 0.00705332
 1.01544e-16 3.25883e-05 0.000191266 0.00090919 0.00350043 0.0109158 0.0275724 0.0564168 0.0935176 0.125593 0.136674 0.120564 0.0863225 0.0504155 0.0245368 0.0109263 0.00603385 0.00567462 0.00727768 0.00969828 0.0124414 0.0151805 0.0176049 0.019426 0.0204307 0.0205281 0.019767 0.0183153 0.0164128 0.0143106 0.0122205 0.0102855 0.00857589 0.00710417 0.00584858 0.00477531
 1.01979e-16 2.7114e-05 0.000159118 0.000756334 0.00291186 0.00908029 0.0229363 0.0469318 0.077799 0.104495 0.113746 0.100415 0.0720616 0.0424209 0.0212704 0.0105335 0.0073169 0.00818281 0.0109988 0.0147628 0.0189479 0.0231079 0.0267765 0.0295125 0.0309897 0.0310687 0.029825 0.0275181 0.0245185 0.0212159 0.0179408 0.014919 0.0122641 0.00999969 0.00809423 0.00649485
 1.02799e-16 2.74649e-05 0.000161183 0.00076616 0.00294971 0.00919834 0.0232344 0.0475414 0.078808 0.105846 0.115204 0.101673 0.0729008 0.0427876 0.0212199 0.0101256 0.00655574 0.0070195 0.00936678 0.0126183 0.0163037 0.0200574 0.0235009 0.0262688 0.0280767 0.0287796 0.0283958 0.0270863 0.0251018 0.0227155 0.0201665 0.0176276 0.015201 0.0129343 0.0108441 0.00893646
 1.03208e-16 2.71785e-05 0.000159501 0.000758164 0.00291892 0.00910233 0.0229919 0.0470452 0.0779858 0.104742 0.114005 0.100619 0.0721542 0.0423682 0.0210466 0.0101002 0.00661356 0.00713384 0.00953235 0.0128357 0.0165706 0.0203648 0.0238331 0.0266057 0.0283984 0.029072 0.0286549 0.0273211 0.025333 0.0229715 0.0204764 0.0180144 0.015676 0.0134941 0.0114714 0.00960335
 1.02358e-16 3.19925e-05 0.00018777 0.000892573 0.00343645 0.0107163 0.0270684 0.0553856 0.0918078 0.123296 0.13417 0.118349 0.0847197 0.0494469 0.0240055 0.0105902 0.0057128 0.00526589 0.00673254 0.00900421 0.0116186 0.0142848 0.0167283 0.0186897 0.0199698 0.0204701 0.0202091 0.0193065 0.0179437 0.0163151 0.0145869 0.0128743 0.0112402 0.00970806 0.00828034 0.00695516
 1.02118e-16 2.91298e-05 0.000170956 0.000812623 0.0031286 0.00975621 0.0246435 0.0504247 0.0835873 0.112264 0.122187 0.107831 0.0773039 0.0453473 0.0224418 0.0106255 0.00676112 0.00713466 0.00945267 0.0126635 0.0162577 0.0198414 0.0230151 0.0254035 0.0267288 0.0268725 0.0258983 0.0240252 0.0215651 0.0188446 0.0161382 0.0136308 0.0114122 0.00949732 0.00785688 0.00644685
 1.02491e-16 2.82156e-05 0.000165589 0.00078711 0.00303037 0.00944988 0.0238697 0.0488414 0.0809628 0.108739 0.118352 0.104448 0.0748828 0.0439355 0.0217599 0.0103329 0.00662017 0.00703022 0.00934895 0.012566 0.016196 0.0198636 0.0231841 0.02579 0.0274007 0.0278815 0.0272678 0.0257419 0.0235766 0.0210648 0.0184587 0.015936 0.0135947 0.0114705 0.00956298 0.00785909
 1.02338e-16 3.07071e-05 0.000180221 0.00085668 0.00329825 0.0102853 0.0259798 0.0531584 0.0881169 0.118342 0.128787 0.113619 0.0813743 0.0475757 0.0232493 0.0105161 0.00604271 0.00589764 0.00766672 0.0102739 0.0132475 0.0162657 0.0190141 0.0211943 0.0225782 0.023055 0.02265 0.0215067 0.0198404 0.0178821 0.0158295 0.013821 0.0119321 0.0101904 0.00859702 0.00714535
 1.02414e-16 2.83088e-05 0.000166136 0.000789706 0.00304036 0.00948105 0.0239485 0.0490026 0.0812303 0.109099 0.118746 0.104801 0.0751464 0.0441117 0.0218866 0.0104577 0.00678278 0.00725849 0.00965971 0.0129641 0.016671 0.0203869 0.0237087 0.0262547 0.0277394 0.0280351 0.027196 0.0254322 0.0230474 0.020362 0.0176471 0.0150873 0.0127761 0.0107354 0.0089458 0.00737434
 1.04927e-16 1.55079e-05 9.09671e-05 0.000432309 0.00166423 0.00518958 0.0131089 0.0268253 0.0444765 0.0597629 0.0651189 0.0576417 0.0417031 0.0252299 0.013914 0.00898082 0.00890624 0.0118259 0.016552 0.0224354 0.028969 0.0355724 0.0415794 0.0463393 0.0493514 0.0503718 0.0494547 0.0469133 0.04322 0.0388826 0.0343385 0.0298953 0.0257238 0.0218888 0.0183956 0.0152303
pSPR Fmed_Fpbrs
0.703728   0.336729 0.336729
Fs Fmed_Fpbrs
0.220917   1.005 1.005
SSBpbr Bo_Bmed_Bpbrs
1.31623e+06  860454  377401 377401
Ro
55702.3
SPR SPRFo_SPRFmed_SPRFpbrs
1.1454e+06 806048 385689
log_Ro
10.7478
likeval ReclasPelacesDesembMPH_pf_preclas_ppelaces_ptallas_desvR_qrecl_qpela
 64.8173 27.1083 0.017877 0.000188337 316.383 198.887 77.9825 0 15.5822 8.04454e-05 0 0 0 0 0
q_reclas_q_pelaces
0.280561 1
M
0.7
N
 51406.3 15444.5 5807.12 690.496 0.36584
 66442.3 23510.1 4966.48 1867.39 222.16
 40177.7 30804.9 8125.82 1716.57 722.214
 66576.6 18047 9008.2 2376.21 713.168
 114650 32434.3 8100.97 4043.61 1386.76
 82350.3 56724.9 15797.6 3945.7 2644.94
 131900 39462.9 23340.8 6500.3 2711.87
 123726 64060.4 17428.1 10308.1 4068.4
 149865 58825.4 25286.3 6879.34 5674.78
 146557 70890.8 22603.8 9716.31 4823.94
 68205.5 70014.3 28698 9150.44 5886.18
 40156.3 31264.5 22788.4 9340.67 4894.15
 42936.1 18513.2 10489.5 7645.69 4775.9
 23703.6 18951.8 4936.63 2797.07 3312.26
 18535.5 9578.65 3171.43 826.102 1022.34
 23144.6 7603.01 1734.45 574.264 334.706
 19088.3 10659.9 2537.68 578.913 303.39
 21266.3 8983.67 3987.81 949.332 330.064
 23690.6 10183.4 3682.05 1634.44 524.374
 44461.3 11404.3 4291.67 1551.76 909.811
 55169.5 21371.4 4768.9 1794.64 1029.35
 68770.9 26993 9813.66 2189.86 1296.76
 112613 33489.9 12091 4395.84 1561.77
 131512 54621 14687.9 5302.83 2612.87
 49919.9 63835.6 24050.2 6467.22 3485.37
pred_Ctot
 2935.78 4013.21 1508.96 179.423 0.0950622
 3183.28 5247.61 1108.55 416.815 49.5876
 2774.35 9387.44 2476.25 523.106 220.086
 908.514 1254.1 625.987 165.125 49.5586
 301.931 447.71 111.822 55.8163 19.1423
 2076.8 7068.12 1968.44 491.647 329.569
 2087.16 3161.87 1870.12 520.821 217.282
 3796.71 9575.54 2605.1 1540.82 608.133
 5126.13 9712.18 4174.82 1135.79 936.916
 4011.08 9532.74 3039.54 1306.56 648.679
 3790.55 17774.1 7285.39 2322.97 1494.29
 2076.62 7459.03 5436.81 2228.48 1167.64
 3455.12 6386.72 3618.68 2637.62 1647.6
 3212.69 9601.42 2501.01 1417.06 1678.07
 2344.95 4630.96 1533.28 399.393 494.269
 1212.19 1833.98 418.38 138.523 80.7372
 719.522 1922.05 457.562 104.382 54.7034
 547.342 1140.87 506.426 120.559 41.9161
 522.444 1118.77 404.518 179.563 57.6088
 1026.4 1308.03 492.24 177.982 104.352
 584.612 1162.48 259.401 97.618 55.9907
 957.971 1913.35 695.623 155.224 91.9187
 1886.41 2833.71 1023.07 371.949 132.147
 2133.72 4482.51 1205.37 435.181 214.427
 757.166 4911 1850.23 497.537 268.136
F
 0.0823322 0.434543 0.434543 0.434543 0.434543
 0.0686599 0.362382 0.362382 0.362382 0.362382
 0.100331 0.52954 0.52954 0.52954 0.52954
 0.019136 0.100998 0.100998 0.100998 0.100998
 0.00366785 0.0193586 0.0193586 0.0193586 0.0193586
 0.0356221 0.188011 0.188011 0.188011 0.188011
 0.0222198 0.117275 0.117275 0.117275 0.117275
 0.0434949 0.229563 0.229563 0.229563 0.229563
 0.0485905 0.256457 0.256457 0.256457 0.256457
 0.0387111 0.204314 0.204314 0.204314 0.204314
 0.0800408 0.422449 0.422449 0.422449 0.422449
 0.0742923 0.392109 0.392109 0.392109 0.392109
 0.117812 0.621804 0.621804 0.621804 0.621804
 0.206088 1.08772 1.08772 1.08772 1.08772
 0.191145 1.00885 1.00885 1.00885 1.00885
 0.0752744 0.397293 0.397293 0.397293 0.397293
 0.0536665 0.283248 0.283248 0.283248 0.283248
 0.0363663 0.191939 0.191939 0.191939 0.191939
 0.0310877 0.164079 0.164079 0.164079 0.164079
 0.0325643 0.171872 0.171872 0.171872 0.171872
 0.0148315 0.0782794 0.0782794 0.0782794 0.0782794
 0.0195373 0.103116 0.103116 0.103116 0.103116
 0.023536 0.124221 0.124221 0.124221 0.124221
 0.0227882 0.120275 0.120275 0.120275 0.120275
 0.0212897 0.112365 0.112365 0.112365 0.112365
Np
 49322.9 20246.3 4411.12 5149.74 2292.84
YTP_r0W_actual
 8480.26 108042 61057.6 20448.8 11476.2
YTP_p0W_proyectada
 52853.4 250467 426312 209519 92937.3
 52853.4 208966 66377.3 101087 51421.3
CTP_r0_actual
 757.166 4911 1850.23 497.537 268.136
CTP_p0_proyectada
 6218.04 11704.1 13663.8 5147.88 1998.65
 6218.04 9764.77 2127.48 2483.71 1105.84
Wmedp
 8.5 21.4 31.2 40.7 46.5
nmprior
 10.6 11 7 0
nm_flota  nm_reclas  nm_pelaces    nm_pelaL
inf 13.749 20.9341 52.1328
cv_recla  cv_pelaces  cv_mph
0.728233 0.590368 0.445252
 ------------------------------------------------
Talla a la edad & desviaci?n 
 7.2 14.2025 17.0495 18.207 18.6776
 1.08 2.13037 2.55742 2.73105 2.80164
