years
 1997 1998 1999 2000 2001 2002 2003 2004 2005 2006 2007 2008 2009 2010 2011 2012 2013 2014 2015 2016 2017 2018 2019 2020 2021
reclasobs
 0 0 0 370054 412103 1.49427e+06 250295 1.28982e+06 931140 785840 897777 1.04006e+06 184774 17550 25797 100020 73551 82996 120727 218422 84188 347160 605670 569463 516374
reclaspred
 482839 124689 315053 215708 352830 434622 948819 653376 739637 764482 649951 451023 278017 115655 68878.3 66034.4 79214.2 105927 114321 155203 234523 220776 378148 473350 513763
pelacesobs
 0 0 0 0 0 0 0 0 0 2.06254e+06 1.5e+06 0 1.87456e+06 323000 250000 174000 83755 137374 0 501740 490994 745055 786931 1.00524e+06 1.33801e+06
pelacespred
 1.94127e+06 434499 659002 728156 1.05127e+06 1.02811e+06 2.63821e+06 2.1435e+06 2.19197e+06 2.29425e+06 1.69283e+06 1.23047e+06 738129 237607 143939 151387 190843 269508 293632 390527 685521 627852 829153 1.23762e+06 1.38322e+06
mphobs
 0 0 0 0 0 112323 0 153150 637223 0 255016 313432 73983 77613 109348 50772 0 0 0 0 0 0 0 0 0
mphpred
 177195 97192 107783 104248 122376 209044 297108 367572 316347 339450 356408 251220 158108 82206.5 35124 28111.3 31526.2 41485.5 51902.6 58879.9 88656.6 109215 135695 191257 250143
desembarqueobs
 350755 77701 442110 56441 14545 235359 269955 359681 431902 328805 639364 411747 362871 311530 167758 66681 60226 58785 57116 73181 50977 67692 138656 160484 209506
desembarquepred
 350761 77699.2 442088 56444.1 14545.3 235437 270019 359673 431943 328811 639308 411776 362929 311618 167582 66676.1 60252.3 58777.9 57100.3 73177.3 50979.6 67682.4 138659 160496 209510
Reclutas
 36114.4 43856.4 22500 34069.8 60974.3 42662.7 77626.6 75552.8 98996.8 116943 66686.5 46064.3 45877.1 24814 14434.1 13317.2 10087.5 11582.8 12468.5 19956 26122 33513.8 53182.2 63379.1 25914.4
log_desv_Rt
 0.0401776 0.234407 -0.432996 -0.0181025 0.563938 0.206811 0.805396 0.778318 1.04857 1.21518 0.653489 0.283525 0.279453 -0.335104 -0.876921 -0.957458 -1.23522 -1.09699 -1.02331 -0.552985 -0.283737 -0.0345576 0.427211 0.60262 -0.291715
SSB
 443792 243421 269947 261093 306495 523559 744117 920598 792302 850165 892636 629190 395986 205889 87969.4 70405.9 78958.5 103902 129992 147467 222044 273533 339853 479011 626493
BT
 1.53263e+06 372225 648361 478819 626269 737871 1.78533e+06 1.637e+06 1.70942e+06 1.6561e+06 1.5339e+06 1.07121e+06 787690 430634 227531 144770 162233 205737 213265 288424 442739 406733 561985 838744 923891
Ftot
 0.98885 0.905983 1.56735 0.335048 0.0577228 0.54048 0.342342 0.675715 0.764125 0.563109 1.04061 0.912294 1.45689 2.87764 3.31673 1.40756 1.03297 0.707601 0.570453 0.600863 0.277608 0.338411 0.406651 0.404451 0.39504
BD_Bspro_t
 0.909034 0.635902 0.556141 0.374344 0.539402 0.719011 0.664785 0.682579 0.61536 0.587248 0.568306 0.410416 0.307393 0.20815 0.112769 0.111708 0.166707 0.272328 0.373801 0.462667 0.591819 0.700725 0.709719 0.716065 0.716374
BD_Bspro
 0.622866 0.341644 0.378872 0.366446 0.430168 0.734819 1.04437 1.29207 1.112 1.19321 1.25282 0.883074 0.55577 0.288968 0.123466 0.0988153 0.110819 0.145827 0.182445 0.206971 0.31164 0.383906 0.476987 0.672296 0.879288
BD_Bo
 0.504808 0.276889 0.307061 0.29699 0.348635 0.595543 0.846425 1.04717 0.901235 0.967054 1.01536 0.715697 0.45043 0.234197 0.100064 0.0800859 0.0898145 0.118187 0.147864 0.167742 0.252572 0.311141 0.386579 0.54487 0.712629
BD_Brms
 1.38986 0.762343 0.845415 0.817687 0.959876 1.63967 2.33042 2.88312 2.48132 2.66254 2.79555 1.97049 1.24014 0.644801 0.275501 0.220496 0.247281 0.325399 0.407107 0.461835 0.695394 0.856646 1.06435 1.50016 1.96204
S_f
 0.102618 0.684811 0.976349 0.998727 0.999933
 0.102618 0.684811 0.976349 0.998727 0.999933
 0.102618 0.684811 0.976349 0.998727 0.999933
 0.102618 0.684811 0.976349 0.998727 0.999933
 0.102618 0.684811 0.976349 0.998727 0.999933
 0.102618 0.684811 0.976349 0.998727 0.999933
 0.102618 0.684811 0.976349 0.998727 0.999933
 0.102618 0.684811 0.976349 0.998727 0.999933
 0.102618 0.684811 0.976349 0.998727 0.999933
 0.102618 0.684811 0.976349 0.998727 0.999933
 0.102618 0.684811 0.976349 0.998727 0.999933
 0.102618 0.684811 0.976349 0.998727 0.999933
 0.102618 0.684811 0.976349 0.998727 0.999933
 0.102618 0.684811 0.976349 0.998727 0.999933
 0.102618 0.684811 0.976349 0.998727 0.999933
 0.102618 0.684811 0.976349 0.998727 0.999933
 0.102618 0.684811 0.976349 0.998727 0.999933
 0.102618 0.684811 0.976349 0.998727 0.999933
 0.102618 0.684811 0.976349 0.998727 0.999933
 0.102618 0.684811 0.976349 0.998727 0.999933
 0.102618 0.684811 0.976349 0.998727 0.999933
 0.102618 0.684811 0.976349 0.998727 0.999933
 0.102618 0.684811 0.976349 0.998727 0.999933
 0.102618 0.684811 0.976349 0.998727 0.999933
 0.102618 0.684811 0.976349 0.998727 0.999933
Scru_reclas
 0.744141 1 1 1 1
 0.744141 1 1 1 1
 0.744141 1 1 1 1
 0.744141 1 1 1 1
 0.744141 1 1 1 1
 0.744141 1 1 1 1
 0.744141 1 1 1 1
 0.744141 1 1 1 1
 0.744141 1 1 1 1
 0.744141 1 1 1 1
 0.744141 1 1 1 1
 0.744141 1 1 1 1
 0.744141 1 1 1 1
 0.744141 1 1 1 1
 0.744141 1 1 1 1
 0.744141 1 1 1 1
 0.744141 1 1 1 1
 0.744141 1 1 1 1
 0.744141 1 1 1 1
 0.744141 1 1 1 1
 0.744141 1 1 1 1
 0.744141 1 1 1 1
 0.744141 1 1 1 1
 0.744141 1 1 1 1
 0.744141 1 1 1 1
Scru_pelaces
 0.736235 1 1 1 1
 0.736235 1 1 1 1
 0.736235 1 1 1 1
 0.736235 1 1 1 1
 0.736235 1 1 1 1
 0.736235 1 1 1 1
 0.736235 1 1 1 1
 0.736235 1 1 1 1
 0.736235 1 1 1 1
 0.736235 1 1 1 1
 0.736235 1 1 1 1
 0.736235 1 1 1 1
 0.736235 1 1 1 1
 0.736235 1 1 1 1
 0.736235 1 1 1 1
 0.736235 1 1 1 1
 0.736235 1 1 1 1
 0.736235 1 1 1 1
 0.736235 1 1 1 1
 0.736235 1 1 1 1
 0.736235 1 1 1 1
 0.736235 1 1 1 1
 0.736235 1 1 1 1
 0.736235 1 1 1 1
 0.736235 1 1 1 1
pf_obs 
 0.256992 0.487395 0.22802 0.0275931 0
 0.321318 0.546541 0.124235 0.00734118 0.000564706
 0.182869 0.594174 0.210203 0.0122559 0.00049798
 0.330522 0.361315 0.267642 0.0388342 0.00168674
 0.649043 0.306663 0.0425973 0.00169635 0
 0.582887 0.30429 0.105238 0.00758474 0
 0.465427 0.430635 0.0974691 0.00646863 0
 0.296916 0.608066 0.0921331 0.00288517 0
 0.311714 0.524322 0.152257 0.0117073 0
 0.15457 0.633149 0.183074 0.0267441 0.00246327
 0.131901 0.49318 0.331252 0.0422183 0.00144891
 0.196976 0.569456 0.194076 0.0375587 0.00193317
 0.518974 0.381816 0.0799577 0.0180837 0.00116848
 0.0928022 0.601141 0.25162 0.0475244 0.00691264
 0.122501 0.610282 0.24278 0.0234846 0.000952079
 0.383417 0.481906 0.127806 0.00687128 0
 0.0376549 0.599619 0.316969 0.0457579 0
 0.0361596 0.667082 0.258105 0.0386534 0
 0.158088 0.579412 0.248529 0.0139706 0
 0.0477256 0.309471 0.559284 0.082774 0.000745712
 0.0406174 0.521527 0.379366 0.0568643 0.0016247
 0.151134 0.462217 0.34131 0.0453401 0
 0.294876 0.26143 0.354403 0.0886775 0.000613685
 0.281977 0.475581 0.204845 0.0348837 0.00271318
 0.0354234 0.537034 0.353287 0.0723622 0.0018943
pf_pred 
 0.302534 0.476471 0.197379 0.023603 1.30521e-05
 0.283296 0.561576 0.121668 0.0299971 0.0034626
 0.156686 0.643952 0.171091 0.0223385 0.00593205
 0.271855 0.465681 0.225678 0.031771 0.00501494
 0.281368 0.495998 0.16127 0.0529543 0.00840958
 0.142909 0.588639 0.204065 0.0469293 0.0174576
 0.248566 0.393012 0.276777 0.0624955 0.0191489
 0.19854 0.5531 0.154243 0.0731154 0.0210018
 0.246966 0.483872 0.210131 0.0370953 0.0219349
 0.239564 0.540686 0.163463 0.0442571 0.0120299
 0.138849 0.59427 0.211766 0.0413083 0.0138059
 0.143154 0.495538 0.286179 0.0600667 0.015062
 0.216712 0.468952 0.218906 0.0761352 0.0192952
 0.209747 0.608961 0.13387 0.0334675 0.0139547
 0.279564 0.608962 0.100216 0.00846601 0.00279171
 0.326095 0.601265 0.068342 0.00389355 0.000403729
 0.21564 0.638198 0.137147 0.0085037 0.0005122
 0.238306 0.520364 0.212626 0.0269942 0.00171077
 0.217887 0.541842 0.186087 0.0479156 0.00626792
 0.280197 0.471891 0.192968 0.042836 0.0121086
 0.246184 0.546357 0.155242 0.0409133 0.0113041
 0.221748 0.511332 0.212253 0.0411687 0.0134985
 0.259476 0.472806 0.198238 0.0555461 0.013933
 0.223011 0.537608 0.174096 0.0486822 0.0166024
 0.0836204 0.589014 0.252809 0.0546257 0.0199312
pobs_RECLAS
 0 0 0 0 0
 0 0 0 0 0
 0 0 0 0 0
 0 0 0 0 0
 0.835266 0.146461 0.0176864 0.000547809 3.91292e-05
 0.385257 0.428462 0.181853 0.0044286 0
 0.867414 0.0963971 0.0333333 0.00285562 0
 0.441836 0.489002 0.0689373 0.000224442 0
 0.779404 0.147425 0.0564933 0.0165055 0.000172143
 0.814271 0.122319 0.05973 0.00367925 0
 0.40263 0.566651 0.0304383 0.000280538 0
 0.475488 0.404961 0.113038 0.00651328 0
 0.955842 0.0263864 0.0167828 0.000988607 0
 0.975058 0.0227948 0.00214734 0 0
 0.738997 0.206755 0.0527124 0.00153531 0
 0.850938 0.134255 0.0134407 0.00136685 0
 0.542534 0.407297 0.0501686 0 0
 0.764087 0.199537 0.0359546 0.000420521 0
 0.470689 0.182191 0.310203 0.0369168 0
 0.84361 0.089868 0.0606195 0.00523954 0.000663233
 0.607945 0.314616 0.071237 0.00620181 0
 0.523733 0.453247 0.0230204 0 0
 0.530135 0.295979 0.169645 0.0042399 0
 0.562478 0.366248 0.0663022 0.0049721 0
 0.250443 0.683176 0.0655157 0.000865301 0
ppred_RECLAS
 0.716487 0.215892 0.0605588 0.00705861 3.89797e-06
 0.688392 0.262552 0.0386841 0.00929974 0.00107204
 0.525692 0.394817 0.0684971 0.00868996 0.0023041
 0.678688 0.231001 0.0779069 0.0107152 0.00168926
 0.682598 0.241823 0.0550915 0.017683 0.00280481
 0.484505 0.392495 0.094039 0.0211162 0.00784516
 0.661254 0.207672 0.101758 0.0224472 0.0068694
 0.584773 0.317983 0.0609553 0.0281998 0.00808966
 0.655947 0.249529 0.0741982 0.0127794 0.00754669
 0.638159 0.282924 0.0590645 0.0156131 0.00423853
 0.484974 0.395679 0.0952081 0.0180978 0.00604024
 0.501503 0.333869 0.131083 0.0268267 0.00671785
 0.635369 0.253683 0.0779265 0.0263525 0.00666859
 0.649978 0.298821 0.0381923 0.00918659 0.00382253
 0.736359 0.239433 0.0218567 0.00176954 0.000582181
 0.730548 0.249576 0.0187301 0.00103784 0.000107456
 0.605447 0.341762 0.0496128 0.0029978 0.000180316
 0.640835 0.272624 0.0764681 0.00947366 0.000599616
 0.610885 0.298293 0.0707207 0.0177785 0.00232267
 0.690089 0.227824 0.0642367 0.0139204 0.0039299
 0.641662 0.283686 0.056189 0.0144693 0.00399286
 0.615872 0.282135 0.0814938 0.0154425 0.00505704
 0.665851 0.24026 0.0699482 0.0191445 0.00479615
 0.615726 0.293963 0.0661055 0.0180561 0.00615008
 0.341113 0.476075 0.141937 0.0299583 0.0109172
pobs_PELACES
 0 0 0 0 0
 0 0 0 0 0
 0 0 0 0 0
 0 0 0 0 0
 0 0 0 0 0
 0 0 0 0 0
 0 0 0 0 0
 0 0 0 0 0
 0 0 0 0 0
 0 0 0 0 0
 0.450072 0.473896 0.0757376 0.000293798 0
 0 0 0 0 0
 0.463077 0.371075 0.160297 0.00555027 0
 0.529543 0.364841 0.0842815 0.0213345 0
 0.631943 0.363953 0.00410389 0 0
 0.735681 0.248677 0.0153453 0.000297389 0
 0.695825 0.281241 0.0229344 0 0
 0.275771 0.60734 0.115278 0.00161068 0
 0 0 0 0 0
 0.896147 0.0623911 0.0374545 0.00400742 0
 0.803859 0.145111 0.0509908 3.86294e-05 0
 0.739449 0.233085 0.0266225 0.000797448 4.60066e-05
 0.878498 0.100942 0.0204185 0.000141795 0
 0.694673 0.275183 0.0284847 0.00165964 0
 0.469039 0.446079 0.0841089 0.000773354 0
ppred_PELACES
 0.755553 0.190294 0.0485343 0.0056159 3.10004e-06
 0.725005 0.234837 0.0317124 0.0075729 0.000872658
 0.602831 0.338628 0.0505256 0.00633622 0.00167897
 0.692213 0.223289 0.0729172 0.0100041 0.00157695
 0.682978 0.241859 0.0547946 0.0175802 0.00278844
 0.510883 0.377051 0.0857613 0.0191807 0.00712456
 0.676298 0.201012 0.0953034 0.0209703 0.00641656
 0.616993 0.297821 0.0534971 0.0246262 0.00706261
 0.690273 0.229168 0.0633141 0.0108434 0.00640149
 0.662997 0.266629 0.0527273 0.0138801 0.00376722
 0.537873 0.363176 0.0790621 0.0149136 0.00497544
 0.54963 0.310379 0.111621 0.0226902 0.00567996
 0.70392 0.214718 0.0573309 0.0191802 0.0048508
 0.768126 0.205343 0.019898 0.00468553 0.00194741
 0.842803 0.14646 0.00971714 0.000767672 0.000252232
 0.780156 0.205556 0.0134727 0.000738809 7.64518e-05
 0.652214 0.305132 0.0401049 0.00240488 0.000144593
 0.67269 0.252482 0.066158 0.00815362 0.000515922
 0.637077 0.281785 0.0632392 0.0158309 0.00206775
 0.71515 0.212616 0.0565814 0.0122072 0.00344541
 0.652682 0.276509 0.0533241 0.0137034 0.0037811
 0.630665 0.273633 0.0765062 0.0144612 0.00473505
 0.683083 0.230402 0.0645046 0.0176017 0.00440892
 0.633593 0.282884 0.0611863 0.0166626 0.00567454
 0.358347 0.468553 0.134485 0.0283027 0.0103122
pobs_pel_tallas
 0 0 0 0 0 0 0 0 0 0 0 0 0 0 0 0 0 0 0 0 0 0 0 0 0 0 0 0 0 0 0 0 0 0 0 0
 0 0 0 0 0 0 0 0 0 0 0 0 0 0 0 0 0 0 0 0 0 0 0 0 0 0 0 0 0 0 0 0 0 0 0 0
 0 0 0 0 0 0 0 0 0 0 0 0 0 0 0 0 0 0 0 0 0 0 0 0 0 0 0 0 0 0 0 0 0 0 0 0
 0 0 0 0 0 0 0 0 0 0 0 0 0 0 0 0 0 0 0 0 0 0 0 0 0 0 0 0 0 0 0 0 0 0 0 0
 0 0 0 0 0 0 0 0 0 0 0 0 0 0 0 0 0 0 0 0 0 0 0 0 0 0 0 0 0 0 0 0 0 0 0 0
 0 0 0 0 0 0 0 0 0 0 0 0 0 0 0 0 0 0 0 0 0 0 0 0 0 0 0 0 0 0 0 0 0 0 0 0
 0 0 0 0 0 0 0 0 0 0 0 0 0 0 0 0 0 0 0 0 0 0 0 0 0 0 0 0 0 0 0 0 0 0 0 0
 0 0 0 0 0 0 0 0 0 0 0 0 0 0 0 0 0 0 0 0 0 0 0 0 0 0 0 0 0 0 0 0 0 0 0 0
 0 0 0 0 0 0 0 0 0 0 0 0 0 0 0 0 0 0 0 0 0 0 0 0 0 0 0 0 0 0 0 0 0 0 0 0
 0 0 0 0 0 0 0 0 0 0 0 0 0 0 0 0 0 0 0 0 0 0 0 0 0 0 0 0 0 0 0 0 0 0 0 0
 0 0 0 0 0 0 0 0 1.78061e-05 0.00172719 0.00360574 0.0105946 0.0120993 0.0124554 0.0147524 0.0171206 0.0266825 0.0428682 0.0675386 0.121331 0.153587 0.119568 0.100827 0.0573624 0.0630603 0.0341343 0.0324427 0.0444173 0.0211091 0.0280891 0.0125444 0.00206551 0 0 0 0
 0 0 0 0 0 0 0 0 0 0 0 0 0 0 0 0 0 0 0 0 0 0 0 0 0 0 0 0 0 0 0 0 0 0 0 0
 0 0 0 0 0 0 0.0133647 0.0140871 0.0187388 0.0205184 0.03894 0.0496705 0.03968 0.0493445 0.0407372 0.0367815 0.0215668 0.0243155 0.0234873 0.0199281 0.019796 0.0243948 0.0301388 0.0376714 0.0412746 0.0863199 0.0771752 0.113111 0.0741005 0.0525337 0.0229764 0.00759418 0.00175318 0 0 0
 0 0 0 0 0 0 0 0 0 0 0.00219441 0.00772107 0.0458388 0.0604681 0.0671733 0.0775358 0.0609151 0.0617685 0.073594 0.0568108 0.0755445 0.0548602 0.0670107 0.0636378 0.0643287 0.046367 0.0373049 0.0286899 0.0247887 0.0153202 0.00654259 0.00121912 0.000365735 0 0 0
 0 0 0 0 0 0 0 0 0 0 0 0 0.000112435 0.00938835 0.0111873 0.0202946 0.0414886 0.0713402 0.111592 0.104902 0.108894 0.110636 0.117776 0.105296 0.107544 0.0401394 0.0192827 0.0124803 0.00416011 0.0028671 0.000618394 0 0 0 0 0
 0 0 0 0 0 0 0 0 0 0 0.00291406 0.0102884 0.027416 0.0768956 0.0749926 0.110853 0.0956884 0.0897413 0.0766577 0.0534642 0.0500743 0.0551293 0.0594112 0.0620874 0.0668451 0.0424026 0.0208742 0.0120726 0.0048766 0.00582813 0.00118941 0.000297354 0 0 0 0
 0 0.00264628 0.0354308 0.0461629 0.0458689 0.0383711 0.0214643 0.0164657 0.0346957 0.0420465 0.0363128 0.0245516 0.0311673 0.0291091 0.0169068 0.0133784 0.00837989 0.0085269 0.0148486 0.0160247 0.0276389 0.0546898 0.0760071 0.122758 0.109233 0.0665981 0.0333725 0.0166128 0.00676272 0.00308733 0.000882094 0 0 0 0 0
 0 0 0 0 0 0 0 0.000805153 0.000690131 0.00759144 0.0133425 0.0154129 0.00931677 0.000345066 0.00356568 0.00563607 0.00851162 0.0253048 0.0502646 0.0516448 0.0657925 0.0565908 0.0611916 0.0827007 0.0866115 0.110766 0.145733 0.0935128 0.0569358 0.0249597 0.0138026 0.00621118 0.00161031 0.00115022 0 0
 0 0 0 0 0 0 0 0 0 0 0 0 0 0 0 0 0 0 0 0 0 0 0 0 0 0 0 0 0 0 0 0 0 0 0 0
 0.00147267 0.00158595 0.00478618 0.00569244 0.00954404 0.0108468 0.00647125 0.017049 0.0510054 0.094081 0.124002 0.0959785 0.0687766 0.0820023 0.061753 0.0591476 0.0492212 0.0479892 0.0443925 0.0268479 0.0217502 0.0140895 0.0121071 0.0120363 0.00920419 0.00665534 0.0049561 0.00860946 0.00930331 0.0156896 0.0114698 0.00855282 0.00243557 0.00046729 0 2.83206e-05
 0 0 0 0 0.000772559 0.00158375 0.000888443 0.00281984 0.00712685 0.0440552 0.0773331 0.111326 0.0921469 0.0852325 0.0710754 0.0886704 0.0786465 0.0553345 0.0373146 0.0185414 0.00753245 0.00457741 0.012979 0.0271748 0.0457355 0.0583668 0.034881 0.0177882 0.00938659 0.00492506 0.0015258 0.00185414 0.000309023 5.79419e-05 3.86279e-05 0
 0 0.00173294 0.00326652 0 0.00397197 0.00683976 0.00946217 0.0152591 0.00757587 0.0136028 0.0228656 0.0392903 0.0559909 0.0764795 0.0681675 0.0726916 0.0566044 0.0477403 0.0527397 0.0444891 0.0609904 0.0582453 0.0661739 0.0445044 0.0529084 0.0360697 0.0280645 0.0235558 0.0158879 0.00826598 0.00280645 0.00217768 0.000904811 0.00058276 9.20147e-05 0
 0 0 0 0 0 0 0 0 0 0 0 0 0 0 0 0 0 0 0 0 0 0 0 0 0 0 0 0 0 0 0 0 0 0 0 0
 0 0 0 0 0 0 0 0 0 0 0 0 0 0 0 0 0 0 0 0 0 0 0 0 0 0 0 0 0 0 0 0 0 0 0 0
 0 0 0 0 0 0 0 0 0 0 0 0 0 0 0 0 0 0 0 0 0 0 0 0 0 0 0 0 0 0 0 0 0 0 0 0
ppred_pel_tallas
 1.00945e-16 3.29661e-05 0.000193484 0.000919732 0.00354101 0.0110423 0.027892 0.057071 0.0946019 0.127049 0.138258 0.121962 0.0873232 0.0509998 0.0248207 0.0110516 0.00610062 0.00573375 0.00734882 0.00978584 0.0125413 0.0152817 0.0176889 0.0194674 0.0203989 0.0203903 0.0194919 0.0178781 0.0157987 0.0135178 0.0112616 0.00918694 0.00737588 0.00584882 0.0045873 0.00355581
 1.00828e-16 3.16358e-05 0.00018567 0.000882575 0.00339793 0.0105961 0.026765 0.0547654 0.0907816 0.121923 0.132692 0.11708 0.0838899 0.0491194 0.024138 0.0111411 0.00670174 0.00676933 0.00884317 0.0117837 0.0150554 0.0182644 0.0210215 0.0229671 0.0238428 0.0235505 0.0221744 0.019954 0.0172208 0.0143191 0.011538 0.00907109 0.00700942 0.0053597 0.00407556 0.00308843
 1.01124e-16 2.63128e-05 0.000154409 0.000733936 0.0028256 0.0088113 0.0222569 0.0455421 0.075497 0.101408 0.1104 0.0974935 0.0700351 0.0413693 0.0210039 0.0108292 0.00805937 0.00937066 0.0126872 0.017003 0.0217427 0.0263842 0.0303741 0.0331943 0.0344703 0.0340586 0.0320785 0.0288736 0.0249206 0.0207163 0.0166787 0.0130898 0.0100838 0.0076742 0.00579709 0.00435583
 1.01526e-16 3.02056e-05 0.000177274 0.000842661 0.00324426 0.0101169 0.0255545 0.0522885 0.086676 0.11641 0.126692 0.111789 0.0801046 0.0469152 0.0230787 0.0106954 0.00649963 0.00663197 0.00871505 0.0116722 0.0150037 0.0183418 0.0213186 0.0235861 0.0248821 0.0250869 0.0242454 0.0225453 0.0202624 0.0176919 0.0150888 0.0126331 0.0104239 0.00849424 0.00683638 0.00542485
 1.01592e-16 2.98036e-05 0.000174912 0.00083143 0.00320101 0.00998203 0.0252139 0.0515917 0.0855215 0.114861 0.125012 0.110318 0.0790743 0.046361 0.0228971 0.0107632 0.00674441 0.00703659 0.00929126 0.012434 0.0159492 0.0194438 0.0225209 0.0248086 0.0260322 0.0260753 0.025003 0.0230359 0.020488 0.0176895 0.01492 0.0123703 0.0101359 0.00823587 0.00664272 0.00531061
 1.02333e-16 2.2305e-05 0.000130876 0.00062205 0.0023948 0.00746784 0.0188635 0.0385993 0.0639905 0.0859614 0.0936061 0.0827173 0.059539 0.0354079 0.0184189 0.0102184 0.00849091 0.0104551 0.0143629 0.0193353 0.0248132 0.0302403 0.0350081 0.0385374 0.0404004 0.0404169 0.0386905 0.0355684 0.0315441 0.0271367 0.0227862 0.0187932 0.0153088 0.0123628 0.00991077 0.00787815
 1.02439e-16 2.95107e-05 0.000173196 0.000823281 0.00316965 0.00988423 0.0249668 0.0510859 0.084682 0.11373 0.123773 0.109206 0.0782377 0.0457899 0.0224667 0.0103161 0.00614517 0.00618479 0.00812035 0.0109165 0.01411 0.0173728 0.0203767 0.0228058 0.024413 0.02507 0.024788 0.0237007 0.0220193 0.0199756 0.0177739 0.0155634 0.0134349 0.0114335 0.00957889 0.00788126
 1.02033e-16 2.69286e-05 0.000158028 0.000751151 0.0028919 0.00901805 0.0227791 0.0466102 0.0772663 0.103781 0.112971 0.099738 0.0715899 0.0421721 0.0211989 0.0105851 0.00746137 0.0084154 0.0113272 0.0151941 0.0194786 0.0237193 0.027433 0.0301651 0.0315831 0.0315514 0.0301594 0.0276879 0.0245312 0.0211005 0.0177404 0.0146816 0.0120336 0.00980911 0.00796259 0.0064273
 1.01646e-16 3.01212e-05 0.000176778 0.000840302 0.00323518 0.0100886 0.025483 0.0521422 0.0864336 0.116084 0.12634 0.111482 0.0798909 0.0468039 0.0230495 0.0107243 0.00657344 0.0067491 0.00887908 0.0118856 0.015263 0.0186355 0.0216266 0.0238818 0.0251368 0.0252752 0.0243511 0.0225651 0.0202068 0.0175831 0.014956 0.0125067 0.0103299 0.00845001 0.00684907 0.00549184
 1.01489e-16 2.89333e-05 0.000169801 0.000807124 0.00310742 0.00969016 0.0244767 0.0500835 0.0830223 0.111507 0.121369 0.107121 0.0768218 0.0451184 0.0224284 0.0107851 0.00708067 0.00763079 0.0101547 0.0135947 0.0174193 0.0212022 0.024507 0.0269241 0.0281541 0.0280741 0.026764 0.0244766 0.0215684 0.0184124 0.0153238 0.0125162 0.0100946 0.00807529 0.00642046 0.00507026
 1.01986e-16 2.34813e-05 0.000137783 0.000654891 0.00252125 0.00786218 0.0198595 0.0406371 0.0673678 0.0904952 0.0985346 0.0870525 0.0626157 0.0371499 0.0191639 0.0103748 0.00832859 0.0100844 0.0137988 0.0185573 0.023799 0.0289817 0.0335171 0.0368472 0.0385611 0.0384881 0.0367327 0.0336352 0.0296777 0.0253668 0.0211323 0.0172676 0.0139196 0.0111161 0.00881088 0.00692685
 1.02731e-16 2.39919e-05 0.000140786 0.000669175 0.00257627 0.00803376 0.0202928 0.0415234 0.0688354 0.0924614 0.100662 0.0889004 0.0638761 0.0377599 0.0192265 0.0100081 0.00757656 0.00891675 0.0121539 0.0163901 0.0211184 0.0258753 0.0301599 0.0334895 0.0354962 0.0360054 0.0350673 0.0329272 0.0299513 0.0265332 0.0230132 0.019633 0.0165277 0.0137473 0.0112907 0.0091367
 1.0177e-16 3.07157e-05 0.000180269 0.000856905 0.00329911 0.0102879 0.0259866 0.0531724 0.0881407 0.118375 0.128829 0.113667 0.081433 0.0476593 0.0233813 0.0107285 0.00637332 0.00638601 0.00834719 0.0111658 0.0143439 0.0175251 0.0203566 0.0225074 0.0237302 0.0239159 0.0231133 0.0215076 0.019366 0.0169711 0.0145628 0.012306 0.0102855 0.00852227 0.00699958 0.00568668
 1.00602e-16 3.35149e-05 0.000196704 0.000935041 0.00359995 0.0112261 0.0283563 0.058021 0.0961769 0.129165 0.140563 0.124 0.0887921 0.0518776 0.0252842 0.0113174 0.00632643 0.00600455 0.00769961 0.0102199 0.013036 0.0157876 0.0181318 0.0197549 0.0204339 0.0200882 0.0187981 0.0167805 0.0143327 0.0117619 0.00932463 0.0071908 0.00543748 0.00406532 0.00302674 0.00225406
 1.00224e-16 3.67688e-05 0.000215813 0.0010259 0.00394979 0.0123171 0.0311119 0.0636588 0.10552 0.141705 0.154191 0.135976 0.097269 0.0566304 0.0272274 0.011554 0.00556904 0.00452235 0.00550145 0.00723014 0.00919809 0.0111161 0.0127329 0.0138243 0.0142327 0.0139038 0.0128999 0.0113814 0.00956685 0.00768134 0.00591252 0.00438439 0.00315223 0.00221442 0.00153292 0.00105402
 1.00288e-16 3.40394e-05 0.000199784 0.000949681 0.00365632 0.0114019 0.0288003 0.0589295 0.0976827 0.131187 0.142762 0.125938 0.0901745 0.0526747 0.0256527 0.0114478 0.00634921 0.0059801 0.00764439 0.0101303 0.0129002 0.0155901 0.0178548 0.019381 0.0199475 0.0194784 0.0180612 0.0159219 0.0133675 0.0107145 0.00822693 0.0060792 0.00434919 0.00303467 0.00208208 0.00141567
 1.00759e-16 2.84647e-05 0.000167046 0.00079402 0.00305695 0.00953276 0.0240792 0.0492704 0.0816757 0.109702 0.119414 0.105418 0.0756501 0.0445296 0.0223196 0.0110366 0.00763842 0.0085086 0.011398 0.015241 0.0194685 0.0235969 0.0271245 0.0295841 0.0306404 0.0301681 0.0282804 0.0252944 0.0216474 0.0177944 0.0141181 0.0108759 0.00818939 0.006068 0.00444929 0.00323945
 1.01326e-16 2.93555e-05 0.00017228 0.000818915 0.00315282 0.00983175 0.0248343 0.0508151 0.0842347 0.113134 0.123136 0.10867 0.0779122 0.0457169 0.0226485 0.0107628 0.00690028 0.00731896 0.00970656 0.0129992 0.016676 0.0203292 0.0235434 0.0259275 0.0271912 0.0272096 0.026048 0.0239355 0.021201 0.018193 0.0152098 0.0124587 0.0100484 0.00800684 0.00631112 0.00491612
 1.01631e-16 2.78037e-05 0.000163167 0.000775586 0.00298599 0.00931147 0.0235202 0.0481265 0.0797791 0.107153 0.116637 0.10296 0.0738709 0.0434526 0.0217258 0.0106564 0.00727084 0.00803847 0.0107703 0.0144417 0.0185209 0.0225649 0.0261138 0.0287336 0.0301047 0.0300929 0.0287763 0.0264158 0.0233817 0.0200639 0.0167928 0.0137947 0.0111836 0.00898247 0.00715782 0.00565335
 1.01453e-16 3.12053e-05 0.000183144 0.000870571 0.00335172 0.010452 0.026401 0.0540204 0.0895463 0.120263 0.130881 0.115474 0.08272 0.0483969 0.0237138 0.0108312 0.00636518 0.00632033 0.00823708 0.0110074 0.0141284 0.0172434 0.0200013 0.0220732 0.0232145 0.0233183 0.0224362 0.020756 0.0185483 0.0160995 0.0136536 0.0113795 0.0093649 0.00763184 0.00616243 0.00492262
 1.01495e-16 2.84839e-05 0.000167161 0.000794576 0.0030591 0.00953948 0.0240961 0.0493048 0.081732 0.109775 0.119487 0.105468 0.075654 0.0444676 0.02217 0.0107691 0.00721141 0.00787419 0.0105123 0.0140784 0.0180365 0.0219478 0.0253598 0.0278485 0.0291034 0.0289984 0.0276175 0.0252247 0.0221912 0.0189057 0.0156961 0.0127846 0.0102798 0.00819821 0.00649913 0.00511898
 1.01894e-16 2.75238e-05 0.000161525 0.000767779 0.00295593 0.00921773 0.0232834 0.047642 0.0789758 0.106074 0.115461 0.10192 0.0731207 0.0430029 0.0214857 0.0105146 0.00714566 0.00788513 0.0105694 0.0141901 0.0182294 0.0222586 0.0258316 0.0285251 0.0300231 0.0301861 0.0290778 0.0269373 0.0241104 0.0209639 0.0178113 0.0148701 0.0122548 0.0099964 0.00807454 0.00644817
 1.01802e-16 2.98077e-05 0.000174937 0.000831552 0.00320149 0.00998351 0.0252176 0.0515992 0.0855337 0.114876 0.125026 0.110325 0.0790669 0.0463316 0.0228365 0.0106584 0.00657857 0.00679127 0.00895018 0.0119885 0.0154041 0.0188213 0.0218627 0.0241721 0.0254833 0.0256778 0.024807 0.0230689 0.0207504 0.0181555 0.0155436 0.0130941 0.0109006 0.00898848 0.0073416 0.00592815
 1.01799e-16 2.76518e-05 0.000162276 0.000771347 0.00296966 0.00926056 0.0233916 0.0478634 0.079343 0.106568 0.116 0.102399 0.0734721 0.0432247 0.0216241 0.0106268 0.00727665 0.00806322 0.0108097 0.0144962 0.0185919 0.0226535 0.0262199 0.0288567 0.0302441 0.0302483 0.0289488 0.0266072 0.0235947 0.020301 0.0170552 0.0140814 0.0114906 0.00930276 0.00748222 0.00597143
 1.03517e-16 1.56575e-05 9.18411e-05 0.000436454 0.00168017 0.00523929 0.0132345 0.0270826 0.0449044 0.0603413 0.0657583 0.0582295 0.0421756 0.0256095 0.0142911 0.00947213 0.00962634 0.0128758 0.018011 0.0243455 0.0313146 0.0382618 0.044438 0.0491209 0.0517682 0.0521381 0.0503353 0.0467631 0.0420068 0.0366874 0.0313358 0.0263207 0.021836 0.0179356 0.0145882 0.0117286
pSPR Fmed_Fpbrs
0.506762   0.413208 0.413208
Fs Fmed_Fpbrs
0.667924   1.005 1.005
SSBpbr Bo_Bmed_Bpbrs
879129  401553  319307 319307
Ro
34692.2
SPR SPRFo_SPRFmed_SPRFpbrs
712500 361068 294411
log_Ro
10.2743
likeval ReclasPelacesDesembMPH_pf_preclas_ppelaces_ptallas_desvR_qrecl_qpela
 63.83 14.9776 0.00860353 0.00020115 309.279 189.425 76.7727 0 16.1304 7.65037e-06 7.95636e-05 0 0 0 0
q_reclas_q_pelaces
0.675742 3.55738
M
0.7
N
 36114.4 10798.8 3498.79 412.349 0.227847
 43856.4 16203.3 2724.43 661.632 76.3119
 22500 19845 4326.64 558.615 148.254
 34069.8 9513.19 3368.98 465.106 73.3391
 60974.3 16346.8 3755.55 1206.22 191.332
 42662.7 30100.1 7802.94 1762.75 655.118
 77626.6 20042.6 10323.3 2286 699.716
 75552.8 37217.5 7872.86 3669.87 1053.2
 98996.8 35005 11635.3 2021.19 1194.14
 116943 45452.8 10300.7 2740.09 744.111
 66686.5 54811.7 15349 2951.81 985.803
 46064.3 29761.6 13346.9 2759.52 691.412
 45877.1 20830.5 7912.7 2719.83 688.866
 24814 19618.3 3814.17 947.462 394.923
 14434.1 9171.6 1357.74 114.08 37.6076
 13317.2 5099.98 469.908 26.4511 2.74101
 10087.5 5723.7 965.919 59.043 3.55363
 11582.8 4505.48 1401.05 174.957 11.0782
 12468.5 5348.99 1378.12 348.666 45.567
 19956 5839.62 1797.24 392.1 110.734
 26122 9317.27 1921.66 496.388 137.003
 33513.8 12607.5 3825.77 727.709 238.355
 53182.2 16074.4 4965.63 1365.27 342.116
 63379.1 25330.1 6042.09 1657.83 564.809
 25914.4 30193.6 9535.51 2021.55 736.854
pred_Ctot
 2520.92 3970.28 1644.69 196.676 0.108759
 2815.17 5580.49 1209.04 298.087 34.4085
 2426.45 9972.32 2649.54 345.937 91.8644
 829.749 1421.34 688.81 96.9707 15.3065
 259.065 456.682 148.487 48.7568 7.74299
 1660.67 6840.25 2371.33 545.34 202.865
 1931.07 3053.25 2150.24 485.518 148.765
 3654.56 10181 2839.19 1345.85 386.584
 5393.72 10567.7 4589.24 810.159 479.057
 4737.86 10693.1 3232.81 875.272 237.916
 4887.33 20917.6 7453.91 1454 485.953
 2976.66 10303.9 5950.6 1248.99 313.19
 4621.27 10000.1 4668.04 1623.54 411.459
 4641 13474.3 2962.09 740.526 308.771
 3053.68 6651.71 1094.66 92.4744 30.4939
 1298.86 2394.88 272.211 15.5083 1.60808
 734.12 2172.67 466.9 28.9499 1.74373
 585.871 1279.31 522.737 66.365 4.20592
 511.57 1272.17 436.909 112.499 14.7162
 861.246 1450.46 593.128 131.666 37.2185
 528.486 1172.87 333.261 87.829 24.2667
 824.275 1900.7 788.977 153.031 50.176
 1566.96 2855.24 1197.15 335.439 84.1403
 1857.48 4477.79 1450.06 405.478 138.283
 742.128 5227.48 2243.67 484.801 176.888
F
 0.101474 0.677176 0.965463 0.987591 0.988784
 0.0929701 0.620427 0.884555 0.904829 0.905922
 0.160838 1.07334 1.53028 1.56535 1.56725
 0.0343819 0.229445 0.327124 0.334621 0.335026
 0.00592339 0.0395292 0.0563575 0.0576493 0.0577189
 0.055463 0.370127 0.527697 0.539792 0.540444
 0.0351305 0.23444 0.334246 0.341906 0.342319
 0.0693405 0.462737 0.659734 0.674855 0.67567
 0.0784129 0.523281 0.746052 0.763152 0.764074
 0.0577851 0.385623 0.549791 0.562392 0.563071
 0.106785 0.712619 1.01599 1.03928 1.04054
 0.0936177 0.624749 0.890717 0.911132 0.912232
 0.149504 0.997697 1.42244 1.45504 1.4568
 0.295298 1.97064 2.80958 2.87398 2.87745
 0.340356 2.27133 3.23828 3.3125 3.3165
 0.144441 0.963913 1.37427 1.40577 1.40747
 0.106002 0.707391 1.00854 1.03166 1.0329
 0.0726125 0.484573 0.690865 0.7067 0.707553
 0.0585388 0.390653 0.556962 0.569727 0.570415
 0.0616593 0.411477 0.586652 0.600098 0.600823
 0.0284876 0.190109 0.271042 0.277255 0.277589
 0.0347271 0.231748 0.330407 0.33798 0.338388
 0.0417297 0.278479 0.397033 0.406133 0.406624
 0.0415039 0.276972 0.394885 0.403936 0.404423
 0.0405382 0.270528 0.385697 0.394537 0.395014
YTP_r0W_actual
 8386.05 105595 69329.4 19052.7 7146.29
YTP_p0W_proyectada
 15555.4 97012.5 166820 62531.9 20031.7
CTP_r0_actual
 742.128 5227.48 2243.67 484.801 176.888
CTP_p0_proyectada
 1830.05 4597.75 5433.89 1551.66 435.472
Wmedp
 8.5 21.1 30.7 40.3 46
nmprior
 10.6 11 7 0
nm_flota  nm_reclas  nm_pelaces    nm_pelaL
inf 18.9282 16.0241 36.8304
cv_recla  cv_pelaces  cv_mph
0.722665 0.438827 0.460149
 ------------------------------------------------
Talla a la edad & desviaci?n 
 7.2 14.2025 17.0495 18.207 18.6776
 1.08 2.13037 2.55742 2.73105 2.80164
