years
 1997 1998 1999 2000 2001 2002 2003 2004 2005 2006 2007 2008 2009 2010 2011 2012 2013 2014 2015 2016 2017 2018 2019 2020 2021
reclasobs
 0 0 0 370054 412103 1.49427e+06 250295 1.28982e+06 931140 785840 897777 1.04006e+06 184774 17550 25797 100020 73551 82996 120727 218422 84188 347160 605670 569463 516374
reclaspred
 1.12296e+06 233165 596032 318569 407339 524739 1.09179e+06 844498 1.0887e+06 1.20887e+06 1.13264e+06 774176 449089 206602 136708 134174 159185 221763 239527 317308 503320 500630 828171 978142 1.12975e+06
pelacesobs
 0 0 0 0 0 0 0 0 0 2.06254e+06 1.5e+06 0 1.87456e+06 323000 250000 174000 83755 137374 0 501740 490994 745055 786931 1.00524e+06 1.33801e+06
pelacespred
 655529 231299 204769 222561 243068 241520 559882 542741 623220 718986 587013 415401 238190 88180.2 57893.6 64876.3 80628.4 113469 129304 164910 286960 298041 373936 526660 608658
mphobs
 0 0 0 0 0 112323 0 153150 637223 0 255016 313432 73983 77613 109348 50772 0 0 0 0 0 0 0 0 0
mphpred
 792821 428483 376491 344600 303698 466923 654170 877222 861172 1.0517e+06 1.14064e+06 816933 499332 266327 126762 111523 125253 170223 209794 234900 366865 469891 572138 780170 988614
desembarqueobs
 350755 77701 442110 56441 14545 235359 269955 359681 431902 328805 639364 411747 362871 311530 167758 66681 60226 58785 57116 73181 50977 67692 138656 160484 209506
desembarquepred
 350760 77701.3 442128 56443.3 14545.1 235420 269978 359614 431836 328745 639343 411864 362943 311707 167712 66688.6 60244.2 58785.4 57110.4 73171.6 50975.2 67683 138646 160478 209496
Reclutas
 42158.9 44406.1 22843.2 26243.3 52935.3 40547.3 80690.3 86617.4 129838 138846 72311.1 40713.3 46825.9 28548.5 19987.2 17059.4 14383.9 15702.7 16452.1 30989 43781.7 48351 76726.9 89211.6 37076.2
log_desv_Rt
 0.0203448 0.072276 -0.592448 -0.45369 0.247969 -0.0186308 0.669517 0.7404 1.14519 1.21227 0.559876 -0.014547 0.125334 -0.369497 -0.72601 -0.884398 -1.05499 -0.967268 -0.920651 -0.287468 0.0581136 0.157385 0.619152 0.769909 -0.108127
SSB
 792821 428483 376491 344600 303698 466923 654170 877222 861172 1.0517e+06 1.14064e+06 816933 499332 266327 126762 111523 125253 170223 209794 234900 366865 469891 572138 780170 988614
BT
 2.07797e+06 573735 761863 530617 585577 664462 1.71221e+06 1.63961e+06 1.99063e+06 1.98541e+06 1.82055e+06 1.23672e+06 887894 487045 287480 202413 238175 305945 319119 444373 728845 662750 889979 1.28249e+06 1.40518e+06
Ftot
 0.300528 0.320291 0.689489 0.171911 0.0349299 0.426952 0.239174 0.407156 0.380328 0.262546 0.53252 0.502803 0.748559 1.30996 1.10301 0.472433 0.362848 0.255907 0.230428 0.223188 0.0987326 0.13149 0.162518 0.159334 0.179727
BD_Bspro_t
 0.957362 0.755296 0.637948 0.43417 0.532925 0.6955 0.630621 0.666009 0.627336 0.622871 0.61319 0.458081 0.347581 0.249519 0.150818 0.158512 0.229355 0.362189 0.470951 0.560627 0.686165 0.784815 0.790782 0.789381 0.78333
BD_Bspro
 0.934475 0.505041 0.44376 0.40617 0.35796 0.550349 0.771051 1.03396 1.01504 1.23961 1.34444 0.962895 0.588548 0.313912 0.14941 0.131448 0.147632 0.200637 0.247278 0.27687 0.432413 0.553847 0.674362 0.919564 1.16525
BD_Bo
 0.811788 0.438734 0.385498 0.352844 0.310964 0.478093 0.669819 0.898208 0.881773 1.07686 1.16793 0.836476 0.511278 0.272699 0.129794 0.11419 0.128249 0.174295 0.214812 0.24052 0.375641 0.481132 0.585825 0.798834 1.01226
BD_Brms
 3.94834 2.1339 1.87497 1.71615 1.51245 2.32533 3.25784 4.36867 4.28874 5.23761 5.68054 4.06842 2.48673 1.32634 0.631288 0.555396 0.623774 0.847731 1.0448 1.16983 1.82703 2.34011 2.84932 3.88534 4.92342
S_f
 0.5 1 1 1 1
 0.5 1 1 1 1
 0.5 1 1 1 1
 0.5 1 1 1 1
 0.5 1 1 1 1
 0.5 1 1 1 1
 0.5 1 1 1 1
 0.5 1 1 1 1
 0.5 1 1 1 1
 0.5 1 1 1 1
 0.5 1 1 1 1
 0.5 1 1 1 1
 0.5 1 1 1 1
 0.5 1 1 1 1
 0.5 1 1 1 1
 0.5 1 1 1 1
 0.5 1 1 1 1
 0.5 1 1 1 1
 0.5 1 1 1 1
 0.5 1 1 1 1
 0.5 1 1 1 1
 0.5 1 1 1 1
 0.5 1 1 1 1
 0.5 1 1 1 1
 0.5 1 1 1 1
Scru_reclas
 0.5 1 1 1 1
 0.5 1 1 1 1
 0.5 1 1 1 1
 0.5 1 1 1 1
 0.5 1 1 1 1
 0.5 1 1 1 1
 0.5 1 1 1 1
 0.5 1 1 1 1
 0.5 1 1 1 1
 0.5 1 1 1 1
 0.5 1 1 1 1
 0.5 1 1 1 1
 0.5 1 1 1 1
 0.5 1 1 1 1
 0.5 1 1 1 1
 0.5 1 1 1 1
 0.5 1 1 1 1
 0.5 1 1 1 1
 0.5 1 1 1 1
 0.5 1 1 1 1
 0.5 1 1 1 1
 0.5 1 1 1 1
 0.5 1 1 1 1
 0.5 1 1 1 1
 0.5 1 1 1 1
Scru_pelaces
 0.5 1 1 1 1
 0.5 1 1 1 1
 0.5 1 1 1 1
 0.5 1 1 1 1
 0.5 1 1 1 1
 0.5 1 1 1 1
 0.5 1 1 1 1
 0.5 1 1 1 1
 0.5 1 1 1 1
 0.5 1 1 1 1
 0.5 1 1 1 1
 0.5 1 1 1 1
 0.5 1 1 1 1
 0.5 1 1 1 1
 0.5 1 1 1 1
 0.5 1 1 1 1
 0.5 1 1 1 1
 0.5 1 1 1 1
 0.5 1 1 1 1
 0.5 1 1 1 1
 0.5 1 1 1 1
 0.5 1 1 1 1
 0.5 1 1 1 1
 0.5 1 1 1 1
 0.5 1 1 1 1
pf_obs 
 0.256992 0.487395 0.22802 0.0275931 0
 0.321318 0.546541 0.124235 0.00734118 0.000564706
 0.182869 0.594174 0.210203 0.0122559 0.00049798
 0.330522 0.361315 0.267642 0.0388342 0.00168674
 0.649043 0.306663 0.0425973 0.00169635 0
 0.582887 0.30429 0.105238 0.00758474 0
 0.465427 0.430635 0.0974691 0.00646863 0
 0.296916 0.608066 0.0921331 0.00288517 0
 0.311714 0.524322 0.152257 0.0117073 0
 0.15457 0.633149 0.183074 0.0267441 0.00246327
 0.131901 0.49318 0.331252 0.0422183 0.00144891
 0.196976 0.569456 0.194076 0.0375587 0.00193317
 0.518974 0.381816 0.0799577 0.0180837 0.00116848
 0.0928022 0.601141 0.25162 0.0475244 0.00691264
 0.122501 0.610282 0.24278 0.0234846 0.000952079
 0.383417 0.481906 0.127806 0.00687128 0
 0.0376549 0.599619 0.316969 0.0457579 0
 0.0361596 0.667082 0.258105 0.0386534 0
 0.158088 0.579412 0.248529 0.0139706 0
 0.0477256 0.309471 0.559284 0.082774 0.000745712
 0.0406174 0.521527 0.379366 0.0568643 0.0016247
 0.151134 0.462217 0.34131 0.0453401 0
 0.294876 0.26143 0.354403 0.0886775 0.000613685
 0.281977 0.475581 0.204845 0.0348837 0.00271318
 0.0354234 0.537034 0.353287 0.0723622 0.0018943
pf_pred 
 0.451416 0.38623 0.145087 0.0172621 5.45275e-06
 0.458555 0.347694 0.13641 0.0512424 0.0060986
 0.312143 0.447167 0.154561 0.0606386 0.0254899
 0.471924 0.278482 0.162258 0.0560838 0.0312524
 0.592677 0.265735 0.0746671 0.0435049 0.0234167
 0.390249 0.454941 0.100997 0.0283785 0.0254347
 0.607079 0.232535 0.119665 0.0265657 0.0141547
 0.50457 0.380455 0.0680441 0.0350163 0.0119155
 0.582498 0.290729 0.0973529 0.0174115 0.0120092
 0.510433 0.370632 0.0828209 0.0277333 0.00838118
 0.315832 0.473549 0.159451 0.0356308 0.015537
 0.298796 0.364128 0.233308 0.0785586 0.0252094
 0.462014 0.267371 0.140527 0.0900402 0.040047
 0.436471 0.384741 0.0888552 0.0467012 0.0432317
 0.539544 0.322849 0.0939491 0.0216974 0.0219605
 0.558048 0.339252 0.0720077 0.0209543 0.00973739
 0.46319 0.399184 0.105646 0.0224237 0.0095576
 0.47772 0.34324 0.133138 0.0352355 0.0106666
 0.455119 0.361334 0.120626 0.0467893 0.0161316
 0.588582 0.263654 0.0979887 0.0327122 0.0170633
 0.550317 0.33864 0.0711611 0.0264475 0.0134346
 0.462435 0.384703 0.115115 0.02419 0.0135572
 0.531159 0.300537 0.120444 0.0360406 0.0118181
 0.480423 0.365529 0.0987483 0.0395747 0.0157251
 0.236964 0.503042 0.182909 0.0494132 0.0276718
pobs_RECLAS
 0 0 0 0 0
 0 0 0 0 0
 0 0 0 0 0
 0 0 0 0 0
 0.835266 0.146461 0.0176864 0.000547809 3.91292e-05
 0.385257 0.428462 0.181853 0.0044286 0
 0.867414 0.0963971 0.0333333 0.00285562 0
 0.441836 0.489002 0.0689373 0.000224442 0
 0.779404 0.147425 0.0564933 0.0165055 0.000172143
 0.814271 0.122319 0.05973 0.00367925 0
 0.40263 0.566651 0.0304383 0.000280538 0
 0.475488 0.404961 0.113038 0.00651328 0
 0.955842 0.0263864 0.0167828 0.000988607 0
 0.975058 0.0227948 0.00214734 0 0
 0.738997 0.206755 0.0527124 0.00153531 0
 0.850938 0.134255 0.0134407 0.00136685 0
 0.542534 0.407297 0.0501686 0 0
 0.764087 0.199537 0.0359546 0.000420521 0
 0.470689 0.182191 0.310203 0.0369168 0
 0.84361 0.089868 0.0606195 0.00523954 0.000663233
 0.607945 0.314616 0.071237 0.00620181 0
 0.523733 0.453247 0.0230204 0 0
 0.530135 0.295979 0.169645 0.0042399 0
 0.562478 0.366248 0.0663022 0.0049721 0
 0.250443 0.683176 0.0655157 0.000865301 0
ppred_RECLAS
 0.454246 0.384237 0.144339 0.017173 5.42461e-06
 0.461626 0.345722 0.135636 0.0509517 0.006064
 0.319515 0.442375 0.152905 0.0599887 0.0252168
 0.473387 0.27771 0.161808 0.0559284 0.0311658
 0.59293 0.26557 0.0746207 0.0434779 0.0234022
 0.394502 0.451768 0.100292 0.0281805 0.0252573
 0.609141 0.231315 0.119037 0.0264263 0.0140805
 0.508762 0.377235 0.0674683 0.03472 0.0118147
 0.586229 0.28813 0.0964828 0.0172559 0.0119019
 0.512852 0.3688 0.0824117 0.0275962 0.00833976
 0.321021 0.469957 0.158242 0.0353605 0.0154191
 0.303454 0.361709 0.231758 0.0780367 0.0250419
 0.471551 0.262632 0.138036 0.088444 0.039337
 0.458134 0.369951 0.0854394 0.0449059 0.0415698
 0.556271 0.311121 0.0905364 0.0209092 0.0211628
 0.563067 0.3354 0.0711899 0.0207163 0.00962681
 0.466789 0.396507 0.104937 0.0222733 0.00949351
 0.480062 0.341701 0.132541 0.0350775 0.0106188
 0.457171 0.359973 0.120172 0.0466131 0.0160708
 0.59051 0.262418 0.0975295 0.0325589 0.0169833
 0.551097 0.338052 0.0710376 0.0264016 0.0134113
 0.463511 0.383933 0.114884 0.0241416 0.0135301
 0.53253 0.299659 0.120092 0.0359353 0.0117835
 0.481766 0.364584 0.098493 0.0394724 0.0156844
 0.238083 0.502304 0.182641 0.0493408 0.0276312
pobs_PELACES
 0 0 0 0 0
 0 0 0 0 0
 0 0 0 0 0
 0 0 0 0 0
 0 0 0 0 0
 0 0 0 0 0
 0 0 0 0 0
 0 0 0 0 0
 0 0 0 0 0
 0 0 0 0 0
 0.450072 0.473896 0.0757376 0.000293798 0
 0 0 0 0 0
 0.463077 0.371075 0.160297 0.00555027 0
 0.529543 0.364841 0.0842815 0.0213345 0
 0.631943 0.363953 0.00410389 0 0
 0.735681 0.248677 0.0153453 0.000297389 0
 0.695825 0.281241 0.0229344 0 0
 0.275771 0.60734 0.115278 0.00161068 0
 0 0 0 0 0
 0.896147 0.0623911 0.0374545 0.00400742 0
 0.803859 0.145111 0.0509908 3.86294e-05 0
 0.739449 0.233085 0.0266225 0.000797448 4.60066e-05
 0.878498 0.100942 0.0204185 0.000141795 0
 0.694673 0.275183 0.0284847 0.00165964 0
 0.469039 0.446079 0.0841089 0.000773354 0
ppred_PELACES
 0.466565 0.375564 0.141081 0.0167854 5.30217e-06
 0.474784 0.337273 0.132321 0.0497064 0.0059158
 0.344741 0.425975 0.147237 0.0577649 0.0242819
 0.480463 0.273979 0.159634 0.0551769 0.030747
 0.59432 0.264662 0.0743658 0.0433294 0.0233223
 0.411449 0.439124 0.0974854 0.0273918 0.0245504
 0.618495 0.225779 0.116188 0.0257938 0.0137435
 0.525536 0.364354 0.0651645 0.0335344 0.0114113
 0.601364 0.277591 0.0929536 0.0166247 0.0114665
 0.523667 0.360612 0.080582 0.0269836 0.00815461
 0.340467 0.456498 0.15371 0.0343479 0.0149775
 0.32127 0.352457 0.225831 0.0760407 0.0244014
 0.502399 0.247301 0.129978 0.0832813 0.0370408
 0.51207 0.333127 0.0769351 0.0404361 0.0374321
 0.600617 0.280028 0.0814882 0.0188196 0.0190478
 0.582142 0.320758 0.0680821 0.0198119 0.00920655
 0.481716 0.385407 0.102 0.0216498 0.00922775
 0.490609 0.334769 0.129852 0.034366 0.0104034
 0.466621 0.353706 0.11808 0.0458016 0.0157911
 0.599384 0.256731 0.0954159 0.0318533 0.0166153
 0.555124 0.33502 0.0704004 0.0261648 0.013291
 0.46891 0.380069 0.113728 0.0238986 0.0133939
 0.539199 0.295384 0.118379 0.0354226 0.0116154
 0.488333 0.359964 0.097245 0.0389723 0.0154857
 0.243504 0.49873 0.181341 0.0489897 0.0274346
pobs_pel_tallas
 0 0 0 0 0 0 0 0 0 0 0 0 0 0 0 0 0 0 0 0 0 0 0 0 0 0 0 0 0 0 0 0 0 0 0 0
 0 0 0 0 0 0 0 0 0 0 0 0 0 0 0 0 0 0 0 0 0 0 0 0 0 0 0 0 0 0 0 0 0 0 0 0
 0 0 0 0 0 0 0 0 0 0 0 0 0 0 0 0 0 0 0 0 0 0 0 0 0 0 0 0 0 0 0 0 0 0 0 0
 0 0 0 0 0 0 0 0 0 0 0 0 0 0 0 0 0 0 0 0 0 0 0 0 0 0 0 0 0 0 0 0 0 0 0 0
 0 0 0 0 0 0 0 0 0 0 0 0 0 0 0 0 0 0 0 0 0 0 0 0 0 0 0 0 0 0 0 0 0 0 0 0
 0 0 0 0 0 0 0 0 0 0 0 0 0 0 0 0 0 0 0 0 0 0 0 0 0 0 0 0 0 0 0 0 0 0 0 0
 0 0 0 0 0 0 0 0 0 0 0 0 0 0 0 0 0 0 0 0 0 0 0 0 0 0 0 0 0 0 0 0 0 0 0 0
 0 0 0 0 0 0 0 0 0 0 0 0 0 0 0 0 0 0 0 0 0 0 0 0 0 0 0 0 0 0 0 0 0 0 0 0
 0 0 0 0 0 0 0 0 0 0 0 0 0 0 0 0 0 0 0 0 0 0 0 0 0 0 0 0 0 0 0 0 0 0 0 0
 0 0 0 0 0 0 0 0 0 0 0 0 0 0 0 0 0 0 0 0 0 0 0 0 0 0 0 0 0 0 0 0 0 0 0 0
 0 0 0 0 0 0 0 0 1.78061e-05 0.00172719 0.00360574 0.0105946 0.0120993 0.0124554 0.0147524 0.0171206 0.0266825 0.0428682 0.0675386 0.121331 0.153587 0.119568 0.100827 0.0573624 0.0630603 0.0341343 0.0324427 0.0444173 0.0211091 0.0280891 0.0125444 0.00206551 0 0 0 0
 0 0 0 0 0 0 0 0 0 0 0 0 0 0 0 0 0 0 0 0 0 0 0 0 0 0 0 0 0 0 0 0 0 0 0 0
 0 0 0 0 0 0 0.0133647 0.0140871 0.0187388 0.0205184 0.03894 0.0496705 0.03968 0.0493445 0.0407372 0.0367815 0.0215668 0.0243155 0.0234873 0.0199281 0.019796 0.0243948 0.0301388 0.0376714 0.0412746 0.0863199 0.0771752 0.113111 0.0741005 0.0525337 0.0229764 0.00759418 0.00175318 0 0 0
 0 0 0 0 0 0 0 0 0 0 0.00219441 0.00772107 0.0458388 0.0604681 0.0671733 0.0775358 0.0609151 0.0617685 0.073594 0.0568108 0.0755445 0.0548602 0.0670107 0.0636378 0.0643287 0.046367 0.0373049 0.0286899 0.0247887 0.0153202 0.00654259 0.00121912 0.000365735 0 0 0
 0 0 0 0 0 0 0 0 0 0 0 0 0.000112435 0.00938835 0.0111873 0.0202946 0.0414886 0.0713402 0.111592 0.104902 0.108894 0.110636 0.117776 0.105296 0.107544 0.0401394 0.0192827 0.0124803 0.00416011 0.0028671 0.000618394 0 0 0 0 0
 0 0 0 0 0 0 0 0 0 0 0.00291406 0.0102884 0.027416 0.0768956 0.0749926 0.110853 0.0956884 0.0897413 0.0766577 0.0534642 0.0500743 0.0551293 0.0594112 0.0620874 0.0668451 0.0424026 0.0208742 0.0120726 0.0048766 0.00582813 0.00118941 0.000297354 0 0 0 0
 0 0.00264628 0.0354308 0.0461629 0.0458689 0.0383711 0.0214643 0.0164657 0.0346957 0.0420465 0.0363128 0.0245516 0.0311673 0.0291091 0.0169068 0.0133784 0.00837989 0.0085269 0.0148486 0.0160247 0.0276389 0.0546898 0.0760071 0.122758 0.109233 0.0665981 0.0333725 0.0166128 0.00676272 0.00308733 0.000882094 0 0 0 0 0
 0 0 0 0 0 0 0 0.000805153 0.000690131 0.00759144 0.0133425 0.0154129 0.00931677 0.000345066 0.00356568 0.00563607 0.00851162 0.0253048 0.0502646 0.0516448 0.0657925 0.0565908 0.0611916 0.0827007 0.0866115 0.110766 0.145733 0.0935128 0.0569358 0.0249597 0.0138026 0.00621118 0.00161031 0.00115022 0 0
 0 0 0 0 0 0 0 0 0 0 0 0 0 0 0 0 0 0 0 0 0 0 0 0 0 0 0 0 0 0 0 0 0 0 0 0
 0.00147267 0.00158595 0.00478618 0.00569244 0.00954404 0.0108468 0.00647125 0.017049 0.0510054 0.094081 0.124002 0.0959785 0.0687766 0.0820023 0.061753 0.0591476 0.0492212 0.0479892 0.0443925 0.0268479 0.0217502 0.0140895 0.0121071 0.0120363 0.00920419 0.00665534 0.0049561 0.00860946 0.00930331 0.0156896 0.0114698 0.00855282 0.00243557 0.00046729 0 2.83206e-05
 0 0 0 0 0.000772559 0.00158375 0.000888443 0.00281984 0.00712685 0.0440552 0.0773331 0.111326 0.0921469 0.0852325 0.0710754 0.0886704 0.0786465 0.0553345 0.0373146 0.0185414 0.00753245 0.00457741 0.012979 0.0271748 0.0457355 0.0583668 0.034881 0.0177882 0.00938659 0.00492506 0.0015258 0.00185414 0.000309023 5.79419e-05 3.86279e-05 0
 0 0.00173294 0.00326652 0 0.00397197 0.00683976 0.00946217 0.0152591 0.00757587 0.0136028 0.0228656 0.0392903 0.0559909 0.0764795 0.0681675 0.0726916 0.0566044 0.0477403 0.0527397 0.0444891 0.0609904 0.0582453 0.0661739 0.0445044 0.0529084 0.0360697 0.0280645 0.0235558 0.0158879 0.00826598 0.00280645 0.00217768 0.000904811 0.00058276 9.20147e-05 0
 0 0 0 0 0 0 0 0 0 0 0 0 0 0 0 0 0 0 0 0 0 0 0 0 0 0 0 0 0 0 0 0 0 0 0 0
 0 0 0 0 0 0 0 0 0 0 0 0 0 0 0 0 0 0 0 0 0 0 0 0 0 0 0 0 0 0 0 0 0 0 0 0
 0 0 0 0 0 0 0 0 0 0 0 0 0 0 0 0 0 0 0 0 0 0 0 0 0 0 0 0 0 0 0 0 0 0 0 0
ppred_pel_tallas
 1.02703e-16 2.03726e-05 0.000119531 0.000568114 0.00218713 0.00682024 0.0172277 0.0352523 0.058443 0.0785126 0.0855041 0.0755794 0.0544487 0.0324764 0.0170712 0.00975605 0.00843808 0.0105969 0.0146488 0.019791 0.0254959 0.0312206 0.0363596 0.0403261 0.0426722 0.0431856 0.0419277 0.039199 0.0354492 0.0311639 0.0267669 0.0225623 0.0187245 0.0153222 0.0123579 0.00980475
 1.03973e-16 2.07294e-05 0.000121629 0.000578098 0.00222558 0.00694017 0.0175306 0.0358718 0.0594686 0.0798865 0.0869899 0.0768682 0.0553236 0.0328911 0.0170936 0.00946279 0.0078516 0.00968521 0.013356 0.018072 0.0233443 0.0286895 0.0335705 0.037464 0.0399658 0.0408749 0.0402277 0.0382668 0.0353627 0.0319153 0.0282706 0.0246745 0.0212667 0.0181054 0.0152036 0.0125598
 1.05349e-16 1.50625e-05 8.83516e-05 0.000419873 0.00161635 0.00504027 0.0127317 0.0260536 0.0431976 0.0580461 0.0632523 0.0559993 0.0405363 0.0245668 0.0136254 0.00891026 0.00894874 0.0119359 0.0167192 0.0226621 0.0292585 0.0359235 0.0419858 0.0467905 0.0498359 0.0508803 0.0499835 0.0474654 0.0438045 0.0395114 0.0350215 0.0306364 0.0265176 0.02272 0.0192402 0.0160597
 1.05688e-16 2.09744e-05 0.000123074 0.000584978 0.0022521 0.00702286 0.0177394 0.0362985 0.0601743 0.0808288 0.0880012 0.0777268 0.0558652 0.0330605 0.0169032 0.00891821 0.00691066 0.00826409 0.0113627 0.0154465 0.0200967 0.0249277 0.029511 0.0334193 0.0363058 0.0379715 0.0383929 0.0377015 0.036127 0.0339272 0.0313301 0.0285034 0.0255557 0.0225552 0.0195558 0.0166154
 1.03721e-16 2.59386e-05 0.000152219 0.000723541 0.0027856 0.00868658 0.0219418 0.0448968 0.0744255 0.0999635 0.108812 0.0960561 0.0689262 0.0405613 0.0203133 0.0100214 0.00691854 0.00771997 0.0103945 0.0139982 0.0180473 0.0221395 0.0258529 0.0287844 0.0306292 0.0312457 0.0306798 0.029138 0.0269219 0.0243484 0.0216826 0.0191011 0.0166903 0.014469 0.0124213 0.0105255
 1.03616e-16 1.79717e-05 0.00010543 0.000501065 0.00192895 0.00601511 0.0151941 0.0310919 0.0515488 0.0692605 0.0754533 0.0667552 0.0482219 0.0290236 0.0157329 0.00973903 0.00924026 0.0120429 0.0167479 0.0225988 0.0290297 0.0354161 0.0410572 0.0452826 0.0475961 0.0477874 0.0459735 0.0425511 0.0380838 0.0331614 0.0282806 0.0237757 0.0198095 0.0164079 0.0135163 0.0110515
 1.03252e-16 2.69913e-05 0.000158403 0.000752946 0.00289883 0.00903969 0.0228336 0.0467214 0.0774486 0.10402 0.113216 0.099918 0.0716403 0.0420439 0.0208444 0.00993661 0.00642333 0.00687635 0.00918686 0.0123988 0.0160584 0.0198152 0.0233054 0.0261743 0.0281417 0.0290569 0.028923 0.027878 0.0261456 0.0239733 0.0215799 0.0191262 0.0167122 0.0143914 0.0121932 0.0101398
 1.0273e-16 2.29433e-05 0.000134625 0.000639876 0.00246344 0.0076819 0.0194042 0.0397054 0.0658235 0.0884215 0.0962791 0.0850652 0.061198 0.0363323 0.0187855 0.0102396 0.00830099 0.0100998 0.0138357 0.0186129 0.0238769 0.0290885 0.0336621 0.0370433 0.0388253 0.0388418 0.0372004 0.0342418 0.0304446 0.0263072 0.0222464 0.0185401 0.0153188 0.0125965 0.0103175 0.00840211
 1.02518e-16 2.62464e-05 0.000154025 0.000732121 0.00281864 0.00878959 0.022202 0.0454293 0.0753085 0.10115 0.110106 0.097204 0.0697616 0.0410764 0.0206147 0.0102413 0.00715984 0.00804814 0.0108488 0.0145995 0.018797 0.0230148 0.0268033 0.0297322 0.0314755 0.0318815 0.0310006 0.0290576 0.0263849 0.0233372 0.0202198 0.0172463 0.014533 0.0121181 0.00999347 0.0081335
 1.0257e-16 2.28618e-05 0.000134146 0.000637601 0.00245468 0.00765459 0.0193351 0.0395642 0.0655894 0.0881069 0.0959363 0.0847616 0.0609784 0.0361994 0.0187125 0.0101937 0.00825837 0.010048 0.0137707 0.0185371 0.0237985 0.0290213 0.0336245 0.0370557 0.0389061 0.0390025 0.0374418 0.0345517 0.0307985 0.0266715 0.0225843 0.0188178 0.0155114 0.012691 0.0103143 0.00831326
 1.04211e-16 1.48774e-05 8.7262e-05 0.000414687 0.00159637 0.00497795 0.0125743 0.0257318 0.0426651 0.0573337 0.0624843 0.0553389 0.0401008 0.0243874 0.0136777 0.0091695 0.00942195 0.0126604 0.0177431 0.0240215 0.0309568 0.0379164 0.0441738 0.049023 0.0519276 0.0526366 0.0512303 0.0480755 0.0437151 0.0387293 0.0336171 0.0287284 0.0242538 0.0202575 0.0167287 0.0136284
 1.07074e-16 1.40362e-05 8.2333e-05 0.000391274 0.00150626 0.00469697 0.0118645 0.0242787 0.0402538 0.0540875 0.0589311 0.0521557 0.0377155 0.0227813 0.0125018 0.00798449 0.00785342 0.0104336 0.0146754 0.0200318 0.0260983 0.032411 0.0384227 0.0435793 0.0474261 0.0496944 0.0503394 0.0495153 0.0475057 0.044635 0.0411965 0.0374137 0.0334401 0.029382 0.0253287 0.0213723
 1.06519e-16 2.19297e-05 0.000128685 0.00061166 0.00235484 0.00734327 0.0185487 0.0379542 0.0629177 0.0845102 0.0919994 0.0812346 0.0583352 0.034419 0.0174072 0.00887535 0.00650909 0.00755828 0.0103303 0.0140448 0.0182994 0.0227458 0.0270036 0.0306944 0.0335107 0.0352748 0.035962 0.0356804 0.03462 0.0329891 0.0309655 0.0286718 0.026181 0.0235375 0.0207835 0.0179763
 1.0434e-16 2.23548e-05 0.000131173 0.000623471 0.00240029 0.00748498 0.0189067 0.0386874 0.0641353 0.086152 0.0938035 0.0828677 0.0595948 0.0353361 0.0181897 0.00978825 0.00779482 0.00941307 0.012897 0.0173927 0.0223909 0.0274059 0.0319096 0.0353979 0.0374942 0.0380324 0.0370873 0.0349381 0.0319841 0.0286412 0.0252542 0.0220494 0.0191309 0.0165102 0.0141499 0.0120027
 1.02785e-16 2.62138e-05 0.000153834 0.000731212 0.00281513 0.00877867 0.0221744 0.0453729 0.075215 0.101025 0.10997 0.097085 0.0696785 0.0410321 0.0206008 0.0102477 0.00718002 0.00807953 0.0108902 0.0146484 0.0188485 0.023061 0.0268341 0.0297369 0.0314459 0.0318147 0.0309013 0.0289393 0.0262684 0.0232479 0.020183 0.0172826 0.0146542 0.0123254 0.0102771 0.00847509
 1.02182e-16 2.54099e-05 0.00014911 0.000708747 0.00272862 0.00850888 0.021493 0.043979 0.0729057 0.0979275 0.10661 0.094145 0.0676267 0.0399409 0.020269 0.0104368 0.00775596 0.00902118 0.0122354 0.0164387 0.02109 0.0257016 0.0297539 0.0327556 0.0343448 0.0343702 0.0329218 0.030296 0.0269125 0.023211 0.0195625 0.0162182 0.0133016 0.0108332 0.00877124 0.00705041
 1.02749e-16 2.10335e-05 0.000123411 0.000586557 0.00225814 0.00704167 0.017787 0.0363968 0.0603402 0.0810607 0.0882774 0.0780269 0.0562032 0.0335051 0.0175783 0.00999048 0.00857448 0.0107207 0.014786 0.0199346 0.0256167 0.0312714 0.0362783 0.0400441 0.0421262 0.042331 0.040752 0.0377292 0.0337522 0.0293385 0.024929 0.0208276 0.0171913 0.0140589 0.011397 0.00914362
 1.0362e-16 2.14193e-05 0.00012568 0.000597356 0.00229973 0.0071714 0.0181146 0.0370668 0.0614493 0.0825459 0.0898821 0.0794151 0.0571377 0.0339313 0.0175637 0.00961002 0.00784373 0.00959751 0.0132067 0.0178549 0.0230457 0.0282946 0.0330662 0.0368406 0.0392174 0.0400006 0.0392322 0.0371609 0.0341637 0.0306474 0.0269643 0.0233648 0.0199907 0.0168991 0.0140981 0.0115789
 1.04104e-16 2.0374e-05 0.000119542 0.000568171 0.00218736 0.00682095 0.0172295 0.0352558 0.0584481 0.0785175 0.0855041 0.0755671 0.0544129 0.0324012 0.0169331 0.00952276 0.00806795 0.0100427 0.013865 0.0187444 0.0241783 0.0296603 0.0346278 0.0385365 0.0409709 0.0417334 0.0408789 0.0386799 0.0355413 0.031895 0.0281095 0.0244401 0.0210232 0.0179037 0.0150754 0.0125173
 1.0331e-16 2.61592e-05 0.000153515 0.000729701 0.00280932 0.00876056 0.0221286 0.045279 0.0750588 0.100813 0.109735 0.0968661 0.0694966 0.0408755 0.0204312 0.0100153 0.00683419 0.00757417 0.0101886 0.0137317 0.0177259 0.0217786 0.0254778 0.0284265 0.03032 0.031009 0.0305248 0.0290551 0.0268837 0.0243143 0.0216078 0.0189458 0.0164281 0.0140916 0.0119391 0.00996431
 1.02629e-16 2.42323e-05 0.000142195 0.000675872 0.00260204 0.00811414 0.0204959 0.041939 0.0695249 0.0933891 0.101676 0.0898055 0.064547 0.0381973 0.0195235 0.0102804 0.00791842 0.0093914 0.0127975 0.0172118 0.0220945 0.0269433 0.0312186 0.0344087 0.0361358 0.0362414 0.034817 0.0321683 0.0287279 0.0249485 0.0212107 0.0177705 0.0147517 0.0121733 0.00999179 0.00814147
 1.03186e-16 2.0475e-05 0.000120132 0.00057097 0.00219813 0.00685453 0.0173143 0.0354296 0.0587369 0.0789074 0.0859341 0.0759597 0.054723 0.0326404 0.0171576 0.00980457 0.00847642 0.0106378 0.0146935 0.0198324 0.0255197 0.0312061 0.036282 0.0401612 0.0424025 0.0428062 0.0414523 0.0386609 0.0348992 0.0306633 0.0263773 0.0223353 0.0186929 0.0154944 0.0127182 0.0103168
 1.03537e-16 2.35364e-05 0.000138113 0.000656473 0.00252736 0.00788126 0.0199076 0.0407351 0.0675284 0.0907052 0.0987486 0.0872066 0.0626508 0.0370191 0.0188196 0.00974956 0.00732786 0.00859798 0.0117258 0.0158401 0.0204583 0.025144 0.0294244 0.0328406 0.0350382 0.0358408 0.0352799 0.0335675 0.0310281 0.028012 0.0248226 0.0216752 0.0186928 0.0159263 0.013387 0.0110731
 1.03561e-16 2.1321e-05 0.000125101 0.000594597 0.00228911 0.00713825 0.0180309 0.0368957 0.0611664 0.0821679 0.089476 0.0790695 0.0569175 0.0338574 0.0176289 0.00980873 0.00818798 0.0101142 0.0139243 0.0187876 0.0241795 0.0295779 0.0344077 0.0381175 0.0402934 0.0407496 0.0395631 0.0370363 0.0336069 0.0297368 0.0258167 0.0221126 0.0187597 0.01579 0.0131767 0.0108741
 1.05702e-16 1.06511e-05 6.24462e-05 0.0002967 0.00114208 0.00356125 0.00899593 0.0184105 0.0305313 0.0410446 0.0447752 0.0397579 0.0290342 0.0181043 0.0109574 0.00853434 0.00989024 0.0138218 0.0195319 0.0265042 0.0342148 0.0419931 0.0490525 0.0546232 0.0581148 0.0592421 0.0580754 0.0549922 0.0505593 0.0453838 0.0399876 0.0347365 0.0298312 0.0253446 0.0212768 0.0176052
pSPR Fmed_Fpbrs
0.583941   0.255602 0.255602
Fs Fmed_Fpbrs
0.296893   1.005 1.005
SSBpbr Bo_Bmed_Bpbrs
976636  521466  200798 200798
Ro
41309.9
SPR SPRFo_SPRFmed_SPRFpbrs
848413 495423 216856
log_Ro
10.4489
likeval ReclasPelacesDesembMPH_pf_preclas_ppelaces_ptallas_desvR_qrecl_qpela
 111.441 83.5649 0.00423781 0.000706798 343.279 206.594 81.2387 0 14.1274 0 0 0 0 0 0
q_reclas_q_pelaces
1 1
M
0.7
N
 42158.9 19221.9 7220.71 859.099 0.271373
 44406.1 18014.6 7067.61 2654.95 315.978
 22843.2 18788.3 6494.08 2547.8 1070.99
 26243.3 8035.82 4682.08 1618.34 901.812
 52935.3 11958.7 3360.19 1957.82 1053.81
 40547.3 25831.8 5734.65 1611.34 1444.19
 80690.3 16264.7 8369.99 1858.14 990.052
 86617.4 35553.2 6358.68 3272.25 1113.5
 129838 35090.2 11750.3 2101.53 1449.48
 138846 53310 11912.6 3989.03 1205.51
 72311.1 60466.7 20360.1 4549.64 1983.89
 40713.3 27514.6 17629.5 5936.13 1904.9
 46825.9 15723.4 8264.05 5295.04 2355.06
 28548.5 15993.1 3693.57 1941.3 1797.07
 19987.2 7364.14 2142.97 494.915 500.918
 17059.4 5717.82 1213.63 353.167 164.116
 14383.9 6689.15 1770.31 375.756 160.157
 15702.7 5957.69 2310.91 611.59 185.142
 16452.1 6861.18 2290.51 888.458 306.314
 30989 7280.77 2705.95 903.343 471.2
 43781.7 13763.8 2892.29 1074.94 546.038
 48351 20694.1 6192.3 1301.24 729.276
 76726.9 22482.6 9010.21 2696.13 884.085
 89211.6 35127.8 9489.85 3803.19 1511.2
 37076.2 40908.7 14874.7 4018.42 2250.35
pred_Ctot
 4266.94 3650.78 1371.41 163.167 0.0515413
 4769.64 3616.53 1418.86 532.996 63.4343
 4886.13 6999.73 2419.43 949.207 399.007
 1562.23 921.874 537.131 185.657 103.457
 659.77 295.817 83.1196 48.4298 26.0676
 5674.78 6615.49 1468.64 412.663 369.857
 6586.01 2522.7 1298.21 288.203 153.56
 11609.2 8753.54 1565.56 805.659 274.154
 16348.5 8159.67 2732.33 488.676 337.053
 12377.5 8987.48 2008.33 672.506 203.236
 12344 18508.2 6231.99 1392.59 607.247
 6603.39 8047.23 5156.12 1736.15 557.128
 10742.1 6216.57 3267.35 2093.5 931.119
 10240.3 9026.6 2084.68 1095.68 1014.28
 6288.12 3762.64 1094.93 252.872 255.939
 2616.52 1590.65 337.622 98.2483 45.6557
 1734.36 1494.7 395.578 83.963 35.7873
 1366.39 981.745 380.805 100.782 30.5089
 1296.18 1029.08 343.544 133.256 45.9427
 2368.47 1060.95 394.309 131.635 68.663
 1520.95 935.921 196.673 73.0947 37.13
 2221 1847.67 552.879 116.181 65.1133
 4326.74 2448.13 981.122 293.581 96.2681
 4935.62 3755.25 1014.49 406.57 161.551
 2303.52 4890.06 1778.06 480.345 268.997
F
 0.150264 0.300528 0.300528 0.300528 0.300528
 0.160145 0.320291 0.320291 0.320291 0.320291
 0.344745 0.689489 0.689489 0.689489 0.689489
 0.0859556 0.171911 0.171911 0.171911 0.171911
 0.017465 0.0349299 0.0349299 0.0349299 0.0349299
 0.213476 0.426952 0.426952 0.426952 0.426952
 0.119587 0.239174 0.239174 0.239174 0.239174
 0.203578 0.407156 0.407156 0.407156 0.407156
 0.190164 0.380328 0.380328 0.380328 0.380328
 0.131273 0.262546 0.262546 0.262546 0.262546
 0.26626 0.53252 0.53252 0.53252 0.53252
 0.251401 0.502803 0.502803 0.502803 0.502803
 0.374279 0.748559 0.748559 0.748559 0.748559
 0.654982 1.30996 1.30996 1.30996 1.30996
 0.551503 1.10301 1.10301 1.10301 1.10301
 0.236216 0.472433 0.472433 0.472433 0.472433
 0.181424 0.362848 0.362848 0.362848 0.362848
 0.127954 0.255907 0.255907 0.255907 0.255907
 0.115214 0.230428 0.230428 0.230428 0.230428
 0.111594 0.223188 0.223188 0.223188 0.223188
 0.0493663 0.0987326 0.0987326 0.0987326 0.0987326
 0.0657452 0.13149 0.13149 0.13149 0.13149
 0.0812591 0.162518 0.162518 0.162518 0.162518
 0.0796669 0.159334 0.159334 0.159334 0.159334
 0.0898634 0.179727 0.179727 0.179727 0.179727
YTP_r0W_actual
 26029.8 98779.2 54941.9 18877.6 10867.5
YTP_p0W_proyectada
 92552.8 171262 251310 119952 52335.1
CTP_r0_actual
 2303.52 4890.06 1778.06 480.345 268.997
CTP_p0_proyectada
 10888.6 8116.66 8185.99 2976.48 1137.72
Wmedp
 8.5 21.1 30.7 40.3 46
nmprior
 10.6 11 7 0
nm_flota  nm_reclas  nm_pelaces    nm_pelaL
inf 14.6506 13.1035 28.3532
cv_recla  cv_pelaces  cv_mph
0.954878 1.03654 0.862553
 ------------------------------------------------
Talla a la edad & desviaci?n 
 7.2 14.2025 17.0495 18.207 18.6776
 1.08 2.13037 2.55742 2.73105 2.80164
