years
 1997 1998 1999 2000 2001 2002 2003 2004 2005 2006 2007 2008 2009 2010 2011 2012 2013 2014 2015 2016 2017 2018 2019 2020 2021
reclasobs
 0 0 0 370054 412103 1.49427e+06 250295 1.28982e+06 931140 785840 897777 1.04006e+06 184774 17550 25797 100020 73551 82996 120727 218422 84188 347160 605670 569463 516374
reclaspred
 373088 102917 318267 237313 354896 424447 940147 628459 701929 635131 499407 334880 205603 96222.4 68676.6 71038.2 89618.5 122395 128019 186004 270404 244866 422358 530999 597760
pelacesobs
 0 0 0 0 0 0 0 0 0 2.06254e+06 1.5e+06 0 1.87456e+06 323000 250000 174000 83755 137374 0 501740 490994 745055 786931 1.00524e+06 1.33801e+06
pelacespred
 1.07962e+06 263497 505204 569466 728009 731026 1.83858e+06 1.53497e+06 1.51499e+06 1.38565e+06 982611 679657 415619 162834 114295 126294 166214 229398 247905 349088 562514 499845 679392 1.01347e+06 1.14167e+06
mphobs
 0 0 0 0 0 112323 0 153150 637223 0 255016 313432 73983 77613 109348 50772 0 0 0 0 0 0 0 0 0
mphpred
 690718 421907 521972 649627 700747 1.11066e+06 1.6836e+06 1.99122e+06 1.70996e+06 1.72975e+06 1.61593e+06 1.13777e+06 701067 371113 181753 158968 194954 270665 334708 381142 578969 685537 850268 1.20674e+06 1.63142e+06
desembarqueobs
 350755 77701 442110 56441 14545 235359 269955 359681 431902 328805 639364 411747 362871 311530 167758 66681 60226 58785 57116 73181 50977 67692 138656 160484 209506
desembarquepred
 350761 77700.9 442105 56442.1 14545.1 235393 269981 359684 431932 328826 639579 411994 363204 311974 167801 66692 60244 58786.2 57112.3 73179.6 50977.1 67686.7 138655 160486 209505
Reclutas
 51406.1 66442 40177.4 66575.9 114648 82349.4 131899 123725 149864 146556 68205.4 40156.3 42936.1 23703.5 18535.5 23144.6 19088.2 21266.2 23690.5 44461.2 55169.3 68770.6 112612 131512 49919.7
log_desv_Rt
 -0.0802602 0.176312 -0.326711 0.178326 0.721851 0.390954 0.862017 0.798043 0.989711 0.967392 0.202507 -0.327238 -0.260303 -0.854392 -1.10033 -0.878255 -1.07094 -0.962898 -0.854944 -0.225401 -0.00960928 0.21076 0.703934 0.859079 -0.109601
SSB
 690718 421907 521972 649627 700747 1.11066e+06 1.6836e+06 1.99122e+06 1.70996e+06 1.72975e+06 1.61593e+06 1.13777e+06 701067 371113 181753 158968 194954 270665 334708 381142 578969 685537 850268 1.20674e+06 1.63142e+06
BT
 2.22035e+06 603379 1.14728e+06 1.07951e+06 1.31467e+06 1.49436e+06 3.47585e+06 3.15705e+06 3.10835e+06 2.79909e+06 2.33982e+06 1.59766e+06 1.10225e+06 592764 347850 281370 347069 457796 493220 684924 1.04872e+06 958668 1.3122e+06 1.94671e+06 2.20888e+06
Ftot
 0.434545 0.362384 0.529544 0.100999 0.0193589 0.188013 0.117276 0.229566 0.25646 0.204316 0.422453 0.392112 0.62181 1.08773 1.00886 0.397297 0.28325 0.19194 0.16408 0.171873 0.0782798 0.103117 0.124221 0.120275 0.112366
BD_Bspro_t
 0.946741 0.752846 0.713494 0.592099 0.72431 0.844985 0.816661 0.823828 0.776044 0.743024 0.708955 0.561073 0.447555 0.336193 0.219177 0.234821 0.350022 0.514443 0.621809 0.700883 0.795134 0.857049 0.860719 0.86403 0.86495
BD_Bspro
 0.603041 0.368352 0.455715 0.567167 0.611798 0.969676 1.46989 1.73846 1.49291 1.51018 1.41081 0.993351 0.612077 0.324005 0.158682 0.138789 0.170208 0.236308 0.292222 0.332761 0.505478 0.598518 0.742338 1.05356 1.42434
BD_Bo
 0.524775 0.320545 0.396569 0.493556 0.532394 0.843825 1.27912 1.51284 1.29915 1.31418 1.22771 0.864427 0.532637 0.281954 0.138087 0.120776 0.148117 0.205638 0.254295 0.289573 0.439873 0.520838 0.645993 0.91682 1.23948
BD_Brms
 1.83021 1.11793 1.38308 1.72133 1.85678 2.94293 4.46107 5.27617 4.53092 4.58335 4.28175 3.01478 1.85763 0.983344 0.481594 0.42122 0.516573 0.717185 0.886882 1.00992 1.53411 1.81648 2.25297 3.19751 4.32281
S_f
 0.189468 1 1 1 1
 0.189468 1 1 1 1
 0.189468 1 1 1 1
 0.189468 1 1 1 1
 0.189468 1 1 1 1
 0.189468 1 1 1 1
 0.189468 1 1 1 1
 0.189468 1 1 1 1
 0.189468 1 1 1 1
 0.189468 1 1 1 1
 0.189468 1 1 1 1
 0.189468 1 1 1 1
 0.189468 1 1 1 1
 0.189468 1 1 1 1
 0.189468 1 1 1 1
 0.189468 1 1 1 1
 0.189468 1 1 1 1
 0.189468 1 1 1 1
 0.189468 1 1 1 1
 0.189468 1 1 1 1
 0.189468 1 1 1 1
 0.189468 1 1 1 1
 0.189468 1 1 1 1
 0.189468 1 1 1 1
 0.189468 1 1 1 1
Scru_reclas
 1 1 1 1 1
 1 1 1 1 1
 1 1 1 1 1
 1 1 1 1 1
 1 1 1 1 1
 1 1 1 1 1
 1 1 1 1 1
 1 1 1 1 1
 1 1 1 1 1
 1 1 1 1 1
 1 1 1 1 1
 1 1 1 1 1
 1 1 1 1 1
 1 1 1 1 1
 1 1 1 1 1
 1 1 1 1 1
 1 1 1 1 1
 1 1 1 1 1
 1 1 1 1 1
 1 1 1 1 1
 1 1 1 1 1
 1 1 1 1 1
 1 1 1 1 1
 1 1 1 1 1
 1 1 1 1 1
Scru_pelaces
 1 1 1 1 1
 1 1 1 1 1
 1 1 1 1 1
 1 1 1 1 1
 1 1 1 1 1
 1 1 1 1 1
 1 1 1 1 1
 1 1 1 1 1
 1 1 1 1 1
 1 1 1 1 1
 1 1 1 1 1
 1 1 1 1 1
 1 1 1 1 1
 1 1 1 1 1
 1 1 1 1 1
 1 1 1 1 1
 1 1 1 1 1
 1 1 1 1 1
 1 1 1 1 1
 1 1 1 1 1
 1 1 1 1 1
 1 1 1 1 1
 1 1 1 1 1
 1 1 1 1 1
 1 1 1 1 1
pf_obs 
 0.256992 0.487395 0.22802 0.0275931 0
 0.321318 0.546541 0.124235 0.00734118 0.000564706
 0.182869 0.594174 0.210203 0.0122559 0.00049798
 0.330522 0.361315 0.267642 0.0388342 0.00168674
 0.649043 0.306663 0.0425973 0.00169635 0
 0.582887 0.30429 0.105238 0.00758474 0
 0.465427 0.430635 0.0974691 0.00646863 0
 0.296916 0.608066 0.0921331 0.00288517 0
 0.311714 0.524322 0.152257 0.0117073 0
 0.15457 0.633149 0.183074 0.0267441 0.00246327
 0.131901 0.49318 0.331252 0.0422183 0.00144891
 0.196976 0.569456 0.194076 0.0375587 0.00193317
 0.518974 0.381816 0.0799577 0.0180837 0.00116848
 0.0928022 0.601141 0.25162 0.0475244 0.00691264
 0.122501 0.610282 0.24278 0.0234846 0.000952079
 0.383417 0.481906 0.127806 0.00687128 0
 0.0376549 0.599619 0.316969 0.0457579 0
 0.0361596 0.667082 0.258105 0.0386534 0
 0.158088 0.579412 0.248529 0.0139706 0
 0.0477256 0.309471 0.559284 0.082774 0.000745712
 0.0406174 0.521527 0.379366 0.0568643 0.0016247
 0.151134 0.462217 0.34131 0.0453401 0
 0.294876 0.26143 0.354403 0.0886775 0.000613685
 0.281977 0.475581 0.204845 0.0348837 0.00271318
 0.0841818 0.532909 0.334909 0.0458182 0.00218182
pf_pred 
 0.339889 0.464628 0.174699 0.0207727 1.10058e-05
 0.318142 0.524455 0.11079 0.041657 0.00495586
 0.180372 0.610319 0.160992 0.0340093 0.0143087
 0.302506 0.417578 0.208434 0.0549813 0.0165014
 0.32243 0.478108 0.119415 0.0596059 0.0204419
 0.174015 0.592239 0.164936 0.0411953 0.0276146
 0.265635 0.402414 0.238012 0.0662853 0.0276537
 0.209459 0.528268 0.143719 0.0850042 0.0335496
 0.243109 0.460603 0.19799 0.0538648 0.044433
 0.216364 0.514212 0.163957 0.0704769 0.0349902
 0.116035 0.544096 0.223017 0.0711092 0.0457419
 0.113053 0.406077 0.295984 0.12132 0.063566
 0.194702 0.359903 0.203918 0.148633 0.0928433
 0.174506 0.521528 0.135848 0.0769705 0.0911472
 0.249388 0.492507 0.163064 0.0424752 0.0525648
 0.32906 0.49785 0.113572 0.0376025 0.0219161
 0.220833 0.58991 0.140433 0.032036 0.0167889
 0.232208 0.484012 0.21485 0.0511468 0.0177825
 0.228851 0.490064 0.177195 0.0786558 0.0252347
 0.330138 0.420723 0.158327 0.0572471 0.0335643
 0.27064 0.538161 0.120087 0.0451913 0.0259203
 0.251166 0.501654 0.182383 0.0406975 0.0240997
 0.301957 0.453591 0.163762 0.0595377 0.0211527
 0.251879 0.529147 0.14229 0.0513718 0.0253124
 0.0914 0.592825 0.223348 0.0600594 0.0323677
pobs_RECLAS
 0 0 0 0 0
 0 0 0 0 0
 0 0 0 0 0
 0 0 0 0 0
 0.835266 0.146461 0.0176864 0.000547809 3.91292e-05
 0.385257 0.428462 0.181853 0.0044286 0
 0.867414 0.0963971 0.0333333 0.00285562 0
 0.441836 0.489002 0.0689373 0.000224442 0
 0.779404 0.147425 0.0564933 0.0165055 0.000172143
 0.814271 0.122319 0.05973 0.00367925 0
 0.40263 0.566651 0.0304383 0.000280538 0
 0.475488 0.404961 0.113038 0.00651328 0
 0.955842 0.0263864 0.0167828 0.000988607 0
 0.975058 0.0227948 0.00214734 0 0
 0.738997 0.206755 0.0527124 0.00153531 0
 0.850938 0.134255 0.0134407 0.00136685 0
 0.542534 0.407297 0.0501686 0 0
 0.764087 0.199537 0.0359546 0.000420521 0
 0.470689 0.182191 0.310203 0.0369168 0
 0.84361 0.089868 0.0606195 0.00523954 0.000663233
 0.607945 0.314616 0.071237 0.00620181 0
 0.523733 0.453247 0.0230204 0 0
 0.530135 0.295979 0.169645 0.0042399 0
 0.562478 0.366248 0.0663022 0.0049721 0
 0.250443 0.683176 0.0655157 0.000865301 0
ppred_RECLAS
 0.73642 0.185525 0.0697569 0.00829446 4.39458e-06
 0.715715 0.218659 0.0461915 0.0173679 0.00206623
 0.546211 0.337904 0.0891334 0.0188293 0.00792206
 0.697047 0.181372 0.090532 0.0238808 0.00716728
 0.715415 0.200809 0.0501553 0.025035 0.00858578
 0.529042 0.337681 0.0940428 0.0234887 0.0157452
 0.657616 0.187618 0.110969 0.0309043 0.012893
 0.586173 0.276534 0.0752332 0.0444974 0.0175623
 0.632374 0.223717 0.096165 0.0261624 0.0215814
 0.595745 0.265267 0.0845806 0.036357 0.0180505
 0.415747 0.359619 0.147403 0.0469994 0.0302329
 0.408049 0.271017 0.197541 0.0809691 0.0424242
 0.571469 0.191519 0.108513 0.0790935 0.0494056
 0.551151 0.283572 0.0738652 0.0418514 0.0495598
 0.656476 0.2254 0.0746279 0.0194391 0.0240567
 0.726284 0.203102 0.0463325 0.0153403 0.00894088
 0.603273 0.300363 0.0715038 0.0163117 0.00854837
 0.617297 0.241254 0.107091 0.0254939 0.00886361
 0.612414 0.24631 0.0890596 0.0395331 0.0126832
 0.72416 0.173248 0.065197 0.0235736 0.0138214
 0.662861 0.248759 0.055509 0.0208892 0.0119814
 0.640235 0.241012 0.0876227 0.0195525 0.0115783
 0.696771 0.197039 0.0711381 0.0258631 0.0091887
 0.641326 0.25369 0.0682186 0.0246293 0.0121356
 0.348109 0.425332 0.160245 0.0430907 0.0232227
pobs_PELACES
 0 0 0 0 0
 0 0 0 0 0
 0 0 0 0 0
 0 0 0 0 0
 0 0 0 0 0
 0 0 0 0 0
 0 0 0 0 0
 0 0 0 0 0
 0 0 0 0 0
 0 0 0 0 0
 0.450072 0.473896 0.0757376 0.000293798 0
 0 0 0 0 0
 0.463077 0.371075 0.160297 0.00555027 0
 0.529543 0.364841 0.0842815 0.0213345 0
 0.631943 0.363953 0.00410389 0 0
 0.735681 0.248677 0.0153453 0.000297389 0
 0.695825 0.281241 0.0229344 0 0
 0.275771 0.60734 0.115278 0.00161068 0
 0 0 0 0 0
 0.896147 0.0623911 0.0374545 0.00400742 0
 0.803859 0.145111 0.0509908 3.86294e-05 0
 0.739449 0.233085 0.0266225 0.000797448 4.60066e-05
 0.878498 0.100942 0.0204185 0.000141795 0
 0.694673 0.275183 0.0284847 0.00165964 0
 0.469039 0.446079 0.0841089 0.000773354 0
ppred_PELACES
 0.758353 0.170086 0.0639522 0.00760424 4.02889e-06
 0.735018 0.203812 0.0430551 0.0161886 0.00192593
 0.581032 0.311975 0.0822937 0.0173844 0.00731416
 0.702722 0.177975 0.0888364 0.0234335 0.00703304
 0.716468 0.200066 0.0499697 0.0249424 0.00855401
 0.541551 0.328712 0.091545 0.0228648 0.015327
 0.664644 0.183767 0.108691 0.03027 0.0126284
 0.600985 0.266636 0.0725404 0.0429047 0.0169337
 0.648171 0.214104 0.0920326 0.0250382 0.020654
 0.608834 0.256678 0.0818419 0.0351798 0.017466
 0.443428 0.34258 0.140419 0.0447726 0.0288005
 0.433606 0.259316 0.189012 0.0774734 0.0405926
 0.61163 0.17357 0.0983435 0.0716812 0.0447755
 0.621581 0.239076 0.0622748 0.0352844 0.0417832
 0.714527 0.18731 0.0620167 0.0161542 0.0199915
 0.746894 0.187809 0.0428437 0.0141852 0.00826764
 0.621256 0.286748 0.0682626 0.0155723 0.00816088
 0.62935 0.233656 0.103719 0.024691 0.00858445
 0.622778 0.239724 0.0866781 0.0384759 0.012344
 0.733247 0.167541 0.0630491 0.022797 0.013366
 0.667524 0.245319 0.0547413 0.0206003 0.0118157
 0.646563 0.236772 0.0860815 0.0192085 0.0113747
 0.703745 0.192508 0.069502 0.0252683 0.00897737
 0.648692 0.24848 0.0668176 0.0241235 0.0118864
 0.354961 0.420862 0.158561 0.0426378 0.0229787
pobs_pel_tallas
 0 0 0 0 0 0 0 0 0 0 0 0 0 0 0 0 0 0 0 0 0 0 0 0 0 0 0 0 0 0 0 0 0 0 0 0
 0 0 0 0 0 0 0 0 0 0 0 0 0 0 0 0 0 0 0 0 0 0 0 0 0 0 0 0 0 0 0 0 0 0 0 0
 0 0 0 0 0 0 0 0 0 0 0 0 0 0 0 0 0 0 0 0 0 0 0 0 0 0 0 0 0 0 0 0 0 0 0 0
 0 0 0 0 0 0 0 0 0 0 0 0 0 0 0 0 0 0 0 0 0 0 0 0 0 0 0 0 0 0 0 0 0 0 0 0
 0 0 0 0 0 0 0 0 0 0 0 0 0 0 0 0 0 0 0 0 0 0 0 0 0 0 0 0 0 0 0 0 0 0 0 0
 0 0 0 0 0 0 0 0 0 0 0 0 0 0 0 0 0 0 0 0 0 0 0 0 0 0 0 0 0 0 0 0 0 0 0 0
 0 0 0 0 0 0 0 0 0 0 0 0 0 0 0 0 0 0 0 0 0 0 0 0 0 0 0 0 0 0 0 0 0 0 0 0
 0 0 0 0 0 0 0 0 0 0 0 0 0 0 0 0 0 0 0 0 0 0 0 0 0 0 0 0 0 0 0 0 0 0 0 0
 0 0 0 0 0 0 0 0 0 0 0 0 0 0 0 0 0 0 0 0 0 0 0 0 0 0 0 0 0 0 0 0 0 0 0 0
 0 0 0 0 0 0 0 0 0 0 0 0 0 0 0 0 0 0 0 0 0 0 0 0 0 0 0 0 0 0 0 0 0 0 0 0
 0 0 0 0 0 0 0 0 1.78061e-05 0.00172719 0.00360574 0.0105946 0.0120993 0.0124554 0.0147524 0.0171206 0.0266825 0.0428682 0.0675386 0.121331 0.153587 0.119568 0.100827 0.0573624 0.0630603 0.0341343 0.0324427 0.0444173 0.0211091 0.0280891 0.0125444 0.00206551 0 0 0 0
 0 0 0 0 0 0 0 0 0 0 0 0 0 0 0 0 0 0 0 0 0 0 0 0 0 0 0 0 0 0 0 0 0 0 0 0
 0 0 0 0 0 0 0.0133647 0.0140871 0.0187388 0.0205184 0.03894 0.0496705 0.03968 0.0493445 0.0407372 0.0367815 0.0215668 0.0243155 0.0234873 0.0199281 0.019796 0.0243948 0.0301388 0.0376714 0.0412746 0.0863199 0.0771752 0.113111 0.0741005 0.0525337 0.0229764 0.00759418 0.00175318 0 0 0
 0 0 0 0 0 0 0 0 0 0 0.00219441 0.00772107 0.0458388 0.0604681 0.0671733 0.0775358 0.0609151 0.0617685 0.073594 0.0568108 0.0755445 0.0548602 0.0670107 0.0636378 0.0643287 0.046367 0.0373049 0.0286899 0.0247887 0.0153202 0.00654259 0.00121912 0.000365735 0 0 0
 0 0 0 0 0 0 0 0 0 0 0 0 0.000112435 0.00938835 0.0111873 0.0202946 0.0414886 0.0713402 0.111592 0.104902 0.108894 0.110636 0.117776 0.105296 0.107544 0.0401394 0.0192827 0.0124803 0.00416011 0.0028671 0.000618394 0 0 0 0 0
 0 0 0 0 0 0 0 0 0 0 0.00291406 0.0102884 0.027416 0.0768956 0.0749926 0.110853 0.0956884 0.0897413 0.0766577 0.0534642 0.0500743 0.0551293 0.0594112 0.0620874 0.0668451 0.0424026 0.0208742 0.0120726 0.0048766 0.00582813 0.00118941 0.000297354 0 0 0 0
 0 0.00264628 0.0354308 0.0461629 0.0458689 0.0383711 0.0214643 0.0164657 0.0346957 0.0420465 0.0363128 0.0245516 0.0311673 0.0291091 0.0169068 0.0133784 0.00837989 0.0085269 0.0148486 0.0160247 0.0276389 0.0546898 0.0760071 0.122758 0.109233 0.0665981 0.0333725 0.0166128 0.00676272 0.00308733 0.000882094 0 0 0 0 0
 0 0 0 0 0 0 0 0.000805153 0.000690131 0.00759144 0.0133425 0.0154129 0.00931677 0.000345066 0.00356568 0.00563607 0.00851162 0.0253048 0.0502646 0.0516448 0.0657925 0.0565908 0.0611916 0.0827007 0.0866115 0.110766 0.145733 0.0935128 0.0569358 0.0249597 0.0138026 0.00621118 0.00161031 0.00115022 0 0
 0 0 0 0 0 0 0 0 0 0 0 0 0 0 0 0 0 0 0 0 0 0 0 0 0 0 0 0 0 0 0 0 0 0 0 0
 0.00147267 0.00158595 0.00478618 0.00569244 0.00954404 0.0108468 0.00647125 0.017049 0.0510054 0.094081 0.124002 0.0959785 0.0687766 0.0820023 0.061753 0.0591476 0.0492212 0.0479892 0.0443925 0.0268479 0.0217502 0.0140895 0.0121071 0.0120363 0.00920419 0.00665534 0.0049561 0.00860946 0.00930331 0.0156896 0.0114698 0.00855282 0.00243557 0.00046729 0 2.83206e-05
 0 0 0 0 0.000772559 0.00158375 0.000888443 0.00281984 0.00712685 0.0440552 0.0773331 0.111326 0.0921469 0.0852325 0.0710754 0.0886704 0.0786465 0.0553345 0.0373146 0.0185414 0.00753245 0.00457741 0.012979 0.0271748 0.0457355 0.0583668 0.034881 0.0177882 0.00938659 0.00492506 0.0015258 0.00185414 0.000309023 5.79419e-05 3.86279e-05 0
 0 0.00173294 0.00326652 0 0.00397197 0.00683976 0.00946217 0.0152591 0.00757587 0.0136028 0.0228656 0.0392903 0.0559909 0.0764795 0.0681675 0.0726916 0.0566044 0.0477403 0.0527397 0.0444891 0.0609904 0.0582453 0.0661739 0.0445044 0.0529084 0.0360697 0.0280645 0.0235558 0.0158879 0.00826598 0.00280645 0.00217768 0.000904811 0.00058276 9.20147e-05 0
 0 0 0 0 0 0 0 0 0 0 0 0 0 0 0 0 0 0 0 0 0 0 0 0 0 0 0 0 0 0 0 0 0 0 0 0
 0 0 0 0 0 0 0 0 0 0 0 0 0 0 0 0 0 0 0 0 0 0 0 0 0 0 0 0 0 0 0 0 0 0 0 0
 0 0 0 0 0 0 0 0 0 0 0 0 0 0 0 0 0 0 0 0 0 0 0 0 0 0 0 0 0 0 0 0 0 0 0 0
ppred_pel_tallas
 1.01225e-16 3.30874e-05 0.000194198 0.00092313 0.00355411 0.0110832 0.0279952 0.0572818 0.0949508 0.127516 0.138762 0.122396 0.0876105 0.0511212 0.0247936 0.0108946 0.00581265 0.00529521 0.00673458 0.00897997 0.0115497 0.0141409 0.0164685 0.0182654 0.0193285 0.0195617 0.0189926 0.0177574 0.0160596 0.0141192 0.0121279 0.0102235 0.00848514 0.0069438 0.00560071 0.00444378
 1.01324e-16 3.20712e-05 0.000188229 0.000894746 0.00344481 0.0107423 0.0271343 0.0555206 0.0920325 0.1236 0.13451 0.118666 0.0849864 0.049682 0.0242671 0.0109541 0.00625717 0.00606317 0.0078414 0.0104564 0.0134023 0.016331 0.0189051 0.0208112 0.021819 0.021832 0.0209071 0.0192325 0.0170747 0.0147132 0.0123842 0.010248 0.00838373 0.00680554 0.00548783 0.00438979
 1.02209e-16 2.53612e-05 0.000148825 0.000707393 0.00272341 0.00849264 0.0214519 0.0438949 0.0727662 0.0977395 0.106404 0.0939592 0.0674851 0.0398411 0.020189 0.0103486 0.0076352 0.00884946 0.0120009 0.0161377 0.0207301 0.0253037 0.029353 0.0323968 0.034077 0.0342372 0.0329533 0.0305008 0.0272766 0.0236999 0.020128 0.0168071 0.0138644 0.0113312 0.00918014 0.00736081
 1.02453e-16 3.0662e-05 0.000179957 0.000855429 0.00329343 0.0102703 0.0259419 0.0530807 0.0879878 0.118167 0.128595 0.113442 0.0812328 0.0474636 0.02314 0.0103759 0.00583933 0.00560363 0.00726226 0.00975124 0.0126166 0.015559 0.0182873 0.0205215 0.0220413 0.0227291 0.0225895 0.0217333 0.0203394 0.018605 0.0167044 0.0147652 0.0128664 0.0110496 0.00933663 0.00774313
 1.02032e-16 3.12622e-05 0.000183479 0.000872168 0.00335788 0.0104712 0.0264495 0.0541195 0.0897101 0.120481 0.131116 0.115674 0.082848 0.0484405 0.0236771 0.0107167 0.00616454 0.00601485 0.00780495 0.0104322 0.0134075 0.0163941 0.0190643 0.0211114 0.0223066 0.0225486 0.0218823 0.0204773 0.0185783 0.016442 0.0142849 0.0122526 0.0104177 0.00879484 0.00736642 0.0061049
 1.02909e-16 2.36403e-05 0.00013872 0.000659351 0.00253843 0.00791578 0.0199949 0.0409138 0.0678254 0.0911067 0.0991924 0.0876143 0.0629779 0.0372806 0.0190775 0.0100836 0.00781555 0.00930658 0.0127064 0.0171171 0.0220154 0.0269125 0.0312794 0.0346106 0.0365272 0.0368603 0.0356825 0.0332742 0.0300413 0.026413 0.0227542 0.0193153 0.016225 0.0135158 0.0111631 0.00912152
 1.03234e-16 2.90019e-05 0.00017021 0.000809089 0.00311501 0.00971385 0.0245365 0.0502052 0.0832218 0.111768 0.121636 0.107314 0.0768685 0.0449619 0.0220116 0.0100266 0.00586683 0.00582886 0.00764395 0.0103074 0.0133837 0.0165755 0.0195859 0.0221249 0.0239589 0.0249549 0.0251004 0.0244893 0.0232839 0.0216674 0.0198037 0.0178159 0.0157853 0.0137627 0.0117853 0.00988853
 1.03383e-16 2.62293e-05 0.000153926 0.000731653 0.00281684 0.00878399 0.0221878 0.0454002 0.0752599 0.101084 0.110032 0.0971317 0.0696958 0.0410098 0.0205296 0.010114 0.00696344 0.00775486 0.0104326 0.0140407 0.0180888 0.0221694 0.0258557 0.0287409 0.0305184 0.0310473 0.0303778 0.0287231 0.0263935 0.0237155 0.0209629 0.0183192 0.0158751 0.0136508 0.0116289 0.00978369
 1.03202e-16 2.82848e-05 0.000165998 0.000789056 0.00303787 0.00947328 0.0239288 0.0489621 0.0811623 0.109005 0.118637 0.104687 0.0750275 0.0439671 0.0216771 0.0101304 0.00627752 0.00651426 0.00862482 0.0116109 0.0150122 0.0184891 0.0216964 0.0243019 0.0260471 0.0267997 0.026575 0.0255166 0.0238471 0.0218079 0.019607 0.0173913 0.0152446 0.013203 0.0112783 0.00947707
 1.03271e-16 2.65712e-05 0.000155934 0.000741202 0.0028536 0.00889865 0.0224774 0.0459927 0.0762417 0.102402 0.111463 0.0983877 0.0705812 0.041499 0.0207158 0.0101091 0.00683777 0.00753227 0.0101109 0.0136117 0.0175508 0.0215336 0.0251482 0.0280004 0.0297907 0.0303773 0.029801 0.0282592 0.0260442 0.023466 0.0207871 0.0181872 0.0157594 0.013531 0.0114942 0.00963223
 1.0499e-16 1.93623e-05 0.000113603 0.000539938 0.00207866 0.00648198 0.0163732 0.0335038 0.0555439 0.0746171 0.0812592 0.0718216 0.0517292 0.0308301 0.0161625 0.0091716 0.00786759 0.00985869 0.0136498 0.0184963 0.023924 0.0294504 0.0345344 0.038647 0.0413769 0.0425161 0.0420938 0.0403447 0.0376303 0.0343406 0.030811 0.027277 0.0238709 0.0206473 0.0176207 0.0147968
 1.07327e-16 1.89307e-05 0.000111077 0.000527944 0.00203251 0.00633808 0.0160097 0.0327593 0.0543077 0.0729503 0.0794284 0.0701662 0.050456 0.02991 0.0153876 0.0082771 0.00661243 0.0080488 0.0111439 0.0152251 0.0199216 0.0248846 0.0297173 0.0340139 0.0374325 0.0397562 0.0409206 0.0409971 0.0401454 0.0385546 0.036396 0.0338016 0.0308686 0.0276779 0.0243158 0.0208853
 1.06008e-16 2.66897e-05 0.000156637 0.000744562 0.00286657 0.00893911 0.0225795 0.046201 0.0765847 0.102855 0.111938 0.098763 0.0707546 0.0414084 0.0203151 0.00932973 0.00557015 0.00563798 0.00745636 0.0101124 0.0132169 0.0165064 0.0197157 0.0225817 0.0248871 0.0264993 0.0273861 0.0276016 0.027252 0.0264544 0.025305 0.0238665 0.0221752 0.0202573 0.0181489 0.0159066
 1.04127e-16 2.71262e-05 0.000159194 0.000756705 0.00291331 0.00908483 0.0229477 0.0469547 0.0778357 0.10454 0.113785 0.100424 0.072012 0.0422799 0.0209934 0.0100585 0.00656339 0.00705992 0.00942153 0.0126753 0.0163489 0.0200729 0.0234679 0.0261735 0.0279176 0.0285748 0.0281872 0.0269392 0.0250978 0.0229405 0.0206952 0.0185082 0.0164446 0.0145105 0.0126844 0.0109446
 1.02431e-16 3.11771e-05 0.000182981 0.0008698 0.00334877 0.0104428 0.0263777 0.0539725 0.0894662 0.120153 0.130756 0.115351 0.0826032 0.0482712 0.0235459 0.0105766 0.00597414 0.00574275 0.00742952 0.00994355 0.0128118 0.0157178 0.0183556 0.0204366 0.021742 0.0221682 0.021745 0.0206168 0.0189976 0.0171143 0.0151594 0.0132644 0.0114976 0.00987893 0.00840185 0.00705319
 1.01544e-16 3.25884e-05 0.000191267 0.000909192 0.00350044 0.0109158 0.0275724 0.0564169 0.0935178 0.125593 0.136674 0.120565 0.0863226 0.0504156 0.0245369 0.0109264 0.00603384 0.00567461 0.00727766 0.00969825 0.0124414 0.0151805 0.0176048 0.0194259 0.0204306 0.0205281 0.0197669 0.0183152 0.0164127 0.0143105 0.0122204 0.0102854 0.00857578 0.00710407 0.00584849 0.00477523
 1.01979e-16 2.71141e-05 0.000159118 0.000756334 0.00291186 0.0090803 0.0229363 0.0469318 0.0777991 0.104495 0.113747 0.100416 0.0720617 0.0424209 0.0212704 0.0105335 0.00731691 0.00818282 0.0109988 0.0147628 0.0189479 0.0231079 0.0267765 0.0295125 0.0309897 0.0310687 0.029825 0.0275181 0.0245185 0.0212158 0.0179408 0.0149189 0.012264 0.00999962 0.00809416 0.0064948
 1.02799e-16 2.74649e-05 0.000161183 0.00076616 0.00294971 0.00919834 0.0232344 0.0475414 0.078808 0.105846 0.115204 0.101673 0.0729008 0.0427876 0.0212199 0.0101256 0.00655574 0.0070195 0.00936677 0.0126183 0.0163037 0.0200574 0.0235009 0.0262688 0.0280767 0.0287796 0.0283958 0.0270863 0.0251017 0.0227155 0.0201665 0.0176276 0.0152009 0.0129342 0.010844 0.00893642
 1.03208e-16 2.71786e-05 0.000159501 0.000758164 0.00291892 0.00910233 0.0229919 0.0470452 0.0779858 0.104742 0.114005 0.100619 0.0721543 0.0423682 0.0210466 0.0101002 0.00661356 0.00713384 0.00953235 0.0128357 0.0165706 0.0203648 0.0238331 0.0266057 0.0283984 0.0290719 0.0286549 0.0273211 0.025333 0.0229715 0.0204764 0.0180144 0.015676 0.0134941 0.0114714 0.00960333
 1.02358e-16 3.19925e-05 0.00018777 0.000892574 0.00343646 0.0107163 0.0270684 0.0553856 0.0918079 0.123296 0.13417 0.118349 0.0847198 0.0494469 0.0240055 0.0105902 0.0057128 0.00526588 0.00673254 0.0090042 0.0116186 0.0142848 0.0167283 0.0186897 0.0199698 0.02047 0.0202091 0.0193065 0.0179437 0.0163151 0.0145868 0.0128742 0.0112402 0.00970803 0.00828032 0.00695514
 1.02118e-16 2.91298e-05 0.000170956 0.000812624 0.0031286 0.00975622 0.0246435 0.0504247 0.0835873 0.112264 0.122188 0.107831 0.077304 0.0453473 0.0224418 0.0106255 0.00676112 0.00713466 0.00945267 0.0126635 0.0162577 0.0198413 0.0230151 0.0254035 0.0267288 0.0268725 0.0258982 0.0240251 0.0215651 0.0188446 0.0161382 0.0136308 0.0114122 0.0094973 0.00785687 0.00644684
 1.02491e-16 2.82156e-05 0.000165589 0.00078711 0.00303037 0.00944988 0.0238697 0.0488414 0.0809629 0.108739 0.118352 0.104448 0.0748828 0.0439355 0.0217599 0.0103329 0.00662017 0.00703022 0.00934895 0.012566 0.016196 0.0198636 0.0231841 0.02579 0.0274007 0.0278815 0.0272678 0.0257419 0.0235766 0.0210648 0.0184587 0.015936 0.0135946 0.0114705 0.00956297 0.00785908
 1.02338e-16 3.07071e-05 0.000180221 0.00085668 0.00329825 0.0102853 0.0259798 0.0531584 0.0881169 0.118342 0.128787 0.113619 0.0813743 0.0475757 0.0232493 0.0105161 0.00604271 0.00589764 0.00766672 0.0102739 0.0132475 0.0162657 0.0190141 0.0211943 0.0225782 0.023055 0.02265 0.0215067 0.0198404 0.0178821 0.0158295 0.013821 0.0119321 0.0101904 0.00859701 0.00714535
 1.02414e-16 2.83088e-05 0.000166136 0.000789706 0.00304036 0.00948105 0.0239485 0.0490026 0.0812303 0.109099 0.118746 0.104801 0.0751464 0.0441117 0.0218867 0.0104577 0.00678278 0.00725849 0.00965971 0.0129641 0.016671 0.0203869 0.0237087 0.0262547 0.0277394 0.0280351 0.027196 0.0254322 0.0230474 0.020362 0.0176471 0.0150873 0.0127761 0.0107354 0.00894579 0.00737434
 1.04927e-16 1.55079e-05 9.09672e-05 0.000432309 0.00166423 0.00518959 0.0131089 0.0268253 0.0444765 0.0597629 0.0651189 0.0576417 0.0417032 0.0252299 0.013914 0.00898082 0.00890624 0.0118259 0.016552 0.0224354 0.028969 0.0355724 0.0415794 0.0463393 0.0493514 0.0503718 0.0494547 0.0469133 0.04322 0.0388826 0.0343385 0.0298952 0.0257238 0.0218888 0.0183956 0.0152303
pSPR Fmed_Fpbrs
0.703727   0.33673 0.33673
Fs Fmed_Fpbrs
0.220919   1.005 1.005
SSBpbr Bo_Bmed_Bpbrs
1.31622e+06  860447  377399 377399
Ro
55702
SPR SPRFo_SPRFmed_SPRFpbrs
1.14539e+06 806042 385687
log_Ro
10.7478
likeval ReclasPelacesDesembMPH_pf_preclas_ppelaces_ptallas_desvR_qrecl_qpela
 64.8173 27.1086 0.0178767 0.00134708 316.383 198.887 77.9825 0 15.5821 8.04445e-05 0 0 0 0 0
q_reclas_q_pelaces
0.280563 1
M
0.7
N
 51406.1 15444.5 5807.09 690.493 0.365838
 66442 23510 4966.45 1867.38 222.158
 40177.4 30804.7 8125.76 1716.56 722.208
 66575.9 18046.9 9008.1 2376.18 713.158
 114648 32434 8100.89 4043.56 1386.74
 82349.4 56724.1 15797.4 3945.66 2644.91
 131899 39462.4 23340.4 6500.21 2711.84
 123725 64059.6 17427.9 10307.9 4068.34
 149864 58824.9 25285.9 6879.23 5674.66
 146556 70890.5 22603.5 9716.13 4823.84
 68205.4 70014.2 28697.8 9150.31 5886.05
 40156.3 31264.5 22788.2 9340.58 4894.04
 42936.1 18513.2 10489.5 7645.62 4775.82
 23703.5 18951.8 4936.6 2797.04 3312.2
 18535.5 9578.63 3171.39 826.088 1022.32
 23144.6 7602.99 1734.42 574.251 334.695
 19088.2 10659.9 2537.66 578.902 303.381
 21266.2 8983.64 3987.79 949.324 330.056
 23690.5 10183.3 3682.04 1634.43 524.367
 44461.2 11404.2 4291.65 1551.75 909.804
 55169.3 21371.4 4768.88 1794.63 1029.34
 68770.6 26993 9813.62 2189.85 1296.76
 112612 33489.7 12091 4395.82 1561.76
 131512 54620.8 14687.8 5302.81 2612.85
 49919.7 63835.4 24050.1 6467.2 3485.35
pred_Ctot
 2935.78 4013.21 1508.96 179.423 0.0950622
 3183.28 5247.62 1108.55 416.814 49.5876
 2774.34 9387.45 2476.25 523.105 220.086
 908.512 1254.11 625.987 165.125 49.5585
 301.93 447.71 111.823 55.8162 19.1423
 2076.8 7068.11 1968.44 491.649 329.569
 2087.16 3161.87 1870.12 520.821 217.282
 3796.73 9575.55 2605.1 1540.81 608.132
 5126.16 9712.21 4174.8 1135.79 936.909
 4011.1 9532.79 3039.54 1306.55 648.671
 3790.57 17774.2 7285.4 2322.95 1494.27
 2076.63 7459.07 5436.81 2228.47 1167.62
 3455.15 6386.76 3618.69 2637.61 1647.58
 3212.71 9601.49 2501.01 1417.05 1678.05
 2344.97 4630.98 1533.28 399.389 494.261
 1212.2 1833.99 418.378 138.521 80.7352
 719.523 1922.06 457.561 104.381 54.702
 547.342 1140.87 506.427 120.559 41.9153
 522.444 1118.77 404.518 179.563 57.6083
 1026.4 1308.03 492.24 177.982 104.352
 584.611 1162.48 259.401 97.6179 55.9906
 957.969 1913.35 695.623 155.224 91.9185
 1886.41 2833.71 1023.07 371.949 132.147
 2133.72 4482.51 1205.37 435.181 214.426
 757.164 4911 1850.23 497.536 268.136
F
 0.0823324 0.434545 0.434545 0.434545 0.434545
 0.0686602 0.362384 0.362384 0.362384 0.362384
 0.100332 0.529544 0.529544 0.529544 0.529544
 0.0191361 0.100999 0.100999 0.100999 0.100999
 0.00366788 0.0193589 0.0193589 0.0193589 0.0193589
 0.0356225 0.188013 0.188013 0.188013 0.188013
 0.0222201 0.117276 0.117276 0.117276 0.117276
 0.0434954 0.229566 0.229566 0.229566 0.229566
 0.048591 0.25646 0.25646 0.25646 0.25646
 0.0387114 0.204316 0.204316 0.204316 0.204316
 0.0800413 0.422453 0.422453 0.422453 0.422453
 0.0742927 0.392112 0.392112 0.392112 0.392112
 0.117813 0.62181 0.62181 0.62181 0.62181
 0.20609 1.08773 1.08773 1.08773 1.08773
 0.191147 1.00886 1.00886 1.00886 1.00886
 0.075275 0.397297 0.397297 0.397297 0.397297
 0.0536667 0.28325 0.28325 0.28325 0.28325
 0.0363664 0.19194 0.19194 0.19194 0.19194
 0.0310878 0.16408 0.16408 0.16408 0.16408
 0.0325644 0.171873 0.171873 0.171873 0.171873
 0.0148315 0.0782798 0.0782798 0.0782798 0.0782798
 0.0195373 0.103117 0.103117 0.103117 0.103117
 0.023536 0.124221 0.124221 0.124221 0.124221
 0.0227883 0.120275 0.120275 0.120275 0.120275
 0.0212897 0.112366 0.112366 0.112366 0.112366
Np
 49322.8 20246.3 4411.11 5149.72 2292.83
YTP_r0W_actual
 8480.24 108042 61057.6 20448.7 11476.2
YTP_p0W_proyectada
 52853.1 250466 426310 209518 92936.8
 52853.1 208966 66377 101087 51421.1
CTP_r0_actual
 757.164 4911 1850.23 497.536 268.136
CTP_p0_proyectada
 6218.01 11704 13663.8 5147.86 1998.64
 6218.01 9764.74 2127.47 2483.7 1105.83
Wmedp
 8.5 21.4 31.2 40.7 46.5
nmprior
 10.6 11 7 0
nm_flota  nm_reclas  nm_pelaces    nm_pelaL
inf 13.749 20.934 52.1325
cv_recla  cv_pelaces  cv_mph
0.728233 0.590373 1.19079
 ------------------------------------------------
Talla a la edad & desviaci?n 
 7.2 14.2025 17.0495 18.207 18.6776
 1.08 2.13037 2.55742 2.73105 2.80164
