    unsorted:	 1.224330665e-05 4.128248993e-06 0.0008999882037 0.007995962601 129.0398108 73.32447928 66.90338453 97.27911190 14.68127955 31.65149905 218.3084460 224.1268616 336.6064433 471.7497316 505.2319893 749.0252104 719.3835216 654.2059854 811.9302267 855.3239936 932.2188093 1084.263655 1218.905894 1432.484352 1579.225212 1756.448361 1988.750313 2150.072734 2270.594593 2728.499556 2947.527207 3046.712626 3519.455491 4039.657975 4154.427591 4568.065356 4661.352276 5028.553267 8304.670776 12622.88315 196470.5950 424141.4273 440140.9705 452812.8986 399370.0138 377236.4988 341656.1531 510939.5469 274485.7327 531643.4631 581694.7611 631195.9909 722268.6121 827369.7415 883523.5352 1044882.154 1178145.990 1343934.080 1502513.585 1649710.522 1895670.105 2009791.047 2378681.514 2407717.084 2659932.919 32085312.80
      sorted:	 4.128248993e-06 1.224330665e-05 0.0008999882037 0.007995962601 14.68127955 31.65149905 66.90338453 73.32447928 97.27911190 129.0398108 218.3084460 224.1268616 336.6064433 471.7497316 505.2319893 654.2059854 719.3835216 749.0252104 811.9302267 855.3239936 932.2188093 1084.263655 1218.905894 1432.484352 1579.225212 1756.448361 1988.750313 2150.072734 2270.594593 2728.499556 2947.527207 3046.712626 3519.455491 4039.657975 4154.427591 4568.065356 4661.352276 5028.553267 8304.670776 12622.88315 196470.5950 274485.7327 341656.1531 377236.4988 399370.0138 424141.4273 440140.9705 452812.8986 510939.5469 531643.4631 581694.7611 631195.9909 722268.6121 827369.7415 883523.5352 1044882.154 1178145.990 1343934.080 1502513.585 1649710.522 1895670.105 2009791.047 2378681.514 2407717.084 2659932.919 32085312.80
