years
 1997 1998 1999 2000 2001 2002 2003 2004 2005 2006 2007 2008 2009 2010 2011 2012 2013 2014 2015 2016 2017 2018 2019 2020 2021 2022
reclasobs
 0 0 0 370054 412103 1.49427e+06 250295 1.28982e+06 931140 785840 897777 1.04006e+06 184774 17550 25797 100020 73551 82996 120727 218422 84188 347160 605670 569463 516374 1.08416e+06
reclaspred
 377287 104096 320428 238554 357368 427170 947142 634623 711148 646529 509159 341572 209894 98001.8 69790.2 72153.9 91011.1 124192 129833 188711 274671 249703 439431 610946 745037 554679
pelacesobs
 0 0 0 0 0 0 0 0 0 2.06254e+06 1.5e+06 0 1.87456e+06 323000 250000 174000 83755 137374 0 501740 490994 745055 786931 1.00524e+06 1.33801e+06 0
pelacespred
 1.06226e+06 257174 493411 554872 711096 712697 1.79776e+06 1.50075e+06 1.4881e+06 1.36671e+06 970388 671721 410998 160353 112407 124252 163584 225714 243722 343382 554302 493703 684325 1.12156e+06 1.37538e+06 1.14486e+06
mphobs
 0 0 0 0 0 112323 0 153150 637223 0 255016 313432 73983 77613 109348 50772 0 0 0 0 0 0 0 0 0 0
mphpred
 138363 84363.5 104344 129196 139630 221568 335610 397384 342016 347307 325980 229646 141522 74923 36563.2 31958.6 39209.7 54421.7 67255.7 76558.5 116405 138046 172506 254512 383083 373613
desembarqueobs
 350755 77701 442110 56441 14545 235359 269955 359681 431902 328805 639364 411747 362871 311530 167758 66681 60226 58785 57116 73181 50977 67692 138656 160484 209506 263620
desembarquepred
 350761 77701 442107 56442.1 14545.1 235394 269982 359683 431932 328825 639577 411993 363200 311970 167799 66691.9 60244.2 58786.2 57112.3 73179.5 50977.2 67686.6 138655 160485 209496 263603
Reclutas
 50790.1 65504.4 39452.1 65192.5 112218 80791.7 129509 122168 148664 146275 68131.1 40207.6 43013.1 23653.9 18426.3 22910.1 18857.2 20984.1 23368.6 43879.7 54513.1 68657.9 117516 165656 70215.5 43812.3
log_desv_Rt
 -0.0979077 0.156509 -0.350522 0.151736 0.694835 0.366266 0.838143 0.779787 0.976079 0.959882 0.195825 -0.331554 -0.264103 -0.862083 -1.11183 -0.894032 -1.08871 -0.981846 -0.874214 -0.244156 -0.0271684 0.203528 0.740968 1.08431 0.22596 -0.245695
SSB
 677522 413103 510943 632635 683727 1.08495e+06 1.64338e+06 1.94587e+06 1.67475e+06 1.70066e+06 1.59623e+06 1.12451e+06 692989 366876 179039 156492 191998 266487 329331 374884 570000 675972 844710 1.24627e+06 1.87584e+06 1.82947e+06
BT
 2.18895e+06 592175 1.12583e+06 1.05343e+06 1.28443e+06 1.46163e+06 3.40264e+06 3.0958e+06 3.06014e+06 2.76508e+06 2.31749e+06 1.58323e+06 1.09383e+06 588123 344329 277695 342340 451206 485739 674716 1.03402e+06 947685 1.32085e+06 2.13879e+06 2.62445e+06 2.29355e+06
Ftot
 0.445935 0.371449 0.543448 0.103979 0.0198956 0.192852 0.120444 0.235497 0.262606 0.208162 0.428192 0.397184 0.630529 1.10375 1.02869 0.404839 0.288395 0.195465 0.167065 0.175243 0.0796811 0.104693 0.12487 0.114798 0.09583 0.149821
BD_Bspro_t
 0.945543 0.748882 0.709013 0.585806 0.719415 0.841866 0.81305 0.820468 0.772407 0.739754 0.706291 0.557999 0.444419 0.333264 0.216366 0.231746 0.346199 0.510244 0.617803 0.69733 0.792628 0.855395 0.860055 0.868068 0.880192 0.838132
BD_Bspro
 0.587224 0.358046 0.442846 0.548319 0.592602 0.940351 1.42435 1.68653 1.45155 1.474 1.38349 0.974638 0.600629 0.317979 0.155177 0.135635 0.166409 0.23097 0.285439 0.324921 0.494032 0.58588 0.732129 1.08017 1.62583 1.58564
BD_Bo
 0.289733 0.176658 0.218498 0.270537 0.292386 0.463964 0.702769 0.832124 0.716185 0.727264 0.682605 0.480881 0.296347 0.156889 0.0765637 0.0669214 0.0821053 0.113959 0.140834 0.160314 0.243753 0.28907 0.361229 0.532951 0.802177 0.782347
BD_Brms
 1.00927 0.615378 0.761125 0.942403 1.01851 1.61619 2.44806 2.89866 2.49479 2.53339 2.37782 1.67512 1.03231 0.546515 0.266706 0.233117 0.286009 0.396972 0.490587 0.558446 0.849099 1.00696 1.25832 1.85651 2.79434 2.72527
S_f
 0.18583 1 1 1 1
 0.18583 1 1 1 1
 0.18583 1 1 1 1
 0.18583 1 1 1 1
 0.18583 1 1 1 1
 0.18583 1 1 1 1
 0.18583 1 1 1 1
 0.18583 1 1 1 1
 0.18583 1 1 1 1
 0.18583 1 1 1 1
 0.18583 1 1 1 1
 0.18583 1 1 1 1
 0.18583 1 1 1 1
 0.18583 1 1 1 1
 0.18583 1 1 1 1
 0.18583 1 1 1 1
 0.18583 1 1 1 1
 0.18583 1 1 1 1
 0.18583 1 1 1 1
 0.18583 1 1 1 1
 0.18583 1 1 1 1
 0.18583 1 1 1 1
 0.18583 1 1 1 1
 0.18583 1 1 1 1
 0.18583 1 1 1 1
 0.18583 1 1 1 1
Scru_reclas
 1 1 1 1 1
 1 1 1 1 1
 1 1 1 1 1
 1 1 1 1 1
 1 1 1 1 1
 1 1 1 1 1
 1 1 1 1 1
 1 1 1 1 1
 1 1 1 1 1
 1 1 1 1 1
 1 1 1 1 1
 1 1 1 1 1
 1 1 1 1 1
 1 1 1 1 1
 1 1 1 1 1
 1 1 1 1 1
 1 1 1 1 1
 1 1 1 1 1
 1 1 1 1 1
 1 1 1 1 1
 1 1 1 1 1
 1 1 1 1 1
 1 1 1 1 1
 1 1 1 1 1
 1 1 1 1 1
 1 1 1 1 1
Scru_pelaces
 1 1 1 1 1
 1 1 1 1 1
 1 1 1 1 1
 1 1 1 1 1
 1 1 1 1 1
 1 1 1 1 1
 1 1 1 1 1
 1 1 1 1 1
 1 1 1 1 1
 1 1 1 1 1
 1 1 1 1 1
 1 1 1 1 1
 1 1 1 1 1
 1 1 1 1 1
 1 1 1 1 1
 1 1 1 1 1
 1 1 1 1 1
 1 1 1 1 1
 1 1 1 1 1
 1 1 1 1 1
 1 1 1 1 1
 1 1 1 1 1
 1 1 1 1 1
 1 1 1 1 1
 1 1 1 1 1
 1 1 1 1 1
pf_obs 
 0.256992 0.487395 0.22802 0.0275931 0
 0.321318 0.546541 0.124235 0.00734118 0.000564706
 0.182869 0.594174 0.210203 0.0122559 0.00049798
 0.330522 0.361315 0.267642 0.0388342 0.00168674
 0.649043 0.306663 0.0425973 0.00169635 0
 0.582887 0.30429 0.105238 0.00758474 0
 0.465427 0.430635 0.0974691 0.00646863 0
 0.296916 0.608066 0.0921331 0.00288517 0
 0.311714 0.524322 0.152257 0.0117073 0
 0.15457 0.633149 0.183074 0.0267441 0.00246327
 0.131901 0.49318 0.331252 0.0422183 0.00144891
 0.196976 0.569456 0.194076 0.0375587 0.00193317
 0.518974 0.381816 0.0799577 0.0180837 0.00116848
 0.0928022 0.601141 0.25162 0.0475244 0.00691264
 0.122501 0.610282 0.24278 0.0234846 0.000952079
 0.383417 0.481906 0.127806 0.00687128 0
 0.0376549 0.599619 0.316969 0.0457579 0
 0.0361596 0.667082 0.258105 0.0386534 0
 0.158088 0.579412 0.248529 0.0139706 0
 0.0477256 0.309471 0.559284 0.082774 0.000745712
 0.0406174 0.521527 0.379366 0.0568643 0.0016247
 0.151134 0.462217 0.34131 0.0453401 0
 0.294876 0.26143 0.354403 0.0886775 0.000613685
 0.281977 0.475581 0.204845 0.0348837 0.00271318
 0.0841818 0.532909 0.334909 0.0458182 0.00218182
 0 0 0 0 0
pf_pred 
 0.338321 0.46578 0.175075 0.0208116 1.13183e-05
 0.315305 0.528916 0.109658 0.0412179 0.00490234
 0.178185 0.613723 0.160748 0.0333273 0.0140168
 0.299287 0.421607 0.208433 0.0545933 0.0160791
 0.318567 0.481635 0.120215 0.0594318 0.0201512
 0.171939 0.594052 0.165397 0.0412827 0.0273293
 0.262978 0.405244 0.238018 0.0662693 0.0274907
 0.208013 0.530537 0.143755 0.0844341 0.0332602
 0.2419 0.463845 0.197116 0.0534108 0.0437281
 0.215374 0.51773 0.163301 0.0693963 0.0341986
 0.115012 0.548021 0.222345 0.0701314 0.04449
 0.112239 0.409325 0.296268 0.120203 0.0619659
 0.193504 0.363331 0.204332 0.147895 0.0909375
 0.172869 0.5259 0.135706 0.0763193 0.0892052
 0.24742 0.496986 0.162509 0.0419349 0.0511491
 0.325746 0.503064 0.113049 0.0369659 0.0211738
 0.217904 0.593392 0.140793 0.0316392 0.0162716
 0.229164 0.486886 0.215439 0.0511168 0.0173947
 0.225883 0.492717 0.177742 0.0786479 0.0250107
 0.32663 0.42359 0.158982 0.057351 0.0334469
 0.267464 0.54127 0.120318 0.0451578 0.0257905
 0.249845 0.503208 0.182468 0.0405605 0.0239175
 0.308287 0.451565 0.161092 0.0584137 0.0206414
 0.287501 0.51122 0.131399 0.0468756 0.0230039
 0.104491 0.623219 0.195369 0.0502158 0.0267053
 0.090327 0.360377 0.382276 0.119837 0.0471826
pobs_RECLAS
 0 0 0 0 0
 0 0 0 0 0
 0 0 0 0 0
 0 0 0 0 0
 0.835266 0.146461 0.0176864 0.000547809 3.91292e-05
 0.385257 0.428462 0.181853 0.0044286 0
 0.867414 0.0963971 0.0333333 0.00285562 0
 0.441836 0.489002 0.0689373 0.000224442 0
 0.779404 0.147425 0.0564933 0.0165055 0.000172143
 0.814271 0.122319 0.05973 0.00367925 0
 0.40263 0.566651 0.0304383 0.000280538 0
 0.475488 0.404961 0.113038 0.00651328 0
 0.955842 0.0263864 0.0167828 0.000988607 0
 0.975058 0.0227948 0.00214734 0 0
 0.738997 0.206755 0.0527124 0.00153531 0
 0.850938 0.134255 0.0134407 0.00136685 0
 0.542534 0.407297 0.0501686 0 0
 0.764087 0.199537 0.0359546 0.000420521 0
 0.470689 0.182191 0.310203 0.0369168 0
 0.84361 0.089868 0.0606195 0.00523954 0.000663233
 0.607945 0.314616 0.071237 0.00620181 0
 0.523733 0.453247 0.0230204 0 0
 0.530135 0.295979 0.169645 0.0042399 0
 0.562478 0.366248 0.0663022 0.0049721 0
 0.250443 0.683176 0.0655157 0.000865301 0
 0.195077 0.31981 0.436473 0.0351445 0.0134964
ppred_RECLAS
 0.739016 0.183717 0.0690544 0.00820868 4.46426e-06
 0.717147 0.2185 0.0453008 0.0170274 0.0020252
 0.547668 0.337797 0.0884765 0.0183435 0.00771494
 0.697949 0.181739 0.0898478 0.0235331 0.00693108
 0.715757 0.200902 0.0501449 0.0247905 0.00840559
 0.530341 0.336934 0.0938095 0.0234147 0.0155006
 0.65895 0.187523 0.110141 0.0306655 0.0127211
 0.588856 0.275418 0.0746277 0.0438323 0.0172664
 0.635455 0.223047 0.0947862 0.0256835 0.0210274
 0.59907 0.264551 0.0834439 0.0354603 0.0174749
 0.418162 0.360298 0.146182 0.0461081 0.0292501
 0.410884 0.271627 0.196602 0.0797663 0.0411204
 0.574578 0.191655 0.107784 0.0780136 0.047969
 0.553706 0.283759 0.0732229 0.0411795 0.0481323
 0.659077 0.225138 0.0736176 0.0189967 0.0231708
 0.727281 0.203477 0.0457257 0.0149518 0.00856426
 0.603921 0.300513 0.0713022 0.0160231 0.00824048
 0.617886 0.241356 0.106796 0.0253393 0.00862278
 0.613056 0.246285 0.0888447 0.0393123 0.0125017
 0.724903 0.173053 0.0649502 0.0234301 0.0136643
 0.663604 0.248563 0.0552525 0.0207374 0.0118436
 0.643101 0.23941 0.0868126 0.0192974 0.0113792
 0.707087 0.19122 0.0682163 0.0247359 0.00874082
 0.685959 0.225325 0.0579154 0.0206609 0.0101392
 0.386868 0.426702 0.133764 0.0343815 0.0182845
 0.350057 0.257483 0.273128 0.0856214 0.033711
pobs_PELACES
 0 0 0 0 0
 0 0 0 0 0
 0 0 0 0 0
 0 0 0 0 0
 0 0 0 0 0
 0 0 0 0 0
 0 0 0 0 0
 0 0 0 0 0
 0 0 0 0 0
 0 0 0 0 0
 0.450072 0.473896 0.0757376 0.000293798 0
 0 0 0 0 0
 0.463077 0.371075 0.160297 0.00555027 0
 0.529543 0.364841 0.0842815 0.0213345 0
 0.631943 0.363953 0.00410389 0 0
 0.735681 0.248677 0.0153453 0.000297389 0
 0.695825 0.281241 0.0229344 0 0
 0.275771 0.60734 0.115278 0.00161068 0
 0 0 0 0 0
 0.896147 0.0623911 0.0374545 0.00400742 0
 0.803859 0.145111 0.0509908 3.86294e-05 0
 0.739449 0.233085 0.0266225 0.000797448 4.60066e-05
 0.878498 0.100942 0.0204185 0.000141795 0
 0.694673 0.275183 0.0284847 0.00165964 0
 0.469039 0.446079 0.0841089 0.000773354 0
 0 0 0 0 0
ppred_PELACES
 0.761455 0.167921 0.0631173 0.00750291 4.08043e-06
 0.736945 0.203206 0.04213 0.0158356 0.00188344
 0.583526 0.311019 0.0814627 0.0168894 0.00710335
 0.703806 0.178215 0.0881056 0.0230768 0.00679669
 0.716843 0.200135 0.0499532 0.0246958 0.00837347
 0.543224 0.327692 0.0912363 0.0227724 0.0150754
 0.666184 0.183545 0.107804 0.030015 0.0124512
 0.604084 0.265217 0.0718637 0.0422088 0.0166269
 0.651639 0.213146 0.0905784 0.0245433 0.0200939
 0.612425 0.255739 0.0806643 0.0342791 0.0168928
 0.446387 0.34282 0.13909 0.0438714 0.0278312
 0.436938 0.259614 0.187908 0.0762386 0.0393019
 0.615375 0.173276 0.0974479 0.0705323 0.0433689
 0.625324 0.238224 0.0614727 0.0345714 0.0404085
 0.718204 0.186092 0.06085 0.0157021 0.0191523
 0.748315 0.187784 0.0421991 0.0137987 0.00790375
 0.622298 0.28657 0.067994 0.0152797 0.00785814
 0.630206 0.233574 0.103353 0.0245223 0.00834476
 0.623648 0.239544 0.0864126 0.0382362 0.0121594
 0.734192 0.167209 0.062757 0.0226389 0.0132029
 0.668366 0.245044 0.0544703 0.0204438 0.0116759
 0.64953 0.235097 0.0852486 0.0189497 0.0111742
 0.713987 0.186716 0.0666094 0.0241532 0.00853492
 0.692565 0.220585 0.0566972 0.0202263 0.00992592
 0.392993 0.422439 0.132428 0.034038 0.0181018
 0.359269 0.253833 0.269257 0.0844078 0.0332332
pobs_pel_tallas
 0 0 0 0 0 0 0 0 0 0 0 0 0 0 0 0 0 0 0 0 0 0 0 0 0 0 0 0 0 0 0 0 0 0 0 0
 0 0 0 0 0 0 0 0 0 0 0 0 0 0 0 0 0 0 0 0 0 0 0 0 0 0 0 0 0 0 0 0 0 0 0 0
 0 0 0 0 0 0 0 0 0 0 0 0 0 0 0 0 0 0 0 0 0 0 0 0 0 0 0 0 0 0 0 0 0 0 0 0
 0 0 0 0 0 0 0 0 0 0 0 0 0 0 0 0 0 0 0 0 0 0 0 0 0 0 0 0 0 0 0 0 0 0 0 0
 0 0 0 0 0 0 0 0 0 0 0 0 0 0 0 0 0 0 0 0 0 0 0 0 0 0 0 0 0 0 0 0 0 0 0 0
 0 0 0 0 0 0 0 0 0 0 0 0 0 0 0 0 0 0 0 0 0 0 0 0 0 0 0 0 0 0 0 0 0 0 0 0
 0 0 0 0 0 0 0 0 0 0 0 0 0 0 0 0 0 0 0 0 0 0 0 0 0 0 0 0 0 0 0 0 0 0 0 0
 0 0 0 0 0 0 0 0 0 0 0 0 0 0 0 0 0 0 0 0 0 0 0 0 0 0 0 0 0 0 0 0 0 0 0 0
 0 0 0 0 0 0 0 0 0 0 0 0 0 0 0 0 0 0 0 0 0 0 0 0 0 0 0 0 0 0 0 0 0 0 0 0
 0 0 0 0 0 0 0 0 0 0 0 0 0 0 0 0 0 0 0 0 0 0 0 0 0 0 0 0 0 0 0 0 0 0 0 0
 0 0 0 0 0 0 0 0 1.78061e-05 0.00172719 0.00360574 0.0105946 0.0120993 0.0124554 0.0147524 0.0171206 0.0266825 0.0428682 0.0675386 0.121331 0.153587 0.119568 0.100827 0.0573624 0.0630603 0.0341343 0.0324427 0.0444173 0.0211091 0.0280891 0.0125444 0.00206551 0 0 0 0
 0 0 0 0 0 0 0 0 0 0 0 0 0 0 0 0 0 0 0 0 0 0 0 0 0 0 0 0 0 0 0 0 0 0 0 0
 0 0 0 0 0 0 0.0133647 0.0140871 0.0187388 0.0205184 0.03894 0.0496705 0.03968 0.0493445 0.0407372 0.0367815 0.0215668 0.0243155 0.0234873 0.0199281 0.019796 0.0243948 0.0301388 0.0376714 0.0412746 0.0863199 0.0771752 0.113111 0.0741005 0.0525337 0.0229764 0.00759418 0.00175318 0 0 0
 0 0 0 0 0 0 0 0 0 0 0.00219441 0.00772107 0.0458388 0.0604681 0.0671733 0.0775358 0.0609151 0.0617685 0.073594 0.0568108 0.0755445 0.0548602 0.0670107 0.0636378 0.0643287 0.046367 0.0373049 0.0286899 0.0247887 0.0153202 0.00654259 0.00121912 0.000365735 0 0 0
 0 0 0 0 0 0 0 0 0 0 0 0 0.000112435 0.00938835 0.0111873 0.0202946 0.0414886 0.0713402 0.111592 0.104902 0.108894 0.110636 0.117776 0.105296 0.107544 0.0401394 0.0192827 0.0124803 0.00416011 0.0028671 0.000618394 0 0 0 0 0
 0 0 0 0 0 0 0 0 0 0 0.00291406 0.0102884 0.027416 0.0768956 0.0749926 0.110853 0.0956884 0.0897413 0.0766577 0.0534642 0.0500743 0.0551293 0.0594112 0.0620874 0.0668451 0.0424026 0.0208742 0.0120726 0.0048766 0.00582813 0.00118941 0.000297354 0 0 0 0
 0 0.00264628 0.0354308 0.0461629 0.0458689 0.0383711 0.0214643 0.0164657 0.0346957 0.0420465 0.0363128 0.0245516 0.0311673 0.0291091 0.0169068 0.0133784 0.00837989 0.0085269 0.0148486 0.0160247 0.0276389 0.0546898 0.0760071 0.122758 0.109233 0.0665981 0.0333725 0.0166128 0.00676272 0.00308733 0.000882094 0 0 0 0 0
 0 0 0 0 0 0 0 0.000805153 0.000690131 0.00759144 0.0133425 0.0154129 0.00931677 0.000345066 0.00356568 0.00563607 0.00851162 0.0253048 0.0502646 0.0516448 0.0657925 0.0565908 0.0611916 0.0827007 0.0866115 0.110766 0.145733 0.0935128 0.0569358 0.0249597 0.0138026 0.00621118 0.00161031 0.00115022 0 0
 0 0 0 0 0 0 0 0 0 0 0 0 0 0 0 0 0 0 0 0 0 0 0 0 0 0 0 0 0 0 0 0 0 0 0 0
 0.00147267 0.00158595 0.00478618 0.00569244 0.00954404 0.0108468 0.00647125 0.017049 0.0510054 0.094081 0.124002 0.0959785 0.0687766 0.0820023 0.061753 0.0591476 0.0492212 0.0479892 0.0443925 0.0268479 0.0217502 0.0140895 0.0121071 0.0120363 0.00920419 0.00665534 0.0049561 0.00860946 0.00930331 0.0156896 0.0114698 0.00855282 0.00243557 0.00046729 0 2.83206e-05
 0 0 0 0 0.000772559 0.00158375 0.000888443 0.00281984 0.00712685 0.0440552 0.0773331 0.111326 0.0921469 0.0852325 0.0710754 0.0886704 0.0786465 0.0553345 0.0373146 0.0185414 0.00753245 0.00457741 0.012979 0.0271748 0.0457355 0.0583668 0.034881 0.0177882 0.00938659 0.00492506 0.0015258 0.00185414 0.000309023 5.79419e-05 3.86279e-05 0
 0 0.00173294 0.00326652 0 0.00397197 0.00683976 0.00946217 0.0152591 0.00757587 0.0136028 0.0228656 0.0392903 0.0559909 0.0764795 0.0681675 0.0726916 0.0566044 0.0477403 0.0527397 0.0444891 0.0609904 0.0582453 0.0661739 0.0445044 0.0529084 0.0360697 0.0280645 0.0235558 0.0158879 0.00826598 0.00280645 0.00217768 0.000904811 0.00058276 9.20147e-05 0
 0 0 0 0 0 0 0 0 0 0 0 0 0 0 0 0 0 0 0 0 0 0 0 0 0 0 0 0 0 0 0 0 0 0 0 0
 0 0 0 0 0 0 0 0 0 0 0 0 0 0 0 0 0 0 0 0 0 0 0 0 0 0 0 0 0 0 0 0 0 0 0 0
 0 0 0 0 0 0 0 0 0 0 0 0 0 0 0 0 0 0 0 0 0 0 0 0 0 0 0 0 0 0 0 0 0 0 0 0
 0 0 0 0 0 0 0 0 0 0 0 0 0 0 0 0 0 0 0 0 0 0 0 0 0 0 0 0 0 0 0 0 0 0 0 0
ppred_pel_tallas
 1.01209e-16 3.32226e-05 0.000194991 0.000926904 0.00356864 0.0111285 0.0281096 0.057516 0.0953389 0.128037 0.139328 0.122894 0.0879631 0.0513194 0.0248758 0.0109069 0.00578501 0.00523925 0.00665102 0.00886578 0.0114024 0.0139603 0.0162581 0.0180319 0.0190813 0.0193112 0.0187492 0.0175294 0.0158531 0.0139372 0.0119712 0.0100912 0.00837503 0.00685349 0.00552773 0.00438578
 1.01297e-16 3.21552e-05 0.000188722 0.000897092 0.00345384 0.0107705 0.0272054 0.0556661 0.0922737 0.123924 0.134862 0.118976 0.0852068 0.0498076 0.0243223 0.0109687 0.00625096 0.00604461 0.00781205 0.010415 0.0133471 0.0162605 0.0188189 0.0207096 0.0217034 0.0217047 0.0207711 0.0190908 0.0169306 0.0145701 0.0122452 0.0101161 0.00826162 0.0066953 0.00539095 0.00430702
 1.0217e-16 2.54699e-05 0.000149463 0.000710427 0.0027351 0.00852907 0.021544 0.0440832 0.0730782 0.0981584 0.106859 0.09436 0.0677699 0.0400031 0.0202597 0.0103661 0.00762498 0.00882228 0.0119586 0.0160787 0.0206522 0.0252056 0.0292344 0.0322594 0.0339234 0.034071 0.0327786 0.0303217 0.0270969 0.023523 0.019957 0.0166447 0.0137131 0.0111931 0.0090569 0.00725353
 1.0242e-16 3.07093e-05 0.000180235 0.000856748 0.00329851 0.0102861 0.0259819 0.0531626 0.0881235 0.118349 0.128793 0.113617 0.0813578 0.0475361 0.0231745 0.0103898 0.00584463 0.00560623 0.00726397 0.00975192 0.0126151 0.0155536 0.0182755 0.0205006 0.0220086 0.0226825 0.0225274 0.0216558 0.0202476 0.0185017 0.0165932 0.0146505 0.0127526 0.0109409 0.00923642 0.00765389
 1.02015e-16 3.12785e-05 0.000183575 0.000872624 0.00335964 0.0104767 0.0264633 0.0541478 0.0897571 0.120545 0.131185 0.115735 0.0828913 0.0484656 0.023689 0.0107216 0.00616646 0.00601592 0.00780585 0.010433 0.0134079 0.0163935 0.019062 0.0211066 0.0222983 0.0225359 0.0218644 0.0204539 0.0185493 0.0164079 0.0142464 0.0122112 0.0103747 0.00875181 0.00732489 0.00606616
 1.02889e-16 2.37132e-05 0.000139148 0.000661387 0.00254627 0.00794022 0.0200566 0.0410401 0.0680348 0.0913878 0.0994979 0.0878829 0.0631683 0.0373881 0.0191228 0.0100918 0.00780317 0.00928018 0.0126666 0.0170626 0.021945 0.0268259 0.0311779 0.0344971 0.0364057 0.0367355 0.0355588 0.0331552 0.0299297 0.0263102 0.0226608 0.019231 0.0161496 0.0134488 0.0111041 0.00907037
 1.03204e-16 2.9069e-05 0.000170605 0.000810964 0.00312223 0.00973637 0.0245933 0.0503215 0.0834146 0.112027 0.121917 0.107562 0.0770451 0.0450631 0.0220573 0.0100408 0.0058658 0.00581985 0.00762862 0.010285 0.0133527 0.0165343 0.0195331 0.0220596 0.0238806 0.0248639 0.0249977 0.0243765 0.0231636 0.0215426 0.0196778 0.0176926 0.015668 0.0136543 0.0116882 0.00980411
 1.03334e-16 2.63644e-05 0.000154719 0.000735424 0.00283136 0.00882926 0.0223022 0.0456342 0.0756477 0.101605 0.110597 0.0976296 0.0700494 0.0412104 0.0206162 0.0101337 0.00694762 0.0077165 0.0103738 0.0139593 0.0179822 0.0220364 0.0256971 0.0285597 0.0303191 0.0308357 0.0301597 0.0285037 0.0261774 0.023506 0.0207625 0.0181302 0.0156993 0.0134899 0.0114844 0.0096567
 1.03138e-16 2.84359e-05 0.000166885 0.000793275 0.00305412 0.00952394 0.0240568 0.0492239 0.0815962 0.109588 0.11927 0.105244 0.0754241 0.0441935 0.0217774 0.0101582 0.00626879 0.00648457 0.00857731 0.0115436 0.014922 0.0183734 0.0215537 0.0241324 0.0258523 0.0265826 0.0263396 0.0252675 0.0235895 0.0215472 0.0193487 0.017141 0.0150076 0.012984 0.0110811 0.00930414
 1.03196e-16 2.67277e-05 0.000156853 0.000745571 0.00287043 0.00895111 0.0226099 0.0462639 0.0766911 0.103005 0.112119 0.0989652 0.0709922 0.0417338 0.0208201 0.0101386 0.00682994 0.00750336 0.0100644 0.0135457 0.0174622 0.0214197 0.0250074 0.0278325 0.0295969 0.03016 0.0295636 0.0280058 0.0257794 0.0231949 0.0205154 0.0179205 0.0155036 0.0132916 0.0112758 0.00943827
 1.04895e-16 1.94913e-05 0.000114361 0.00054354 0.00209253 0.00652523 0.0164825 0.0337273 0.0559144 0.0751146 0.0818004 0.0722986 0.0520697 0.0310269 0.0162545 0.00920578 0.00787653 0.0098577 0.0136433 0.0184839 0.0239028 0.0294164 0.0344827 0.0385723 0.0412742 0.0423812 0.0419242 0.0401404 0.037394 0.0340778 0.0305294 0.026986 0.0235805 0.0203671 0.0173592 0.0145605
 1.07209e-16 1.9076e-05 0.00011193 0.000531999 0.00204812 0.00638677 0.0161326 0.033011 0.0547248 0.0735104 0.0800377 0.0707032 0.0508395 0.0301318 0.0154914 0.00831616 0.00662346 0.00804917 0.0111389 0.0152143 0.019902 0.0248518 0.0296658 0.0339375 0.0373251 0.0396126 0.0407373 0.0407733 0.0398832 0.0382594 0.036076 0.0334672 0.0305311 0.0273487 0.0240052 0.0206015
 1.0589e-16 2.6853e-05 0.000157596 0.00074912 0.00288412 0.00899384 0.0227177 0.0464839 0.0770535 0.103485 0.112622 0.0993661 0.0711844 0.0416556 0.0204283 0.00936769 0.00557321 0.0056246 0.00743147 0.010075 0.0131638 0.0164339 0.0196198 0.0224587 0.0247339 0.0263137 0.0271671 0.02735 0.0269707 0.0261482 0.0249808 0.0235329 0.0218416 0.0199335 0.0178438 0.0156276
 1.04027e-16 2.72894e-05 0.000160152 0.00076126 0.00293084 0.00913951 0.0230858 0.0472374 0.0783041 0.105169 0.114469 0.101026 0.0724406 0.0425251 0.0211032 0.010091 0.00655792 0.00703388 0.00937894 0.0126146 0.0162671 0.0199671 0.0233363 0.0260151 0.0277327 0.0283645 0.0279537 0.0266851 0.0248266 0.0226565 0.0204035 0.0182147 0.0161558 0.0142331 0.0124247 0.010708
 1.02359e-16 3.13373e-05 0.000183922 0.000874274 0.00336599 0.0104965 0.0265134 0.0542501 0.0899263 0.120771 0.131428 0.115942 0.0830235 0.0485107 0.0236513 0.0106044 0.00596227 0.00570745 0.00737392 0.00986553 0.0127082 0.0155863 0.0181956 0.0202492 0.02153 0.0219356 0.0214965 0.0203574 0.0187322 0.0168477 0.0148961 0.0130091 0.0112549 0.00965291 0.00819618 0.00687061
 1.01504e-16 3.26503e-05 0.00019163 0.000910921 0.00350709 0.0109365 0.0276248 0.0565242 0.0936956 0.125832 0.136934 0.120793 0.0864857 0.0505096 0.0245801 0.0109414 0.00603593 0.00567086 0.00726997 0.0096862 0.0124236 0.0151554 0.0175705 0.0193805 0.0203725 0.0204562 0.0196809 0.0182157 0.0163012 0.0141896 0.0120934 0.0101563 0.00844863 0.00698275 0.00573631 0.00467467
 1.01951e-16 2.71595e-05 0.000159385 0.000757602 0.00291674 0.00909553 0.0229747 0.0470105 0.0779295 0.10467 0.113937 0.100583 0.0721811 0.0424894 0.0213013 0.0105431 0.00731622 0.00817681 0.0109886 0.0147482 0.0189278 0.0230816 0.026743 0.0294714 0.0309407 0.0310118 0.0297606 0.0274468 0.0244413 0.0211341 0.0178562 0.0148335 0.01218 0.00991904 0.00801903 0.00642671
 1.02776e-16 2.75023e-05 0.000161402 0.000767202 0.00295372 0.00921085 0.023266 0.047606 0.0789152 0.10599 0.115361 0.101811 0.072999 0.042844 0.0212456 0.010134 0.00655601 0.00701576 0.00936008 0.0126083 0.0162897 0.0200384 0.0234761 0.0262374 0.0280381 0.0287336 0.0283425 0.0270262 0.0250359 0.0226453 0.0200938 0.0175543 0.0151293 0.0128661 0.0107812 0.00888016
 1.03187e-16 2.72165e-05 0.000159724 0.000759223 0.002923 0.00911504 0.023024 0.0471109 0.0780947 0.104888 0.114164 0.100759 0.0722539 0.0424253 0.0210722 0.0101078 0.00661243 0.00712798 0.00952269 0.0128218 0.0165518 0.0203403 0.0238024 0.0265685 0.0283548 0.029022 0.0285993 0.0272605 0.0252684 0.0229042 0.0204078 0.017946 0.0156095 0.0134311 0.0114133 0.00955127
 1.02341e-16 3.20337e-05 0.000188012 0.000893723 0.00344088 0.0107301 0.0271033 0.055457 0.0919261 0.123454 0.134343 0.118501 0.0848277 0.0495084 0.0240325 0.0105972 0.00570946 0.00525638 0.00671764 0.00898334 0.011591 0.0142499 0.0166859 0.0186402 0.0199141 0.0204093 0.0201445 0.0192395 0.0178757 0.0162472 0.0145202 0.01281 0.0111795 0.00965178 0.00822939 0.00691015
 1.02102e-16 2.91665e-05 0.000171172 0.000813648 0.00313255 0.00976852 0.0246746 0.0504883 0.0836927 0.112405 0.122341 0.107966 0.0774002 0.0454021 0.022466 0.0106319 0.00675845 0.00712664 0.00944003 0.0126458 0.0162341 0.0198114 0.0229785 0.0253606 0.0266802 0.0268191 0.0258411 0.0239655 0.021504 0.0187832 0.0160777 0.0135722 0.0113566 0.00944569 0.00781009 0.0064055
 1.02461e-16 2.83449e-05 0.000166349 0.00079072 0.00304427 0.00949324 0.0239793 0.0490655 0.0813342 0.109238 0.118894 0.104925 0.0752208 0.0441265 0.0218409 0.0103486 0.00659988 0.00698582 0.0092818 0.0124737 0.0160759 0.0197152 0.0230092 0.025593 0.027188 0.0276608 0.0270467 0.0255269 0.0233729 0.0208756 0.018286 0.0157803 0.0134562 0.011349 0.00945808 0.00777014
 1.02236e-16 3.11535e-05 0.000182842 0.000869142 0.00334623 0.0104349 0.0263578 0.0539317 0.0893985 0.120062 0.130657 0.115264 0.0825408 0.0482349 0.0235287 0.0105699 0.00597244 0.00574403 0.00743439 0.00995438 0.0128322 0.0157522 0.0184088 0.0205125 0.0218423 0.0222913 0.021885 0.0207633 0.0191363 0.0172289 0.0152337 0.0132852 0.0114567 0.00977455 0.00823913 0.00684311
 1.02036e-16 3.02208e-05 0.000177363 0.000843088 0.0032459 0.010122 0.0255675 0.052315 0.0867198 0.116468 0.126755 0.111843 0.0801382 0.0469256 0.0230663 0.0106598 0.00643678 0.00653404 0.00857213 0.0114746 0.0147441 0.0180185 0.020937 0.0231609 0.0244374 0.0246552 0.023865 0.0222566 0.0201031 0.0176921 0.0152668 0.0129924 0.0109521 0.00916381 0.00760814 0.00625277
 1.04033e-16 1.71664e-05 0.000100703 0.000478596 0.00184245 0.00574535 0.0145127 0.0296976 0.0492373 0.0661556 0.0720726 0.0637688 0.0460748 0.0277518 0.0150819 0.00939751 0.00898492 0.0117575 0.0163882 0.0221635 0.0285493 0.0349518 0.0406983 0.0451379 0.0477779 0.0483916 0.047059 0.0441255 0.0400976 0.035514 0.0308354 0.026381 0.0223205 0.0187049 0.0155159 0.0127106
 1.08359e-16 1.56893e-05 9.20465e-05 0.000437473 0.00168417 0.00525181 0.0132658 0.0271452 0.0450024 0.0604556 0.0658369 0.0581901 0.041911 0.0249801 0.0131039 0.00746252 0.00646121 0.00819154 0.0114864 0.0158021 0.0208241 0.0262318 0.0316405 0.0366402 0.0408635 0.0440457 0.0460552 0.0468847 0.0466157 0.045373 0.0432892 0.0404896 0.0370976 0.0332481 0.0290983 0.0248271
pSPR Fmed_Fpbrs
0.433041   0.337072 0.337072
Fs Fmed_Fpbrs
0.67   1.005 1.005
SSBpbr Bo_Bmed_Bpbrs
2.33844e+06  895717  671300 671300
Ro
56014.4
SPR SPRFo_SPRFmed_SPRFpbrs
1.15377e+06 499631 388904
log_Ro
10.7534
likeval ReclasPelacesDesembMPH_pf_preclas_ppelaces_ptallas_desvR_qrecl_qpela
 67.9543 27.553 0.0175932 0.000187561 316.339 213.407 77.5655 0 16.4302 7.66984e-05 0 0 0 0 0
q_reclas_q_pelaces
0.289092 1
M
0.7
N
 50790.1 15139.5 5690.57 676.453 0.367886
 65504.4 23215.8 4813.26 1809.18 215.179
 39452.1 30359 7951.68 1648.6 693.368
 65192.5 17709.4 8755.16 2293.17 675.395
 112218 31754.1 7925.77 3918.33 1328.57
 80791.7 55520.2 15458 3858.29 2554.2
 129509 38707.6 22734.8 6329.84 2625.83
 122168 62888.9 17040.5 10008.7 3942.61
 148664 58069.1 24677 6686.54 5474.35
 146275 70308.1 22176.4 9424.06 4644.2
 68131.1 69882 28352.8 8942.95 5673.24
 40207.6 31245.1 22615.1 9175.48 4730.06
 43013.1 18545.9 10429.9 7549.13 4641.8
 23653.9 18998 4902.36 2757.02 3222.52
 18426.3 9567.93 3128.61 807.326 984.716
 22910.1 7558.1 1698.47 555.381 318.117
 18857.2 10552.3 2503.73 562.642 289.359
 20984.1 8875.57 3927.29 931.822 317.092
 23368.6 10048.7 3624.94 1603.98 510.078
 43879.7 11249.8 4222.28 1523.14 888.29
 54513.1 21091.9 4688.47 1759.68 1004.99
 68657.9 26672.5 9671.72 2149.91 1267.74
 117516 33437.6 11928.6 4325.43 1528.46
 165656 57018.3 14655.4 5228.22 2565.71
 70215.5 80526.1 25243.6 6488.39 3450.6
 43812.3 34252.6 36333.9 11390.1 4484.53
pred_Ctot
 2918.79 4018.42 1510.42 179.548 0.0976464
 3154.6 5291.75 1097.12 412.381 49.0474
 2741.32 9441.92 2473.05 512.729 215.644
 898.219 1265.32 625.548 163.845 48.2564
 297.889 450.372 112.412 55.574 18.8432
 2049.63 7081.51 1971.64 492.118 325.784
 2064.14 3180.8 1868.23 520.154 215.777
 3771.53 9619.27 2606.46 1530.89 603.048
 5106.52 9791.79 4161.12 1127.5 923.102
 4000.5 9616.67 3033.26 1289.01 635.229
 3764.96 17939.6 7278.52 2295.77 1456.39
 2066.17 7535.16 5453.91 2212.78 1140.72
 3443.44 6465.56 3636.14 2631.82 1618.25
 3192.05 9710.78 2505.83 1409.24 1647.18
 2331.33 4682.88 1531.25 395.133 481.954
 1199.24 1852.04 416.193 136.091 77.9516
 709.854 1933.06 458.653 103.069 53.007
 539.449 1146.12 507.141 120.328 40.9469
 514.658 1122.62 404.973 179.194 56.9852
 1013.01 1313.72 493.067 177.868 103.732
 576.714 1167.1 259.433 97.3707 55.6104
 952.411 1918.23 695.569 154.617 91.1734
 1941.13 2843.27 1014.32 367.801 129.968
 2517.66 4476.78 1150.67 410.492 201.446
 892.205 5321.41 1668.18 428.772 228.026
 866.521 3457.16 3667.23 1149.62 452.63
F
 0.0828681 0.445935 0.445935 0.445935 0.445935
 0.0690264 0.371449 0.371449 0.371449 0.371449
 0.100989 0.543448 0.543448 0.543448 0.543448
 0.0193224 0.103979 0.103979 0.103979 0.103979
 0.0036972 0.0198956 0.0198956 0.0198956 0.0198956
 0.0358377 0.192852 0.192852 0.192852 0.192852
 0.022382 0.120444 0.120444 0.120444 0.120444
 0.0437625 0.235497 0.235497 0.235497 0.235497
 0.0488001 0.262606 0.262606 0.262606 0.262606
 0.0386827 0.208162 0.208162 0.208162 0.208162
 0.0795709 0.428192 0.428192 0.428192 0.428192
 0.0738087 0.397184 0.397184 0.397184 0.397184
 0.117171 0.630529 0.630529 0.630529 0.630529
 0.205109 1.10375 1.10375 1.10375 1.10375
 0.191162 1.02869 1.02869 1.02869 1.02869
 0.0752312 0.404839 0.404839 0.404839 0.404839
 0.0535925 0.288395 0.288395 0.288395 0.288395
 0.0363232 0.195465 0.195465 0.195465 0.195465
 0.0310457 0.167065 0.167065 0.167065 0.167065
 0.0325655 0.175243 0.175243 0.175243 0.175243
 0.0148071 0.0796811 0.0796811 0.0796811 0.0796811
 0.0194552 0.104693 0.104693 0.104693 0.104693
 0.0232046 0.12487 0.12487 0.12487 0.12487
 0.0213329 0.114798 0.114798 0.114798 0.114798
 0.0178081 0.09583 0.09583 0.09583 0.09583
 0.0278412 0.149821 0.149821 0.149821 0.149821
Np
 40941.7 16867.5 3846.15 2661.63 3336.58
YTP_r0W_actual
 46118.7 353527 546742 223582 100574
YTP_p0W_proyectada
 43097 218388 220339 304895 155883
 43097 174093 57875.8 52246.7 74829
CTP_r0_actual
 5425.73 16520 17523.8 5493.43 2162.88
CTP_p0_proyectada
 5070.23 10205 7062.14 7491.27 3352.31
 5070.23 8135.18 1854.99 1283.7 1609.23
Wmedp
 8.5 21.4 31.2 40.7 46.5
nmprior
 10.6 11 7 0
nm_flota  nm_reclas  nm_pelaces    nm_pelaL
inf 13.2187 22.4117 56.9661
cv_recla  cv_pelaces  cv_mph
0.729257 0.595192 0.444333
 ------------------------------------------------
Talla a la edad & desviaci?n 
 7.2 14.2025 17.0495 18.207 18.6776
 1.08 2.13037 2.55742 2.73105 2.80164
