years
 1997 1998 1999 2000 2001 2002 2003 2004 2005 2006 2007 2008 2009 2010 2011 2012 2013 2014 2015 2016 2017 2018 2019 2020 2021 2022
reclasobs
 0 0 0 370054 412103 1.49427e+06 250295 1.28982e+06 931140 785840 897777 1.04006e+06 184774 17550 25797 100020 73551 82996 120727 218422 84188 347160 605670 569463 516374 1.08416e+06
reclaspred
 377288 104096 320428 238553 357367 427167 947136 634620 711146 646529 509159 341572 209894 98001.7 69790.1 72153.9 91011.3 124192 129833 188711 274672 249704 439432 610948 745039 554680
pelacesobs
 0 0 0 0 0 0 0 0 0 2.06254e+06 1.5e+06 0 1.87456e+06 323000 250000 174000 83755 137374 0 501740 490994 745055 786931 1.00524e+06 1.33801e+06 0
pelacespred
 1.06226e+06 257173 493406 554866 711088 712688 1.79773e+06 1.50073e+06 1.48808e+06 1.3667e+06 970380 671715 410995 160351 112406 124251 163583 225713 243720 343381 554300 493701 684323 1.12155e+06 1.37537e+06 1.14485e+06
mphobs
 0 0 0 0 0 112323 0 153150 637223 0 255016 313432 73983 77613 109348 50772 0 0 0 0 0 0 0 0 0 0
mphpred
 677519 413101 510939 632629 683720 1.08494e+06 1.64336e+06 1.94584e+06 1.67473e+06 1.70064e+06 1.59622e+06 1.1245e+06 692984 366873 179037 156490 191997 266486 329330 374883 569998 675970 844707 1.24627e+06 1.87583e+06 1.82946e+06
desembarqueobs
 350755 77701 442110 56441 14545 235359 269955 359681 431902 328805 639364 411747 362871 311530 167758 66681 60226 58785 57116 73181 50977 67692 138656 160484 209506 263620
desembarquepred
 350761 77701 442107 56442.1 14545.1 235394 269982 359683 431932 328825 639577 411993 363200 311970 167799 66691.9 60244.2 58786.2 57112.3 73179.5 50977.2 67686.6 138655 160485 209496 263603
Reclutas
 50789.9 65504.1 39451.8 65191.8 112217 80790.8 129508 122167 148663 146275 68131 40207.6 43013.2 23653.8 18426.3 22910 18857.2 20984 23368.5 43879.6 54512.9 68657.7 117516 165655 70215.2 43812
log_desv_Rt
 -0.0979076 0.156508 -0.350525 0.15173 0.694827 0.366259 0.838135 0.779783 0.976079 0.959884 0.195828 -0.331549 -0.264097 -0.862079 -1.11182 -0.894029 -1.08871 -0.981845 -0.874213 -0.244155 -0.0271669 0.203529 0.740969 1.08431 0.225961 -0.245695
SSB
 677519 413101 510939 632629 683720 1.08494e+06 1.64336e+06 1.94584e+06 1.67473e+06 1.70064e+06 1.59622e+06 1.1245e+06 692984 366873 179037 156490 191997 266486 329330 374883 569998 675970 844707 1.24627e+06 1.87583e+06 1.82946e+06
BT
 2.18894e+06 592172 1.12582e+06 1.05342e+06 1.28442e+06 1.46161e+06 3.4026e+06 3.09577e+06 3.06011e+06 2.76505e+06 2.31748e+06 1.58322e+06 1.09382e+06 588119 344327 277693 342338 451204 485737 674713 1.03402e+06 947681 1.32084e+06 2.13879e+06 2.62444e+06 2.29354e+06
Ftot
 0.445937 0.371452 0.543453 0.10398 0.0198958 0.192854 0.120445 0.235501 0.262609 0.208164 0.428195 0.397187 0.630534 1.10376 1.0287 0.404843 0.288397 0.195466 0.167066 0.175244 0.0796814 0.104694 0.12487 0.114798 0.0958304 0.149821
BD_Bspro_t
 0.945543 0.748881 0.709012 0.585804 0.719413 0.841864 0.813048 0.820466 0.772405 0.739752 0.70629 0.557997 0.444416 0.333262 0.216364 0.231744 0.346197 0.510242 0.617802 0.697329 0.792627 0.855395 0.860055 0.868067 0.880192 0.838131
BD_Bspro
 0.587224 0.358045 0.442844 0.548316 0.592598 0.940344 1.42434 1.68651 1.45153 1.47399 1.38348 0.974634 0.600627 0.317978 0.155176 0.135634 0.166409 0.23097 0.285439 0.324921 0.494032 0.585881 0.73213 1.08017 1.62583 1.58564
BD_Bo
 0.289734 0.176658 0.218498 0.270537 0.292386 0.463962 0.702765 0.83212 0.716182 0.727263 0.682605 0.480881 0.296347 0.156889 0.0765635 0.0669214 0.0821055 0.11396 0.140834 0.160315 0.243754 0.289071 0.36123 0.532953 0.802181 0.78235
BD_Brms
 1.00927 0.615379 0.761125 0.942401 1.01851 1.61619 2.44804 2.89864 2.49478 2.53338 2.37782 1.67512 1.03231 0.546515 0.266705 0.233117 0.28601 0.396973 0.490589 0.558447 0.849103 1.00696 1.25833 1.85651 2.79435 2.72527
S_f
 0.18583 1 1 1 1
 0.18583 1 1 1 1
 0.18583 1 1 1 1
 0.18583 1 1 1 1
 0.18583 1 1 1 1
 0.18583 1 1 1 1
 0.18583 1 1 1 1
 0.18583 1 1 1 1
 0.18583 1 1 1 1
 0.18583 1 1 1 1
 0.18583 1 1 1 1
 0.18583 1 1 1 1
 0.18583 1 1 1 1
 0.18583 1 1 1 1
 0.18583 1 1 1 1
 0.18583 1 1 1 1
 0.18583 1 1 1 1
 0.18583 1 1 1 1
 0.18583 1 1 1 1
 0.18583 1 1 1 1
 0.18583 1 1 1 1
 0.18583 1 1 1 1
 0.18583 1 1 1 1
 0.18583 1 1 1 1
 0.18583 1 1 1 1
 0.18583 1 1 1 1
Scru_reclas
 1 1 1 1 1
 1 1 1 1 1
 1 1 1 1 1
 1 1 1 1 1
 1 1 1 1 1
 1 1 1 1 1
 1 1 1 1 1
 1 1 1 1 1
 1 1 1 1 1
 1 1 1 1 1
 1 1 1 1 1
 1 1 1 1 1
 1 1 1 1 1
 1 1 1 1 1
 1 1 1 1 1
 1 1 1 1 1
 1 1 1 1 1
 1 1 1 1 1
 1 1 1 1 1
 1 1 1 1 1
 1 1 1 1 1
 1 1 1 1 1
 1 1 1 1 1
 1 1 1 1 1
 1 1 1 1 1
 1 1 1 1 1
Scru_pelaces
 1 1 1 1 1
 1 1 1 1 1
 1 1 1 1 1
 1 1 1 1 1
 1 1 1 1 1
 1 1 1 1 1
 1 1 1 1 1
 1 1 1 1 1
 1 1 1 1 1
 1 1 1 1 1
 1 1 1 1 1
 1 1 1 1 1
 1 1 1 1 1
 1 1 1 1 1
 1 1 1 1 1
 1 1 1 1 1
 1 1 1 1 1
 1 1 1 1 1
 1 1 1 1 1
 1 1 1 1 1
 1 1 1 1 1
 1 1 1 1 1
 1 1 1 1 1
 1 1 1 1 1
 1 1 1 1 1
 1 1 1 1 1
pf_obs 
 0.256992 0.487395 0.22802 0.0275931 0
 0.321318 0.546541 0.124235 0.00734118 0.000564706
 0.182869 0.594174 0.210203 0.0122559 0.00049798
 0.330522 0.361315 0.267642 0.0388342 0.00168674
 0.649043 0.306663 0.0425973 0.00169635 0
 0.582887 0.30429 0.105238 0.00758474 0
 0.465427 0.430635 0.0974691 0.00646863 0
 0.296916 0.608066 0.0921331 0.00288517 0
 0.311714 0.524322 0.152257 0.0117073 0
 0.15457 0.633149 0.183074 0.0267441 0.00246327
 0.131901 0.49318 0.331252 0.0422183 0.00144891
 0.196976 0.569456 0.194076 0.0375587 0.00193317
 0.518974 0.381816 0.0799577 0.0180837 0.00116848
 0.0928022 0.601141 0.25162 0.0475244 0.00691264
 0.122501 0.610282 0.24278 0.0234846 0.000952079
 0.383417 0.481906 0.127806 0.00687128 0
 0.0376549 0.599619 0.316969 0.0457579 0
 0.0361596 0.667082 0.258105 0.0386534 0
 0.158088 0.579412 0.248529 0.0139706 0
 0.0477256 0.309471 0.559284 0.082774 0.000745712
 0.0406174 0.521527 0.379366 0.0568643 0.0016247
 0.151134 0.462217 0.34131 0.0453401 0
 0.294876 0.26143 0.354403 0.0886775 0.000613685
 0.281977 0.475581 0.204845 0.0348837 0.00271318
 0.0841818 0.532909 0.334909 0.0458182 0.00218182
 0 0 0 0 0
pf_pred 
 0.338321 0.465781 0.175075 0.0208117 1.13183e-05
 0.315305 0.528917 0.109658 0.0412178 0.00490234
 0.178185 0.613723 0.160748 0.0333272 0.0140168
 0.299287 0.421608 0.208433 0.0545932 0.016079
 0.318566 0.481636 0.120215 0.0594318 0.0201512
 0.171939 0.594052 0.165397 0.0412828 0.0273293
 0.262978 0.405245 0.238018 0.0662693 0.0274907
 0.208014 0.530537 0.143755 0.0844337 0.0332602
 0.241901 0.463846 0.197114 0.0534105 0.0437277
 0.215375 0.517732 0.1633 0.0693955 0.0341982
 0.115013 0.548022 0.222345 0.0701308 0.0444893
 0.112239 0.409326 0.296267 0.120202 0.061965
 0.193505 0.363333 0.204332 0.147894 0.0909363
 0.17287 0.525902 0.135706 0.0763187 0.0892039
 0.247422 0.496988 0.162508 0.0419344 0.051148
 0.325747 0.503066 0.113048 0.0369653 0.0211732
 0.217904 0.593393 0.140793 0.0316388 0.0162712
 0.229164 0.486887 0.215439 0.0511166 0.0173943
 0.225882 0.492717 0.177742 0.0786478 0.0250105
 0.32663 0.42359 0.158982 0.0573509 0.0334468
 0.267463 0.541271 0.120318 0.0451577 0.0257905
 0.249845 0.503209 0.182468 0.0405605 0.0239174
 0.308287 0.451565 0.161093 0.0584137 0.0206414
 0.287501 0.51122 0.131399 0.0468756 0.0230039
 0.104491 0.623219 0.195369 0.0502158 0.0267053
 0.0903267 0.360378 0.382276 0.119837 0.0471826
pobs_RECLAS
 0 0 0 0 0
 0 0 0 0 0
 0 0 0 0 0
 0 0 0 0 0
 0.835266 0.146461 0.0176864 0.000547809 3.91292e-05
 0.385257 0.428462 0.181853 0.0044286 0
 0.867414 0.0963971 0.0333333 0.00285562 0
 0.441836 0.489002 0.0689373 0.000224442 0
 0.779404 0.147425 0.0564933 0.0165055 0.000172143
 0.814271 0.122319 0.05973 0.00367925 0
 0.40263 0.566651 0.0304383 0.000280538 0
 0.475488 0.404961 0.113038 0.00651328 0
 0.955842 0.0263864 0.0167828 0.000988607 0
 0.975058 0.0227948 0.00214734 0 0
 0.738997 0.206755 0.0527124 0.00153531 0
 0.850938 0.134255 0.0134407 0.00136685 0
 0.542534 0.407297 0.0501686 0 0
 0.764087 0.199537 0.0359546 0.000420521 0
 0.470689 0.182191 0.310203 0.0369168 0
 0.84361 0.089868 0.0606195 0.00523954 0.000663233
 0.607945 0.314616 0.071237 0.00620181 0
 0.523733 0.453247 0.0230204 0 0
 0.530135 0.295979 0.169645 0.0042399 0
 0.562478 0.366248 0.0663022 0.0049721 0
 0.250443 0.683176 0.0655157 0.000865301 0
 0.195077 0.31981 0.436473 0.0351445 0.0134964
ppred_RECLAS
 0.739016 0.183716 0.0690544 0.00820867 4.46426e-06
 0.717147 0.2185 0.0453007 0.0170274 0.00202519
 0.547668 0.337797 0.0884764 0.0183435 0.00771491
 0.697949 0.181739 0.0898477 0.0235331 0.00693105
 0.715756 0.200903 0.050145 0.0247905 0.00840558
 0.530342 0.336933 0.0938095 0.0234147 0.0155006
 0.65895 0.187523 0.11014 0.0306655 0.0127211
 0.588858 0.275417 0.0746274 0.0438319 0.0172663
 0.635458 0.223047 0.0947853 0.0256832 0.0210271
 0.599071 0.264551 0.0834433 0.0354598 0.0174746
 0.418163 0.360298 0.146181 0.0461076 0.0292496
 0.410885 0.271627 0.196602 0.0797657 0.0411197
 0.57458 0.191655 0.107784 0.0780129 0.0479682
 0.553708 0.283759 0.0732224 0.041179 0.0481314
 0.659079 0.225137 0.0736168 0.0189964 0.0231702
 0.727283 0.203477 0.0457251 0.0149515 0.008564
 0.603921 0.300514 0.0713019 0.0160229 0.00824026
 0.617886 0.241356 0.106796 0.0253392 0.0086226
 0.613056 0.246285 0.0888446 0.0393122 0.0125015
 0.724903 0.173052 0.0649501 0.02343 0.0136643
 0.663604 0.248563 0.0552524 0.0207374 0.0118435
 0.643101 0.23941 0.0868125 0.0192974 0.0113791
 0.707087 0.19122 0.0682163 0.0247359 0.0087408
 0.685959 0.225325 0.0579154 0.0206609 0.0101392
 0.386868 0.426702 0.133764 0.0343815 0.0182844
 0.350056 0.257483 0.273128 0.0856214 0.033711
pobs_PELACES
 0 0 0 0 0
 0 0 0 0 0
 0 0 0 0 0
 0 0 0 0 0
 0 0 0 0 0
 0 0 0 0 0
 0 0 0 0 0
 0 0 0 0 0
 0 0 0 0 0
 0 0 0 0 0
 0.450072 0.473896 0.0757376 0.000293798 0
 0 0 0 0 0
 0.463077 0.371075 0.160297 0.00555027 0
 0.529543 0.364841 0.0842815 0.0213345 0
 0.631943 0.363953 0.00410389 0 0
 0.735681 0.248677 0.0153453 0.000297389 0
 0.695825 0.281241 0.0229344 0 0
 0.275771 0.60734 0.115278 0.00161068 0
 0 0 0 0 0
 0.896147 0.0623911 0.0374545 0.00400742 0
 0.803859 0.145111 0.0509908 3.86294e-05 0
 0.739449 0.233085 0.0266225 0.000797448 4.60066e-05
 0.878498 0.100942 0.0204185 0.000141795 0
 0.694673 0.275183 0.0284847 0.00165964 0
 0.469039 0.446079 0.0841089 0.000773354 0
 0 0 0 0 0
ppred_PELACES
 0.761455 0.167921 0.0631172 0.0075029 4.08043e-06
 0.736946 0.203205 0.0421298 0.0158356 0.00188344
 0.583526 0.311018 0.0814625 0.0168893 0.00710332
 0.703806 0.178215 0.0881056 0.0230768 0.00679666
 0.716843 0.200135 0.0499533 0.0246958 0.00837346
 0.543225 0.327691 0.0912363 0.0227724 0.0150754
 0.666185 0.183545 0.107804 0.030015 0.0124512
 0.604086 0.265216 0.0718633 0.0422085 0.0166268
 0.651641 0.213145 0.0905774 0.024543 0.0200936
 0.612427 0.255738 0.0806636 0.0342785 0.0168925
 0.446389 0.34282 0.13909 0.0438709 0.0278306
 0.43694 0.259614 0.187907 0.076238 0.0393011
 0.615377 0.173276 0.0974473 0.0705316 0.0433681
 0.625326 0.238223 0.0614721 0.0345709 0.0404076
 0.718206 0.186091 0.0608492 0.0157018 0.0191517
 0.748316 0.187784 0.0421986 0.0137984 0.0079035
 0.622299 0.28657 0.0679937 0.0152795 0.00785793
 0.630206 0.233574 0.103353 0.0245222 0.00834459
 0.623649 0.239544 0.0864126 0.0382361 0.0121593
 0.734193 0.167209 0.0627569 0.0226388 0.0132029
 0.668366 0.245044 0.0544702 0.0204438 0.0116758
 0.649531 0.235097 0.0852485 0.0189497 0.0111741
 0.713987 0.186716 0.0666094 0.0241532 0.00853489
 0.692565 0.220585 0.0566971 0.0202263 0.00992591
 0.392993 0.422439 0.132428 0.034038 0.0181018
 0.359269 0.253833 0.269257 0.0844078 0.0332332
pobs_pel_tallas
 0 0 0 0 0 0 0 0 0 0 0 0 0 0 0 0 0 0 0 0 0 0 0 0 0 0 0 0 0 0 0 0 0 0 0 0
 0 0 0 0 0 0 0 0 0 0 0 0 0 0 0 0 0 0 0 0 0 0 0 0 0 0 0 0 0 0 0 0 0 0 0 0
 0 0 0 0 0 0 0 0 0 0 0 0 0 0 0 0 0 0 0 0 0 0 0 0 0 0 0 0 0 0 0 0 0 0 0 0
 0 0 0 0 0 0 0 0 0 0 0 0 0 0 0 0 0 0 0 0 0 0 0 0 0 0 0 0 0 0 0 0 0 0 0 0
 0 0 0 0 0 0 0 0 0 0 0 0 0 0 0 0 0 0 0 0 0 0 0 0 0 0 0 0 0 0 0 0 0 0 0 0
 0 0 0 0 0 0 0 0 0 0 0 0 0 0 0 0 0 0 0 0 0 0 0 0 0 0 0 0 0 0 0 0 0 0 0 0
 0 0 0 0 0 0 0 0 0 0 0 0 0 0 0 0 0 0 0 0 0 0 0 0 0 0 0 0 0 0 0 0 0 0 0 0
 0 0 0 0 0 0 0 0 0 0 0 0 0 0 0 0 0 0 0 0 0 0 0 0 0 0 0 0 0 0 0 0 0 0 0 0
 0 0 0 0 0 0 0 0 0 0 0 0 0 0 0 0 0 0 0 0 0 0 0 0 0 0 0 0 0 0 0 0 0 0 0 0
 0 0 0 0 0 0 0 0 0 0 0 0 0 0 0 0 0 0 0 0 0 0 0 0 0 0 0 0 0 0 0 0 0 0 0 0
 0 0 0 0 0 0 0 0 1.78061e-05 0.00172719 0.00360574 0.0105946 0.0120993 0.0124554 0.0147524 0.0171206 0.0266825 0.0428682 0.0675386 0.121331 0.153587 0.119568 0.100827 0.0573624 0.0630603 0.0341343 0.0324427 0.0444173 0.0211091 0.0280891 0.0125444 0.00206551 0 0 0 0
 0 0 0 0 0 0 0 0 0 0 0 0 0 0 0 0 0 0 0 0 0 0 0 0 0 0 0 0 0 0 0 0 0 0 0 0
 0 0 0 0 0 0 0.0133647 0.0140871 0.0187388 0.0205184 0.03894 0.0496705 0.03968 0.0493445 0.0407372 0.0367815 0.0215668 0.0243155 0.0234873 0.0199281 0.019796 0.0243948 0.0301388 0.0376714 0.0412746 0.0863199 0.0771752 0.113111 0.0741005 0.0525337 0.0229764 0.00759418 0.00175318 0 0 0
 0 0 0 0 0 0 0 0 0 0 0.00219441 0.00772107 0.0458388 0.0604681 0.0671733 0.0775358 0.0609151 0.0617685 0.073594 0.0568108 0.0755445 0.0548602 0.0670107 0.0636378 0.0643287 0.046367 0.0373049 0.0286899 0.0247887 0.0153202 0.00654259 0.00121912 0.000365735 0 0 0
 0 0 0 0 0 0 0 0 0 0 0 0 0.000112435 0.00938835 0.0111873 0.0202946 0.0414886 0.0713402 0.111592 0.104902 0.108894 0.110636 0.117776 0.105296 0.107544 0.0401394 0.0192827 0.0124803 0.00416011 0.0028671 0.000618394 0 0 0 0 0
 0 0 0 0 0 0 0 0 0 0 0.00291406 0.0102884 0.027416 0.0768956 0.0749926 0.110853 0.0956884 0.0897413 0.0766577 0.0534642 0.0500743 0.0551293 0.0594112 0.0620874 0.0668451 0.0424026 0.0208742 0.0120726 0.0048766 0.00582813 0.00118941 0.000297354 0 0 0 0
 0 0.00264628 0.0354308 0.0461629 0.0458689 0.0383711 0.0214643 0.0164657 0.0346957 0.0420465 0.0363128 0.0245516 0.0311673 0.0291091 0.0169068 0.0133784 0.00837989 0.0085269 0.0148486 0.0160247 0.0276389 0.0546898 0.0760071 0.122758 0.109233 0.0665981 0.0333725 0.0166128 0.00676272 0.00308733 0.000882094 0 0 0 0 0
 0 0 0 0 0 0 0 0.000805153 0.000690131 0.00759144 0.0133425 0.0154129 0.00931677 0.000345066 0.00356568 0.00563607 0.00851162 0.0253048 0.0502646 0.0516448 0.0657925 0.0565908 0.0611916 0.0827007 0.0866115 0.110766 0.145733 0.0935128 0.0569358 0.0249597 0.0138026 0.00621118 0.00161031 0.00115022 0 0
 0 0 0 0 0 0 0 0 0 0 0 0 0 0 0 0 0 0 0 0 0 0 0 0 0 0 0 0 0 0 0 0 0 0 0 0
 0.00147267 0.00158595 0.00478618 0.00569244 0.00954404 0.0108468 0.00647125 0.017049 0.0510054 0.094081 0.124002 0.0959785 0.0687766 0.0820023 0.061753 0.0591476 0.0492212 0.0479892 0.0443925 0.0268479 0.0217502 0.0140895 0.0121071 0.0120363 0.00920419 0.00665534 0.0049561 0.00860946 0.00930331 0.0156896 0.0114698 0.00855282 0.00243557 0.00046729 0 2.83206e-05
 0 0 0 0 0.000772559 0.00158375 0.000888443 0.00281984 0.00712685 0.0440552 0.0773331 0.111326 0.0921469 0.0852325 0.0710754 0.0886704 0.0786465 0.0553345 0.0373146 0.0185414 0.00753245 0.00457741 0.012979 0.0271748 0.0457355 0.0583668 0.034881 0.0177882 0.00938659 0.00492506 0.0015258 0.00185414 0.000309023 5.79419e-05 3.86279e-05 0
 0 0.00173294 0.00326652 0 0.00397197 0.00683976 0.00946217 0.0152591 0.00757587 0.0136028 0.0228656 0.0392903 0.0559909 0.0764795 0.0681675 0.0726916 0.0566044 0.0477403 0.0527397 0.0444891 0.0609904 0.0582453 0.0661739 0.0445044 0.0529084 0.0360697 0.0280645 0.0235558 0.0158879 0.00826598 0.00280645 0.00217768 0.000904811 0.00058276 9.20147e-05 0
 0 0 0 0 0 0 0 0 0 0 0 0 0 0 0 0 0 0 0 0 0 0 0 0 0 0 0 0 0 0 0 0 0 0 0 0
 0 0 0 0 0 0 0 0 0 0 0 0 0 0 0 0 0 0 0 0 0 0 0 0 0 0 0 0 0 0 0 0 0 0 0 0
 0 0 0 0 0 0 0 0 0 0 0 0 0 0 0 0 0 0 0 0 0 0 0 0 0 0 0 0 0 0 0 0 0 0 0 0
 0 0 0 0 0 0 0 0 0 0 0 0 0 0 0 0 0 0 0 0 0 0 0 0 0 0 0 0 0 0 0 0 0 0 0 0
ppred_pel_tallas
 1.01209e-16 3.32226e-05 0.000194991 0.000926904 0.00356864 0.0111285 0.0281096 0.057516 0.0953389 0.128037 0.139328 0.122894 0.0879631 0.0513195 0.0248758 0.0109069 0.00578501 0.00523924 0.00665101 0.00886577 0.0114024 0.0139603 0.0162581 0.0180319 0.0190813 0.0193112 0.0187491 0.0175294 0.0158531 0.0139372 0.0119712 0.0100912 0.00837502 0.00685349 0.00552773 0.00438578
 1.01297e-16 3.21552e-05 0.000188722 0.000897092 0.00345384 0.0107705 0.0272054 0.0556661 0.0922737 0.123924 0.134862 0.118976 0.0852068 0.0498076 0.0243223 0.0109687 0.00625096 0.00604461 0.00781205 0.010415 0.0133471 0.0162605 0.0188188 0.0207096 0.0217034 0.0217047 0.020771 0.0190907 0.0169306 0.01457 0.0122452 0.0101161 0.0082616 0.00669528 0.00539094 0.00430701
 1.0217e-16 2.54699e-05 0.000149463 0.000710428 0.0027351 0.00852908 0.021544 0.0440832 0.0730783 0.0981585 0.106859 0.09436 0.06777 0.0400031 0.0202597 0.0103661 0.00762498 0.00882227 0.0119586 0.0160787 0.0206522 0.0252055 0.0292344 0.0322593 0.0339233 0.034071 0.0327785 0.0303217 0.0270968 0.023523 0.0199569 0.0166447 0.0137131 0.0111931 0.00905688 0.00725351
 1.0242e-16 3.07093e-05 0.000180235 0.000856748 0.00329851 0.0102861 0.0259819 0.0531626 0.0881235 0.118349 0.128793 0.113617 0.0813578 0.0475361 0.0231745 0.0103898 0.00584464 0.00560623 0.00726398 0.00975192 0.0126151 0.0155536 0.0182755 0.0205006 0.0220086 0.0226825 0.0225274 0.0216558 0.0202476 0.0185017 0.0165932 0.0146505 0.0127526 0.0109409 0.0092364 0.00765388
 1.02015e-16 3.12785e-05 0.000183575 0.000872624 0.00335963 0.0104767 0.0264633 0.0541478 0.089757 0.120544 0.131185 0.115735 0.0828913 0.0484656 0.023689 0.0107216 0.00616647 0.00601592 0.00780586 0.010433 0.0134079 0.0163935 0.0190621 0.0211066 0.0222983 0.0225359 0.0218644 0.0204539 0.0185493 0.0164079 0.0142465 0.0122112 0.0103747 0.00875182 0.0073249 0.00606617
 1.02889e-16 2.37132e-05 0.000139148 0.000661387 0.00254628 0.00794023 0.0200566 0.0410402 0.0680349 0.0913879 0.099498 0.087883 0.0631684 0.0373881 0.0191228 0.0100918 0.00780316 0.00928016 0.0126666 0.0170626 0.021945 0.0268258 0.0311778 0.034497 0.0364057 0.0367354 0.0355587 0.0331552 0.0299296 0.0263102 0.0226607 0.019231 0.0161496 0.0134488 0.0111041 0.00907037
 1.03204e-16 2.90691e-05 0.000170605 0.000810964 0.00312223 0.00973637 0.0245933 0.0503215 0.0834147 0.112027 0.121917 0.107562 0.0770451 0.0450632 0.0220573 0.0100408 0.0058658 0.00581984 0.00762862 0.010285 0.0133527 0.0165343 0.0195331 0.0220596 0.0238806 0.0248639 0.0249977 0.0243765 0.0231636 0.0215425 0.0196778 0.0176926 0.0156679 0.0136543 0.0116882 0.00980409
 1.03334e-16 2.63644e-05 0.000154719 0.000735426 0.00283137 0.00882929 0.0223022 0.0456344 0.0756479 0.101605 0.110598 0.0976299 0.0700496 0.0412105 0.0206163 0.0101338 0.00694761 0.00771648 0.0103737 0.0139592 0.0179821 0.0220363 0.025697 0.0285596 0.030319 0.0308356 0.0301595 0.0285036 0.0261773 0.0235059 0.0207624 0.0181301 0.0156992 0.0134899 0.0114843 0.00965664
 1.03138e-16 2.8436e-05 0.000166886 0.000793278 0.00305413 0.00952397 0.0240569 0.0492241 0.0815965 0.109588 0.11927 0.105245 0.0754244 0.0441937 0.0217775 0.0101582 0.00626879 0.00648455 0.00857727 0.0115435 0.014922 0.0183733 0.0215536 0.0241322 0.0258522 0.0265825 0.0263395 0.0252673 0.0235894 0.021547 0.0193485 0.0171408 0.0150074 0.0129838 0.0110809 0.00930404
 1.03196e-16 2.67278e-05 0.000156853 0.000745573 0.00287044 0.00895114 0.02261 0.046264 0.0766913 0.103005 0.112119 0.0989655 0.0709924 0.0417339 0.0208202 0.0101386 0.00682994 0.00750336 0.0100643 0.0135457 0.0174622 0.0214197 0.0250073 0.0278324 0.0295968 0.0301599 0.0295635 0.0280056 0.0257793 0.0231948 0.0205152 0.0179204 0.0155035 0.0132915 0.0112756 0.00943816
 1.04894e-16 1.94914e-05 0.000114361 0.000543542 0.00209253 0.00652525 0.0164825 0.0337275 0.0559146 0.0751149 0.0818007 0.0722988 0.0520699 0.0310271 0.0162545 0.00920579 0.00787653 0.00985769 0.0136433 0.0184839 0.0239028 0.0294164 0.0344827 0.0385723 0.0412741 0.0423811 0.0419241 0.0401403 0.0373939 0.0340776 0.0305292 0.0269858 0.0235803 0.020367 0.0173591 0.0145604
 1.07208e-16 1.90761e-05 0.00011193 0.000532002 0.00204813 0.0063868 0.0161327 0.0330111 0.054725 0.0735108 0.0800381 0.0707035 0.0508397 0.0301319 0.0154915 0.00831618 0.00662347 0.00804917 0.0111389 0.0152142 0.019902 0.0248518 0.0296657 0.0339374 0.037325 0.0396125 0.0407372 0.0407731 0.039883 0.0382592 0.0360758 0.033467 0.0305309 0.0273485 0.024005 0.0206014
 1.0589e-16 2.68531e-05 0.000157596 0.000749123 0.00288413 0.00899387 0.0227178 0.046484 0.0770538 0.103485 0.112623 0.0993665 0.0711847 0.0416558 0.0204283 0.00936771 0.00557321 0.00562459 0.00743145 0.010075 0.0131638 0.0164339 0.0196198 0.0224587 0.0247338 0.0263135 0.0271669 0.0273498 0.0269705 0.026148 0.0249806 0.0235327 0.0218414 0.0199333 0.0178436 0.0156274
 1.04027e-16 2.72895e-05 0.000160153 0.000761263 0.00293085 0.00913955 0.0230859 0.0472375 0.0783044 0.10517 0.114469 0.101026 0.0724409 0.0425253 0.0211033 0.010091 0.00655791 0.00703386 0.00937891 0.0126146 0.016267 0.019967 0.0233362 0.026015 0.0277325 0.0283644 0.0279535 0.026685 0.0248265 0.0226564 0.0204033 0.0182145 0.0161556 0.0142329 0.0124246 0.0107078
 1.02359e-16 3.13374e-05 0.000183922 0.000874277 0.003366 0.0104966 0.0265135 0.0542503 0.0899266 0.120771 0.131428 0.115942 0.0830238 0.0485109 0.0236514 0.0106045 0.00596226 0.00570742 0.00737387 0.00986546 0.0127081 0.0155862 0.0181955 0.0202491 0.0215298 0.0219354 0.0214963 0.0203572 0.018732 0.0168475 0.0148959 0.0130089 0.0112547 0.00965276 0.00819605 0.00687048
 1.01504e-16 3.26504e-05 0.00019163 0.000910922 0.0035071 0.0109366 0.0276249 0.0565243 0.0936957 0.125832 0.136934 0.120794 0.0864859 0.0505097 0.0245802 0.0109414 0.00603593 0.00567084 0.00726995 0.00968617 0.0124236 0.0151553 0.0175704 0.0193804 0.0203724 0.0204561 0.0196808 0.0182156 0.0163011 0.0141895 0.0120933 0.0101562 0.00844852 0.00698265 0.00573622 0.0046746
 1.01951e-16 2.71595e-05 0.000159385 0.000757603 0.00291674 0.00909554 0.0229748 0.0470106 0.0779296 0.104671 0.113937 0.100583 0.0721812 0.0424894 0.0213013 0.0105431 0.00731623 0.00817681 0.0109886 0.0147482 0.0189278 0.0230816 0.026743 0.0294714 0.0309407 0.0310118 0.0297605 0.0274467 0.0244412 0.0211341 0.0178561 0.0148334 0.0121799 0.00991898 0.00801897 0.00642665
 1.02776e-16 2.75023e-05 0.000161402 0.000767202 0.00295372 0.00921086 0.023266 0.0476061 0.0789152 0.10599 0.115361 0.101811 0.072999 0.0428441 0.0212456 0.010134 0.00655601 0.00701576 0.00936008 0.0126083 0.0162897 0.0200384 0.0234761 0.0262373 0.0280381 0.0287336 0.0283425 0.0270262 0.0250359 0.0226453 0.0200937 0.0175543 0.0151292 0.0128661 0.0107812 0.00888013
 1.03187e-16 2.72165e-05 0.000159724 0.000759223 0.002923 0.00911505 0.023024 0.0471109 0.0780947 0.104888 0.114164 0.100759 0.0722539 0.0424253 0.0210722 0.0101078 0.00661243 0.00712798 0.00952269 0.0128218 0.0165518 0.0203403 0.0238024 0.0265685 0.0283547 0.029022 0.0285992 0.0272605 0.0252684 0.0229041 0.0204077 0.017946 0.0156095 0.0134311 0.0114133 0.00955125
 1.02341e-16 3.20337e-05 0.000188012 0.000893724 0.00344088 0.0107301 0.0271033 0.055457 0.0919262 0.123454 0.134343 0.118501 0.0848278 0.0495085 0.0240325 0.0105972 0.00570945 0.00525637 0.00671763 0.00898333 0.0115909 0.0142499 0.0166859 0.0186402 0.019914 0.0204092 0.0201445 0.0192395 0.0178756 0.0162472 0.0145202 0.01281 0.0111795 0.00965176 0.00822937 0.00691013
 1.02102e-16 2.91666e-05 0.000171172 0.000813648 0.00313255 0.00976852 0.0246746 0.0504883 0.0836927 0.112405 0.122341 0.107966 0.0774002 0.0454021 0.022466 0.0106319 0.00675845 0.00712664 0.00944003 0.0126458 0.0162341 0.0198114 0.0229785 0.0253606 0.0266802 0.0268191 0.0258411 0.0239654 0.0215039 0.0187832 0.0160777 0.0135722 0.0113566 0.00944568 0.00781008 0.00640549
 1.02461e-16 2.83449e-05 0.000166349 0.00079072 0.00304427 0.00949324 0.0239793 0.0490655 0.0813342 0.109238 0.118894 0.104925 0.0752208 0.0441265 0.0218409 0.0103486 0.00659988 0.00698582 0.0092818 0.0124737 0.0160759 0.0197152 0.0230092 0.025593 0.027188 0.0276608 0.0270467 0.0255269 0.0233729 0.0208756 0.0182859 0.0157803 0.0134562 0.011349 0.00945807 0.00777014
 1.02236e-16 3.11535e-05 0.000182842 0.000869142 0.00334623 0.0104349 0.0263578 0.0539317 0.0893985 0.120062 0.130657 0.115264 0.0825408 0.0482349 0.0235287 0.0105699 0.00597244 0.00574403 0.00743439 0.00995438 0.0128322 0.0157522 0.0184088 0.0205125 0.0218423 0.0222913 0.021885 0.0207633 0.0191363 0.0172289 0.0152337 0.0132851 0.0114567 0.00977455 0.00823912 0.0068431
 1.02036e-16 3.02208e-05 0.000177363 0.000843088 0.0032459 0.010122 0.0255675 0.052315 0.0867198 0.116468 0.126755 0.111843 0.0801382 0.0469256 0.0230663 0.0106598 0.00643678 0.00653404 0.00857213 0.0114746 0.0147441 0.0180185 0.020937 0.0231609 0.0244374 0.0246552 0.023865 0.0222566 0.0201031 0.0176921 0.0152668 0.0129924 0.0109521 0.00916381 0.00760814 0.00625277
 1.04033e-16 1.71664e-05 0.000100703 0.000478596 0.00184245 0.00574535 0.0145127 0.0296976 0.0492373 0.0661556 0.0720726 0.0637688 0.0460748 0.0277518 0.0150819 0.00939751 0.00898493 0.0117575 0.0163882 0.0221635 0.0285493 0.0349518 0.0406983 0.0451379 0.0477779 0.0483916 0.047059 0.0441255 0.0400976 0.035514 0.0308354 0.026381 0.0223205 0.0187049 0.0155159 0.0127106
 1.08359e-16 1.56893e-05 9.20465e-05 0.000437473 0.00168417 0.0052518 0.0132658 0.0271452 0.0450023 0.0604556 0.0658369 0.0581901 0.041911 0.02498 0.0131039 0.00746252 0.00646121 0.00819154 0.0114864 0.0158021 0.0208241 0.0262318 0.0316405 0.0366402 0.0408635 0.0440457 0.0460552 0.0468847 0.0466157 0.045373 0.0432892 0.0404896 0.0370976 0.0332481 0.0290983 0.0248271
pSPR Fmed_Fpbrs
0.433041   0.337072 0.337072
Fs Fmed_Fpbrs
0.67   1.005 1.005
SSBpbr Bo_Bmed_Bpbrs
2.33842e+06  895710  671294 671294
Ro
56014.2
SPR SPRFo_SPRFmed_SPRFpbrs
1.15377e+06 499628 388903
log_Ro
10.7534
likeval ReclasPelacesDesembMPH_pf_preclas_ppelaces_ptallas_desvR_qrecl_qpela
 67.9543 27.5534 0.0175929 0.00132313 316.339 213.406 77.5654 0 16.4301 7.66975e-05 0 0 0 0 0
q_reclas_q_pelaces
0.289094 1
M
0.7
N
 50789.9 15139.5 5690.54 676.45 0.367885
 65504.1 23215.7 4813.23 1809.17 215.178
 39451.8 30358.8 7951.63 1648.58 693.362
 65191.8 17709.3 8755.07 2293.14 675.386
 112217 31753.8 7925.69 3918.28 1328.55
 80790.8 55519.5 15457.8 3858.25 2554.17
 129508 38707.2 22734.4 6329.76 2625.79
 122167 62888.1 17040.3 10008.5 3942.55
 148663 58068.6 24676.6 6686.43 5474.24
 146275 70307.8 22176.1 9423.88 4644.1
 68131 69881.8 28352.6 8942.82 5673.11
 40207.6 31245.1 22614.9 9175.38 4729.96
 43013.2 18545.9 10429.9 7549.06 4641.72
 23653.8 18998 4902.33 2756.99 3222.46
 18426.3 9567.91 3128.58 807.313 984.692
 22910 7558.08 1698.44 555.369 318.107
 18857.2 10552.3 2503.71 562.632 289.35
 20984 8875.54 3927.28 931.813 317.084
 23368.5 10048.6 3624.93 1603.97 510.071
 43879.6 11249.7 4222.26 1523.13 888.282
 54512.9 21091.8 4688.45 1759.67 1004.98
 68657.7 26672.4 9671.68 2149.9 1267.74
 117516 33437.5 11928.6 4325.42 1528.45
 165655 57018.1 14655.4 5228.2 2565.7
 70215.2 80525.8 25243.5 6488.36 3450.58
 43812 34252.4 36333.7 11390 4484.51
pred_Ctot
 2918.79 4018.42 1510.42 179.548 0.0976464
 3154.59 5291.76 1097.12 412.38 49.0474
 2741.32 9441.93 2473.05 512.728 215.643
 898.217 1265.33 625.548 163.845 48.2562
 297.888 450.372 112.412 55.574 18.8432
 2049.63 7081.5 1971.64 492.119 325.784
 2064.14 3180.81 1868.23 520.155 215.777
 3771.54 9619.28 2606.46 1530.89 603.047
 5106.56 9791.82 4161.1 1127.5 923.095
 4000.52 9616.72 3033.25 1289 635.221
 3764.97 17939.7 7278.52 2295.75 1456.37
 2066.19 7535.2 5453.92 2212.78 1140.7
 3443.47 6465.6 3636.15 2631.81 1618.24
 3192.07 9710.85 2505.83 1409.24 1647.16
 2331.35 4682.9 1531.25 395.13 481.946
 1199.25 1852.05 416.191 136.089 77.9497
 709.855 1933.06 458.652 103.068 53.0058
 539.449 1146.13 507.141 120.328 40.9461
 514.657 1122.62 404.973 179.194 56.9846
 1013.01 1313.72 493.067 177.868 103.732
 576.713 1167.11 259.433 97.3705 55.6102
 952.409 1918.23 695.569 154.616 91.1732
 1941.12 2843.27 1014.32 367.801 129.968
 2517.66 4476.78 1150.67 410.492 201.446
 892.203 5321.41 1668.18 428.772 228.026
 866.519 3457.16 3667.23 1149.62 452.63
F
 0.0828684 0.445937 0.445937 0.445937 0.445937
 0.0690267 0.371452 0.371452 0.371452 0.371452
 0.10099 0.543453 0.543453 0.543453 0.543453
 0.0193225 0.10398 0.10398 0.10398 0.10398
 0.00369723 0.0198958 0.0198958 0.0198958 0.0198958
 0.0358381 0.192854 0.192854 0.192854 0.192854
 0.0223823 0.120445 0.120445 0.120445 0.120445
 0.043763 0.235501 0.235501 0.235501 0.235501
 0.0488006 0.262609 0.262609 0.262609 0.262609
 0.038683 0.208164 0.208164 0.208164 0.208164
 0.0795713 0.428195 0.428195 0.428195 0.428195
 0.0738092 0.397187 0.397187 0.397187 0.397187
 0.117172 0.630534 0.630534 0.630534 0.630534
 0.205111 1.10376 1.10376 1.10376 1.10376
 0.191163 1.0287 1.0287 1.0287 1.0287
 0.0752318 0.404843 0.404843 0.404843 0.404843
 0.0535927 0.288397 0.288397 0.288397 0.288397
 0.0363234 0.195466 0.195466 0.195466 0.195466
 0.0310458 0.167066 0.167066 0.167066 0.167066
 0.0325656 0.175244 0.175244 0.175244 0.175244
 0.0148072 0.0796814 0.0796814 0.0796814 0.0796814
 0.0194552 0.104694 0.104694 0.104694 0.104694
 0.0232046 0.12487 0.12487 0.12487 0.12487
 0.021333 0.114798 0.114798 0.114798 0.114798
 0.0178081 0.0958304 0.0958304 0.0958304 0.0958304
 0.0278413 0.149821 0.149821 0.149821 0.149821
Np
 40941.6 16867.5 3846.13 2661.62 3336.56
YTP_r0W_actual
 46118.3 353525 546740 223581 100574
YTP_p0W_proyectada
 43096.8 218386 220338 304893 155882
 43096.8 174092 57875.5 52246.4 74828.6
CTP_r0_actual
 5425.69 16519.9 17523.7 5493.4 2162.87
CTP_p0_proyectada
 5070.21 10205 7062.1 7491.23 3352.29
 5070.21 8135.16 1854.98 1283.7 1609.22
Wmedp
 8.5 21.4 31.2 40.7 46.5
nmprior
 10.6 11 7 0
nm_flota  nm_reclas  nm_pelaces    nm_pelaL
inf 13.2187 22.4116 56.9658
cv_recla  cv_pelaces  cv_mph
0.729257 0.595196 1.18016
 ------------------------------------------------
Talla a la edad & desviaci?n 
 7.2 14.2025 17.0495 18.207 18.6776
 1.08 2.13037 2.55742 2.73105 2.80164
