years
 1997 1998 1999 2000 2001 2002 2003 2004 2005 2006 2007 2008 2009 2010 2011 2012 2013 2014 2015 2016 2017 2018 2019 2020 2021 2022 2023
reclasobs
 0 0 0 370054 412103 1.49427e+06 250295 1.28982e+06 931140 785840 897777 1.04006e+06 184774 17550 25797 100020 73551 82996 120727 218422 84188 347160 605670 569463 516374 1.08416e+06 1.08416e+06
reclaspred
 1.12169e+06 233265 597188 319553 408416 526155 1.09482e+06 846446 1.09027e+06 1.20942e+06 1.1326e+06 774160 449114 206623 136748 134255 159349 222066 239900 317364 501296 494564 817223 1.03042e+06 1.4179e+06 1.31604e+06 1.06515e+06
pelacesobs
 0 0 0 0 0 0 0 0 0 2.06254e+06 1.5e+06 0 1.87456e+06 323000 250000 174000 83755 137374 0 501740 490994 745055 786931 1.00524e+06 1.33801e+06 1.41789e+06 0
pelacespred
 655463 231289 205282 223277 243741 242274 561410 544213 624187 719394 587030 415410 238201 88190.9 57914.7 64920.3 80718.5 113635 129522 164960 285782 294896 377453 545797 730687 753362 616935
mphobs
 0 0 0 0 0 112323 0 153150 637223 0 255016 313432 73983 77613 109348 50772 17779 17303 59886 28197 0 207744 136588 643089 65757 0 0
mphpred
 791791 428378 376978 345600 304652 468049 656071 879468 862849 1.05266e+06 1.14069e+06 816887 499370 266338 126787 111573 125360 170437 210115 235175 366153 466491 566236 786575 1.14329e+06 1.23259e+06 1.05035e+06
desembarqueobs
 350755 77701 442110 56441 14545 235359 269955 359681 431902 328805 639364 411747 362871 311530 167758 66681 60226 58785 57116 73181 50977 67692 138656 160484 209506 203330 203330
desembarquepred
 350761 77701.4 442130 56443.4 14545.1 235420 269978 359615 431837 328745 639346 411866 362945 311710 167713 66688.8 60244.3 58785.5 57110.5 73171.8 50975.3 67683.2 138648 160479 209490 203314 203329
Reclutas
 42256.5 44475 22913.8 26318 53006.3 40645.9 80812.2 86694 129818 138730 72313.8 40740.3 46818.4 28551.7 19991.5 17072 14398.9 15722.8 16469.2 30906.9 43359.3 46845.6 78393.6 106572 55230.1 48773.8 32047.6
log_desv_Rt
 0.00465592 0.0558253 -0.607361 -0.468847 0.23131 -0.0342025 0.653026 0.723283 1.12703 1.19343 0.541914 -0.0318838 0.107175 -0.387384 -0.743792 -0.901663 -1.07195 -0.983991 -0.937609 -0.30812 0.0304204 0.107757 0.622641 0.929722 0.272406 0.148092 -0.271881
SSB
 791791 428378 376978 345600 304652 468049 656071 879468 862849 1.05266e+06 1.14069e+06 816887 499370 266338 126787 111573 125360 170437 210115 235175 366153 466491 566236 786575 1.14329e+06 1.23259e+06 1.05035e+06
BT
 2.07946e+06 573708 763284 532116 586973 665968 1.71579e+06 1.64267e+06 1.99239e+06 1.98587e+06 1.82063e+06 1.23683e+06 887898 487068 287533 202518 238388 306322 319558 444235 725051 655078 915714 1.34559e+06 1.66345e+06 1.65783e+06 1.37146e+06
Ftot
 0.300866 0.320159 0.688249 0.171387 0.034838 0.425844 0.238521 0.406245 0.379792 0.26243 0.53254 0.502816 0.748523 1.30986 1.10273 0.47216 0.362485 0.255563 0.230075 0.223148 0.0991286 0.133088 0.164681 0.151351 0.143557 0.15002 0.184911
BD_Bspro_t
 0.957331 0.755245 0.638226 0.434816 0.5336 0.695942 0.631256 0.666568 0.62779 0.623102 0.61324 0.458113 0.347634 0.249546 0.150849 0.158574 0.229509 0.362479 0.471329 0.560899 0.685752 0.783579 0.789159 0.791397 0.802651 0.768222 0.73303
BD_Bspro
 0.907639 0.491054 0.432134 0.396164 0.349226 0.536529 0.752061 1.00814 0.989093 1.20667 1.30759 0.936406 0.572433 0.305307 0.145338 0.127898 0.143702 0.195374 0.240857 0.269584 0.419724 0.534744 0.649082 0.901659 1.31057 1.41294 1.20403
BD_Bo
 0.420668 0.227591 0.200284 0.183612 0.161858 0.248668 0.348561 0.467249 0.45842 0.559261 0.606034 0.434001 0.265309 0.141502 0.0673604 0.0592773 0.0666023 0.0905508 0.111631 0.124945 0.194532 0.24784 0.300833 0.417896 0.607414 0.654861 0.558036
BD_Brms
 2.04265 1.10512 0.972523 0.891572 0.785937 1.20746 1.69252 2.26884 2.22596 2.71562 2.94274 2.10739 1.28827 0.687096 0.327084 0.287835 0.323403 0.43969 0.542051 0.606702 0.944594 1.20345 1.46077 2.02919 2.94944 3.17983 2.70968
S_f
 0.5 1 1 1 1
 0.5 1 1 1 1
 0.5 1 1 1 1
 0.5 1 1 1 1
 0.5 1 1 1 1
 0.5 1 1 1 1
 0.5 1 1 1 1
 0.5 1 1 1 1
 0.5 1 1 1 1
 0.5 1 1 1 1
 0.5 1 1 1 1
 0.5 1 1 1 1
 0.5 1 1 1 1
 0.5 1 1 1 1
 0.5 1 1 1 1
 0.5 1 1 1 1
 0.5 1 1 1 1
 0.5 1 1 1 1
 0.5 1 1 1 1
 0.5 1 1 1 1
 0.5 1 1 1 1
 0.5 1 1 1 1
 0.5 1 1 1 1
 0.5 1 1 1 1
 0.5 1 1 1 1
 0.5 1 1 1 1
 0.5 1 1 1 1
Scru_reclas
 0.5 1 1 1 1
 0.5 1 1 1 1
 0.5 1 1 1 1
 0.5 1 1 1 1
 0.5 1 1 1 1
 0.5 1 1 1 1
 0.5 1 1 1 1
 0.5 1 1 1 1
 0.5 1 1 1 1
 0.5 1 1 1 1
 0.5 1 1 1 1
 0.5 1 1 1 1
 0.5 1 1 1 1
 0.5 1 1 1 1
 0.5 1 1 1 1
 0.5 1 1 1 1
 0.5 1 1 1 1
 0.5 1 1 1 1
 0.5 1 1 1 1
 0.5 1 1 1 1
 0.5 1 1 1 1
 0.5 1 1 1 1
 0.5 1 1 1 1
 0.5 1 1 1 1
 0.5 1 1 1 1
 0.5 1 1 1 1
 0.5 1 1 1 1
Scru_pelaces
 0.5 1 1 1 1
 0.5 1 1 1 1
 0.5 1 1 1 1
 0.5 1 1 1 1
 0.5 1 1 1 1
 0.5 1 1 1 1
 0.5 1 1 1 1
 0.5 1 1 1 1
 0.5 1 1 1 1
 0.5 1 1 1 1
 0.5 1 1 1 1
 0.5 1 1 1 1
 0.5 1 1 1 1
 0.5 1 1 1 1
 0.5 1 1 1 1
 0.5 1 1 1 1
 0.5 1 1 1 1
 0.5 1 1 1 1
 0.5 1 1 1 1
 0.5 1 1 1 1
 0.5 1 1 1 1
 0.5 1 1 1 1
 0.5 1 1 1 1
 0.5 1 1 1 1
 0.5 1 1 1 1
 0.5 1 1 1 1
 0.5 1 1 1 1
pf_obs 
 0.256992 0.487395 0.22802 0.0275931 0
 0.321318 0.546541 0.124235 0.00734118 0.000564706
 0.182869 0.594174 0.210203 0.0122559 0.00049798
 0.330522 0.361315 0.267642 0.0388342 0.00168674
 0.649043 0.306663 0.0425973 0.00169635 0
 0.582887 0.30429 0.105238 0.00758474 0
 0.465427 0.430635 0.0974691 0.00646863 0
 0.296916 0.608066 0.0921331 0.00288517 0
 0.311714 0.524322 0.152257 0.0117073 0
 0.15457 0.633149 0.183074 0.0267441 0.00246327
 0.131901 0.49318 0.331252 0.0422183 0.00144891
 0.196976 0.569456 0.194076 0.0375587 0.00193317
 0.518974 0.381816 0.0799577 0.0180837 0.00116848
 0.0928022 0.601141 0.25162 0.0475244 0.00691264
 0.122501 0.610282 0.24278 0.0234846 0.000952079
 0.383417 0.481906 0.127806 0.00687128 0
 0.0376549 0.599619 0.316969 0.0457579 0
 0.0361596 0.667082 0.258105 0.0386534 0
 0.158088 0.579412 0.248529 0.0139706 0
 0.0477256 0.309471 0.559284 0.082774 0.000745712
 0.0406174 0.521527 0.379366 0.0568643 0.0016247
 0.151134 0.462217 0.34131 0.0453401 0
 0.294876 0.26143 0.354403 0.0886775 0.000613685
 0.281977 0.475581 0.204845 0.0348837 0.00271318
 0.0841818 0.532909 0.334909 0.0458182 0.00218182
 0.115287 0.27431 0.454777 0.147771 0.00785563
 0 0 0 0 0
pf_pred 
 0.452502 0.385527 0.14475 0.0172153 5.55186e-06
 0.458799 0.348095 0.135978 0.051054 0.00607388
 0.312482 0.447094 0.154638 0.0604069 0.0253785
 0.47182 0.278692 0.162242 0.0561153 0.0311299
 0.592199 0.265994 0.0748242 0.0435593 0.0234239
 0.390324 0.454653 0.101116 0.0284439 0.0254632
 0.606693 0.232761 0.119724 0.0266267 0.0141953
 0.504182 0.380593 0.0681914 0.035075 0.0119595
 0.581973 0.290932 0.0975584 0.0174797 0.0120565
 0.510048 0.370714 0.0829855 0.0278275 0.0084249
 0.315906 0.473269 0.159518 0.0357086 0.0155994
 0.298964 0.364101 0.233098 0.0785669 0.0252706
 0.461911 0.267531 0.140521 0.0899616 0.040075
 0.436496 0.384671 0.0889133 0.0467017 0.0432173
 0.539551 0.32285 0.0939306 0.0217112 0.0219568
 0.558124 0.339189 0.0720005 0.0209479 0.00973862
 0.463229 0.399177 0.105618 0.0224199 0.00955535
 0.477719 0.343246 0.133142 0.035228 0.010665
 0.454991 0.361406 0.120665 0.0468047 0.0161333
 0.587589 0.264232 0.0982608 0.032807 0.0171119
 0.548338 0.339784 0.0716799 0.0266559 0.0135418
 0.456563 0.388033 0.116911 0.0246632 0.013831
 0.542594 0.29076 0.118991 0.0358511 0.0118044
 0.522725 0.340365 0.0870297 0.0356163 0.0142641
 0.287721 0.49555 0.154558 0.0395198 0.0226505
 0.310796 0.314926 0.260395 0.0812152 0.0326684
 0.264591 0.356543 0.173119 0.143143 0.0626035
pobs_RECLAS
 0 0 0 0 0
 0 0 0 0 0
 0 0 0 0 0
 0 0 0 0 0
 0.835266 0.146461 0.0176864 0.000547809 3.91292e-05
 0.385257 0.428462 0.181853 0.0044286 0
 0.867414 0.0963971 0.0333333 0.00285562 0
 0.441836 0.489002 0.0689373 0.000224442 0
 0.779404 0.147425 0.0564933 0.0165055 0.000172143
 0.814271 0.122319 0.05973 0.00367925 0
 0.40263 0.566651 0.0304383 0.000280538 0
 0.475488 0.404961 0.113038 0.00651328 0
 0.955842 0.0263864 0.0167828 0.000988607 0
 0.975058 0.0227948 0.00214734 0 0
 0.738997 0.206755 0.0527124 0.00153531 0
 0.850938 0.134255 0.0134407 0.00136685 0
 0.542534 0.407297 0.0501686 0 0
 0.764087 0.199537 0.0359546 0.000420521 0
 0.470689 0.182191 0.310203 0.0369168 0
 0.84361 0.089868 0.0606195 0.00523954 0.000663233
 0.607945 0.314616 0.071237 0.00620181 0
 0.523733 0.453247 0.0230204 0 0
 0.530135 0.295979 0.169645 0.0042399 0
 0.562478 0.366248 0.0663022 0.0049721 0
 0.250443 0.683176 0.0655157 0.000865301 0
 0.195077 0.31981 0.436473 0.0351445 0.0134964
 0.195077 0.31981 0.436473 0.0351445 0.0134964
ppred_RECLAS
 0.455338 0.38353 0.144 0.0171261 5.52311e-06
 0.461869 0.34612 0.135206 0.0507644 0.00603942
 0.319839 0.44231 0.152983 0.0597604 0.025107
 0.473278 0.277923 0.161794 0.0559604 0.031044
 0.592451 0.265829 0.0747779 0.0435324 0.0234094
 0.394563 0.451492 0.100413 0.0282461 0.0252861
 0.608749 0.231545 0.119098 0.0264875 0.0141211
 0.508362 0.377384 0.0676165 0.0347793 0.0118587
 0.585699 0.288339 0.0966888 0.0173239 0.011949
 0.512466 0.368884 0.0825759 0.0276902 0.00838332
 0.321095 0.469678 0.158308 0.0354377 0.0154811
 0.303624 0.36168 0.231548 0.0780447 0.0251026
 0.471447 0.26279 0.138031 0.0883673 0.0393648
 0.458157 0.369885 0.0854955 0.0449065 0.041556
 0.556271 0.311127 0.0905198 0.0209228 0.0211595
 0.563139 0.335339 0.0711833 0.0207102 0.00962809
 0.466824 0.396504 0.104911 0.0222698 0.00949136
 0.480057 0.34171 0.132545 0.0350703 0.0106173
 0.45704 0.360047 0.120212 0.0466287 0.0160726
 0.589517 0.262996 0.0978013 0.0326536 0.0170319
 0.549123 0.339194 0.0715555 0.0266096 0.0135183
 0.457652 0.387255 0.116676 0.0246137 0.0138033
 0.54398 0.289878 0.118631 0.0357424 0.0117686
 0.523991 0.339462 0.0867988 0.0355219 0.0142263
 0.288702 0.494868 0.154346 0.0394654 0.0226194
 0.311873 0.314434 0.259988 0.0810883 0.0326174
 0.265836 0.35594 0.172826 0.142901 0.0624975
pobs_PELACES
 0 0 0 0 0
 0 0 0 0 0
 0 0 0 0 0
 0 0 0 0 0
 0 0 0 0 0
 0 0 0 0 0
 0 0 0 0 0
 0 0 0 0 0
 0 0 0 0 0
 0 0 0 0 0
 0.450072 0.473896 0.0757376 0.000293798 0
 0 0 0 0 0
 0.463077 0.371075 0.160297 0.00555027 0
 0.529543 0.364841 0.0842815 0.0213345 0
 0.631943 0.363953 0.00410389 0 0
 0.735681 0.248677 0.0153453 0.000297389 0
 0.695825 0.281241 0.0229344 0 0
 0.275771 0.60734 0.115278 0.00161068 0
 0 0 0 0 0
 0.896147 0.0623911 0.0374545 0.00400742 0
 0.803859 0.145111 0.0509908 3.86294e-05 0
 0.739449 0.233085 0.0266225 0.000797448 4.60066e-05
 0.878498 0.100942 0.0204185 0.000141795 0
 0.694673 0.275183 0.0284847 0.00165964 0
 0.469039 0.446079 0.0841089 0.000773354 0
 0.822795 0.102175 0.0682046 0.00682512 0
 0 0 0 0 0
ppred_PELACES
 0.467675 0.374844 0.140738 0.0167382 5.39801e-06
 0.475023 0.33766 0.131902 0.0495236 0.00589181
 0.345032 0.425927 0.147317 0.057547 0.024177
 0.480332 0.274201 0.159628 0.055211 0.0306282
 0.593838 0.264925 0.0745234 0.0433842 0.0233297
 0.411466 0.438887 0.0976093 0.0274575 0.0245802
 0.618081 0.226022 0.116257 0.0258557 0.0137843
 0.525099 0.364536 0.0653145 0.0335953 0.011455
 0.600819 0.277816 0.0931601 0.0166916 0.011513
 0.523277 0.360704 0.0807448 0.0270762 0.00819742
 0.340544 0.456223 0.153773 0.0344225 0.0150376
 0.321446 0.352424 0.225622 0.0760473 0.0244602
 0.502292 0.247454 0.129975 0.0832104 0.0370676
 0.512088 0.333069 0.0769859 0.0404369 0.0374199
 0.600606 0.280041 0.0814755 0.0188323 0.0190453
 0.582202 0.320706 0.0680772 0.0198065 0.00920797
 0.481736 0.385414 0.101977 0.0216469 0.00922591
 0.49059 0.334788 0.12986 0.0343598 0.0104022
 0.466475 0.353791 0.118123 0.0458185 0.0157933
 0.598397 0.257307 0.0956856 0.0319472 0.0166634
 0.553169 0.33615 0.0709133 0.0263708 0.013397
 0.463107 0.38336 0.115503 0.0243662 0.0136644
 0.550712 0.285599 0.11688 0.0352147 0.0115948
 0.530216 0.335023 0.0856638 0.0350574 0.0140403
 0.29359 0.491467 0.153285 0.0391942 0.0224639
 0.31721 0.311995 0.257971 0.0804594 0.0323644
 0.271833 0.353032 0.171415 0.141733 0.061987
pobs_pel_tallas
 0 0 0 0 0 0 0 0 0 0 0 0 0 0 0 0 0 0 0 0 0 0 0 0 0 0 0 0 0 0 0 0 0 0 0 0
 0 0 0 0 0 0 0 0 0 0 0 0 0 0 0 0 0 0 0 0 0 0 0 0 0 0 0 0 0 0 0 0 0 0 0 0
 0 0 0 0 0 0 0 0 0 0 0 0 0 0 0 0 0 0 0 0 0 0 0 0 0 0 0 0 0 0 0 0 0 0 0 0
 0 0 0 0 0 0 0 0 0 0 0 0 0 0 0 0 0 0 0 0 0 0 0 0 0 0 0 0 0 0 0 0 0 0 0 0
 0 0 0 0 0 0 0 0 0 0 0 0 0 0 0 0 0 0 0 0 0 0 0 0 0 0 0 0 0 0 0 0 0 0 0 0
 0 0 0 0 0 0 0 0 0 0 0 0 0 0 0 0 0 0 0 0 0 0 0 0 0 0 0 0 0 0 0 0 0 0 0 0
 0 0 0 0 0 0 0 0 0 0 0 0 0 0 0 0 0 0 0 0 0 0 0 0 0 0 0 0 0 0 0 0 0 0 0 0
 0 0 0 0 0 0 0 0 0 0 0 0 0 0 0 0 0 0 0 0 0 0 0 0 0 0 0 0 0 0 0 0 0 0 0 0
 0 0 0 0 0 0 0 0 0 0 0 0 0 0 0 0 0 0 0 0 0 0 0 0 0 0 0 0 0 0 0 0 0 0 0 0
 0 0 0 0 0 0 0 0 0 0 0 0 0 0 0 0 0 0 0 0 0 0 0 0 0 0 0 0 0 0 0 0 0 0 0 0
 0 0 0 0 0 0 0 0 1.78061e-05 0.00172719 0.00360574 0.0105946 0.0120993 0.0124554 0.0147524 0.0171206 0.0266825 0.0428682 0.0675386 0.121331 0.153587 0.119568 0.100827 0.0573624 0.0630603 0.0341343 0.0324427 0.0444173 0.0211091 0.0280891 0.0125444 0.00206551 0 0 0 0
 0 0 0 0 0 0 0 0 0 0 0 0 0 0 0 0 0 0 0 0 0 0 0 0 0 0 0 0 0 0 0 0 0 0 0 0
 0 0 0 0 0 0 0.0133647 0.0140871 0.0187388 0.0205184 0.03894 0.0496705 0.03968 0.0493445 0.0407372 0.0367815 0.0215668 0.0243155 0.0234873 0.0199281 0.019796 0.0243948 0.0301388 0.0376714 0.0412746 0.0863199 0.0771752 0.113111 0.0741005 0.0525337 0.0229764 0.00759418 0.00175318 0 0 0
 0 0 0 0 0 0 0 0 0 0 0.00219441 0.00772107 0.0458388 0.0604681 0.0671733 0.0775358 0.0609151 0.0617685 0.073594 0.0568108 0.0755445 0.0548602 0.0670107 0.0636378 0.0643287 0.046367 0.0373049 0.0286899 0.0247887 0.0153202 0.00654259 0.00121912 0.000365735 0 0 0
 0 0 0 0 0 0 0 0 0 0 0 0 0.000112435 0.00938835 0.0111873 0.0202946 0.0414886 0.0713402 0.111592 0.104902 0.108894 0.110636 0.117776 0.105296 0.107544 0.0401394 0.0192827 0.0124803 0.00416011 0.0028671 0.000618394 0 0 0 0 0
 0 0 0 0 0 0 0 0 0 0 0.00291406 0.0102884 0.027416 0.0768956 0.0749926 0.110853 0.0956884 0.0897413 0.0766577 0.0534642 0.0500743 0.0551293 0.0594112 0.0620874 0.0668451 0.0424026 0.0208742 0.0120726 0.0048766 0.00582813 0.00118941 0.000297354 0 0 0 0
 0 0.00264628 0.0354308 0.0461629 0.0458689 0.0383711 0.0214643 0.0164657 0.0346957 0.0420465 0.0363128 0.0245516 0.0311673 0.0291091 0.0169068 0.0133784 0.00837989 0.0085269 0.0148486 0.0160247 0.0276389 0.0546898 0.0760071 0.122758 0.109233 0.0665981 0.0333725 0.0166128 0.00676272 0.00308733 0.000882094 0 0 0 0 0
 0 0 0 0 0 0 0 0.000805153 0.000690131 0.00759144 0.0133425 0.0154129 0.00931677 0.000345066 0.00356568 0.00563607 0.00851162 0.0253048 0.0502646 0.0516448 0.0657925 0.0565908 0.0611916 0.0827007 0.0866115 0.110766 0.145733 0.0935128 0.0569358 0.0249597 0.0138026 0.00621118 0.00161031 0.00115022 0 0
 0 0 0 0 0 0 0 0 0 0 0 0 0 0 0 0 0 0 0 0 0 0 0 0 0 0 0 0 0 0 0 0 0 0 0 0
 0.00147267 0.00158595 0.00478618 0.00569244 0.00954404 0.0108468 0.00647125 0.017049 0.0510054 0.094081 0.124002 0.0959785 0.0687766 0.0820023 0.061753 0.0591476 0.0492212 0.0479892 0.0443925 0.0268479 0.0217502 0.0140895 0.0121071 0.0120363 0.00920419 0.00665534 0.0049561 0.00860946 0.00930331 0.0156896 0.0114698 0.00855282 0.00243557 0.00046729 0 2.83206e-05
 0 0 0 0 0.000772559 0.00158375 0.000888443 0.00281984 0.00712685 0.0440552 0.0773331 0.111326 0.0921469 0.0852325 0.0710754 0.0886704 0.0786465 0.0553345 0.0373146 0.0185414 0.00753245 0.00457741 0.012979 0.0271748 0.0457355 0.0583668 0.034881 0.0177882 0.00938659 0.00492506 0.0015258 0.00185414 0.000309023 5.79419e-05 3.86279e-05 0
 0 0.00173294 0.00326652 0 0.00397197 0.00683976 0.00946217 0.0152591 0.00757587 0.0136028 0.0228656 0.0392903 0.0559909 0.0764795 0.0681675 0.0726916 0.0566044 0.0477403 0.0527397 0.0444891 0.0609904 0.0582453 0.0661739 0.0445044 0.0529084 0.0360697 0.0280645 0.0235558 0.0158879 0.00826598 0.00280645 0.00217768 0.000904811 0.00058276 9.20147e-05 0
 0 0 0 0 0 0 0 0 0 0 0 0 0 0 0 0 0 0 0 0 0 0 0 0 0 0 0 0 0 0 0 0 0 0 0 0
 0 0 0 0 0 0 0 0 0 0 0 0 0 0 0 0 0 0 0 0 0 0 0 0 0 0 0 0 0 0 0 0 0 0 0 0
 0 0 0 0 0 0 0 0 0 0 0 0 0 0 0 0 0 0 0 0 0 0 0 0 0 0 0 0 0 0 0 0 0 0 0 0
 0 0 0 0 0 0 0 0 0 0 0 0 0 0 0 0 0 0 0 0 0 0 0 0 0 0 0 0 0 0 0 0 0 0 0 0
 0 0 0 0 0 0 0 0 0 0 0 0 0 0 0 0 0 0 0 0 0 0 0 0 0 0 0 0 0 0 0 0 0 0 0 0
ppred_pel_tallas
 1.02696e-16 2.0421e-05 0.000119815 0.000569464 0.00219233 0.00683646 0.0172686 0.0353361 0.0585819 0.0786991 0.0857067 0.0757576 0.054575 0.0325476 0.0171009 0.00976095 0.00842898 0.0105781 0.0146205 0.0197522 0.0254457 0.031159 0.0362874 0.0402455 0.0425863 0.0430978 0.0418414 0.0391172 0.0353739 0.0310965 0.0267078 0.0225114 0.0186814 0.0152863 0.0123284 0.00978104
 1.0396e-16 2.07398e-05 0.000121691 0.000578388 0.0022267 0.00694365 0.0175394 0.0358898 0.0594985 0.0799267 0.0870337 0.076907 0.0553517 0.0329081 0.0171031 0.00946894 0.00785763 0.00969297 0.0133664 0.0180851 0.02336 0.0287065 0.0335871 0.037478 0.0399746 0.0408762 0.0402196 0.0382486 0.0353345 0.0318785 0.0282275 0.0246276 0.0212189 0.0180592 0.0151609 0.012522
 1.05337e-16 1.50752e-05 8.84261e-05 0.000420227 0.00161771 0.00504452 0.0127424 0.0260756 0.043234 0.058095 0.0633055 0.0560461 0.0405697 0.0245859 0.0136341 0.00891307 0.00894877 0.0119345 0.0167169 0.0226588 0.0292539 0.0359176 0.0419782 0.0467812 0.0498247 0.050867 0.049968 0.0474476 0.0437844 0.0394891 0.0349973 0.0306107 0.0264911 0.0226934 0.0192143 0.0160353
 1.05684e-16 2.09688e-05 0.000123041 0.000584819 0.00225149 0.00702096 0.0177346 0.0362887 0.0601579 0.0808069 0.0879775 0.0777059 0.0558506 0.0330526 0.0169005 0.00891897 0.00691383 0.00826942 0.0113703 0.0154568 0.0201097 0.0249432 0.0295284 0.0334376 0.0363239 0.0379881 0.0384069 0.037712 0.0361336 0.0339299 0.0313292 0.0284997 0.0255497 0.0225477 0.0195476 0.0166071
 1.03726e-16 2.59176e-05 0.000152096 0.000722954 0.00278335 0.00867954 0.021924 0.0448604 0.0743651 0.0998825 0.108724 0.0959788 0.0688713 0.0405303 0.0203001 0.0100188 0.00692172 0.00772701 0.0104051 0.0140129 0.0180664 0.0221632 0.025881 0.0288161 0.0306636 0.0312815 0.0307159 0.0291732 0.0269554 0.0243797 0.0217112 0.0191268 0.0167131 0.0144888 0.0124383 0.0105397
 1.03621e-16 1.79724e-05 0.000105435 0.000501086 0.00192903 0.00601536 0.0151947 0.0310932 0.0515509 0.0692634 0.0754563 0.0667577 0.0482235 0.0290239 0.0157321 0.00973697 0.00923678 0.0120377 0.0167406 0.0225892 0.0290178 0.0354025 0.0410425 0.0452681 0.0475831 0.0477774 0.0459675 0.0425499 0.0380874 0.0331695 0.0282924 0.0237901 0.0198252 0.0164239 0.0135316 0.0110654
 1.03257e-16 2.69733e-05 0.000158297 0.000752442 0.00289689 0.00903364 0.0228184 0.0466901 0.0773968 0.10395 0.113141 0.0998515 0.0715931 0.0420173 0.0208331 0.00993448 0.00642624 0.00688265 0.00919637 0.0124119 0.0160753 0.019836 0.0233298 0.0262018 0.0281712 0.0290874 0.0289534 0.0279074 0.0261734 0.0239992 0.0216037 0.0191478 0.0167317 0.0144088 0.0122086 0.0101532
 1.02736e-16 2.29243e-05 0.000134513 0.000639345 0.00246139 0.00767552 0.019388 0.0396724 0.0657689 0.0883482 0.0961993 0.084995 0.0611482 0.036304 0.0187732 0.0102367 0.008303 0.0101049 0.0138436 0.0186238 0.0238913 0.0291066 0.0336839 0.0370683 0.0388531 0.0388716 0.0372314 0.0342733 0.0304759 0.0263376 0.0222755 0.0185674 0.0153441 0.0126194 0.0103378 0.00841967
 1.02525e-16 2.62226e-05 0.000153885 0.000731458 0.00281608 0.00878163 0.0221818 0.0453881 0.0752402 0.101059 0.110007 0.0971164 0.0696993 0.041041 0.0205994 0.0102377 0.00716235 0.0080545 0.0108587 0.0146132 0.018815 0.0230375 0.0268306 0.0297636 0.0315104 0.031919 0.0310396 0.0290972 0.0264241 0.0233753 0.0202561 0.0172804 0.0145643 0.0121463 0.0100183 0.00815486
 1.02578e-16 2.28448e-05 0.000134047 0.000637126 0.00245285 0.00764889 0.0193208 0.0395348 0.0655406 0.0880414 0.095865 0.0846989 0.0609337 0.0361739 0.0187012 0.0101904 0.00825911 0.010051 0.0137756 0.0185441 0.0238079 0.0290334 0.0336396 0.0370738 0.0389271 0.0390263 0.0374679 0.0345797 0.0308278 0.0267015 0.0226143 0.0188471 0.0155393 0.0127169 0.0103377 0.00833375
 1.04217e-16 1.48807e-05 8.72817e-05 0.00041478 0.00159673 0.00497907 0.0125772 0.0257377 0.0426748 0.0573466 0.0624983 0.0553511 0.0401091 0.0243916 0.0136785 0.00916768 0.00941793 0.012654 0.0177341 0.0240096 0.030942 0.0378991 0.0441547 0.0490036 0.0519093 0.0526211 0.0512189 0.0480692 0.0437141 0.0387335 0.0336258 0.0287404 0.0242681 0.0202728 0.0167439 0.0136428
 1.07074e-16 1.40439e-05 8.2378e-05 0.000391488 0.00150708 0.00469954 0.011871 0.024292 0.0402758 0.054117 0.0589632 0.052184 0.0377356 0.0227929 0.0125069 0.00798594 0.00785304 0.0104322 0.014673 0.0200284 0.0260936 0.0324047 0.0384148 0.0435697 0.0474148 0.0496816 0.0503255 0.0495007 0.0474908 0.0446205 0.0411829 0.0374015 0.0334296 0.0293736 0.0253224 0.0213678
 1.06517e-16 2.19251e-05 0.000128658 0.000611531 0.00235434 0.00734172 0.0185447 0.0379462 0.0629044 0.0844924 0.0919801 0.0812177 0.0583233 0.0344125 0.0174049 0.00887568 0.00651121 0.00756194 0.0103356 0.0140519 0.0183084 0.0227564 0.0270156 0.0307071 0.0335233 0.0352864 0.0359719 0.0356882 0.0346253 0.0329921 0.0309663 0.0286709 0.0261789 0.0235347 0.0207805 0.0179733
 1.0434e-16 2.23556e-05 0.000131178 0.000623494 0.00240038 0.00748525 0.0189074 0.0386888 0.0641376 0.0861551 0.0938069 0.0828706 0.0595969 0.0353371 0.01819 0.00978793 0.00779403 0.00941181 0.0128952 0.0173904 0.022388 0.0274025 0.031906 0.0353943 0.0374909 0.0380297 0.0370855 0.0349372 0.0319841 0.0286421 0.0252557 0.0220513 0.0191328 0.016512 0.0141515 0.0120039
 1.02785e-16 2.62134e-05 0.000153831 0.000731199 0.00281509 0.00877852 0.022174 0.0453721 0.0752137 0.101023 0.109968 0.0970833 0.0696773 0.0410314 0.0206005 0.0102477 0.00718018 0.00807982 0.0108906 0.0146489 0.0188492 0.0230618 0.026835 0.0297379 0.0314468 0.0318156 0.0309021 0.0289399 0.0262689 0.0232483 0.0201833 0.0172828 0.0146544 0.0123256 0.0102773 0.00847532
 1.02182e-16 2.54125e-05 0.000149125 0.00070882 0.00272891 0.00850976 0.0214952 0.0439835 0.0729132 0.0979376 0.106621 0.0941547 0.0676335 0.0399447 0.0202706 0.010437 0.0077553 0.00901991 0.0122335 0.0164361 0.0210867 0.0256976 0.0297493 0.0327506 0.0343396 0.034365 0.032917 0.0302917 0.0269088 0.0232079 0.01956 0.0162162 0.0133 0.0108319 0.00877029 0.00704968
 1.02749e-16 2.10344e-05 0.000123416 0.000586581 0.00225823 0.00704197 0.0177878 0.0363983 0.0603427 0.0810641 0.0882811 0.0780302 0.0562056 0.0335065 0.0175789 0.00999076 0.00857461 0.0107208 0.0147861 0.0199347 0.0256168 0.0312713 0.0362781 0.0400438 0.0421256 0.0423301 0.0407508 0.0377277 0.0337504 0.0293364 0.0249268 0.0208254 0.0171892 0.0140569 0.0113952 0.00914207
 1.0362e-16 2.14185e-05 0.000125675 0.000597333 0.00229965 0.00717112 0.0181139 0.0370654 0.0614469 0.0825427 0.0898786 0.0794121 0.0571355 0.0339301 0.0175633 0.00960999 0.00784398 0.00959797 0.0132074 0.0178558 0.0230469 0.028296 0.0330679 0.0368424 0.0392193 0.0400025 0.0392339 0.0371623 0.0341649 0.0306483 0.026965 0.0233652 0.0199909 0.0168991 0.014098 0.0115787
 1.04105e-16 2.03677e-05 0.000119504 0.000567992 0.00218667 0.00681881 0.0172241 0.0352447 0.0584298 0.0784929 0.0854774 0.0755436 0.0543963 0.0323918 0.0169292 0.00952201 0.00806899 0.010045 0.0138683 0.018749 0.0241843 0.0296677 0.0346366 0.0385464 0.0409815 0.0417445 0.04089 0.0386905 0.0355514 0.0319043 0.0281179 0.0244476 0.0210298 0.0179094 0.0150803 0.0125214
 1.03319e-16 2.61161e-05 0.000153262 0.000728499 0.0028047 0.00874613 0.0220922 0.0452045 0.0749353 0.100648 0.109555 0.0967075 0.0693842 0.040812 0.0204044 0.0100102 0.00684122 0.00758935 0.0102115 0.0137632 0.0177668 0.0218291 0.0255371 0.0284932 0.0303919 0.0310833 0.0305989 0.0291268 0.0269511 0.0243766 0.0216642 0.0189963 0.0164727 0.0141304 0.0119724 0.00999244
 1.02649e-16 2.41471e-05 0.000141695 0.000673493 0.00259288 0.00808558 0.0204238 0.0417914 0.0692802 0.0930607 0.101319 0.0894915 0.0643243 0.0380715 0.0194703 0.0102704 0.00793216 0.0094212 0.0128425 0.0172736 0.0221747 0.0270425 0.0313353 0.0345399 0.0362771 0.0363876 0.0349631 0.0323098 0.0288615 0.0250721 0.0213232 0.0178714 0.0148413 0.0122518 0.0100594 0.00819876
 1.03241e-16 2.0222e-05 0.000118647 0.000563909 0.00217094 0.00676974 0.0171001 0.0349914 0.0580107 0.0779327 0.0848745 0.0750279 0.054062 0.032267 0.0169994 0.00977422 0.00851653 0.0107253 0.0148258 0.0200144 0.0257563 0.0314987 0.036627 0.0405498 0.0428219 0.0432413 0.0418879 0.0390838 0.0352992 0.0310335 0.0267139 0.0226368 0.0189591 0.0157261 0.0129164 0.0104832
 1.03505e-16 2.40381e-05 0.000141059 0.00067048 0.0025813 0.00804945 0.0203325 0.0416042 0.0689687 0.0926384 0.100849 0.0890524 0.0639564 0.0377495 0.0191151 0.00977909 0.00720017 0.00835325 0.0113642 0.0153492 0.0198295 0.0243808 0.0285455 0.0318799 0.0340402 0.0348543 0.0343502 0.0327302 0.0303048 0.0274101 0.0243374 0.0212939 0.0183987 0.0157023 0.0132176 0.0109459
 1.03186e-16 2.31462e-05 0.000135819 0.000645558 0.00248533 0.00775016 0.0195765 0.0400579 0.066407 0.0892026 0.0971225 0.0857935 0.0616856 0.0365488 0.0187642 0.0100168 0.00788137 0.00945749 0.0129343 0.0174283 0.0224161 0.0274028 0.0318513 0.0352487 0.0372116 0.0375702 0.0364006 0.0339894 0.0307493 0.0271147 0.0234524 0.0200114 0.0169166 0.0141949 0.0118172 0.009736
 1.04733e-16 1.28347e-05 7.52667e-05 0.000357653 0.00137676 0.00429311 0.0108445 0.0221928 0.0368002 0.0494614 0.0539287 0.0478187 0.0347751 0.0213955 0.0124428 0.00899551 0.00985657 0.0135288 0.0190337 0.0257765 0.0332085 0.0406563 0.0473403 0.052504 0.0555749 0.0562895 0.0547416 0.051333 0.0466533 0.0413292 0.0358959 0.0307242 0.0260105 0.021813 0.0181096 0.0148499
 1.08041e-16 1.38576e-05 8.12878e-05 0.000386313 0.00148717 0.00463746 0.0117141 0.0239707 0.0397423 0.0533974 0.0581719 0.0514665 0.0371796 0.0223832 0.0121503 0.00756336 0.00725469 0.00956857 0.0134791 0.0184732 0.0241964 0.030249 0.0361526 0.0414105 0.045599 0.0484417 0.0498455 0.0498833 0.04874 0.0466444 0.0438137 0.0404266 0.0366261 0.0325373 0.0282893 0.0240236
 1.10315e-16 1.18803e-05 6.96762e-05 0.000331104 0.00127459 0.00397453 0.0100397 0.0205449 0.034065 0.0457772 0.0498908 0.0441882 0.0320268 0.0194911 0.0109606 0.00740071 0.00767691 0.010397 0.0146852 0.0200714 0.0261818 0.0325708 0.0387098 0.0440657 0.0482057 0.0508798 0.0520535 0.0518769 0.0506109 0.0485382 0.0458922 0.0428269 0.0394262 0.0357376 0.0318129 0.0277337
pSPR Fmed_Fpbrs
0.354622   0.255942 0.255942
Fs Fmed_Fpbrs
0.68   1.005 1.005
SSBpbr Bo_Bmed_Bpbrs
1.88222e+06  573367  387629 387629
Ro
42060.2
SPR SPRFo_SPRFmed_SPRFpbrs
872364 309360 223275
log_Ro
10.4669
likeval ReclasPelacesDesembMPH_pf_preclas_ppelaces_ptallas_desvR_qrecl_qpela
 114.118 84.1494 0.00432947 0.00200742 359.265 236.823 88.7136 0 14.7764 0 0 0 0 0 0
q_reclas_q_pelaces
1 1
M
0.7
N
 42256.5 19186.5 7203.73 856.749 0.276299
 44475 18053.2 7052.2 2647.81 315.009
 22913.8 18818.6 6508.86 2542.58 1068.21
 26318 8065.66 4695.47 1624.04 900.934
 53006.3 11995.9 3374.44 1964.45 1056.37
 40645.9 25867.6 5753.01 1618.32 1448.74
 80812.2 16313.2 8390.91 1866.15 994.888
 86694 35618.6 6381.84 3282.57 1119.26
 129818 35137.3 11782.6 2111.11 1456.12
 138730 53315.9 11934.9 4002.15 1211.67
 72313.8 60419.5 20364.8 4558.71 1991.49
 40740.3 27515.4 17615.4 5937.36 1909.72
 46818.4 15733.8 8264.17 5290.73 2356.85
 28551.7 15990.8 3696.13 1941.39 1796.55
 19991.5 7365.36 2142.89 495.31 500.913
 17072 5719.87 1214.17 353.254 164.226
 14398.9 6694.99 1771.43 376.026 160.262
 15722.8 5965.01 2313.76 612.199 185.339
 16469.2 6871.13 2294.11 889.862 306.729
 30906.9 7289.65 2710.83 905.083 472.084
 43359.3 13727.6 2895.93 1076.92 547.103
 46845.6 20490.4 6173.58 1302.36 730.357
 78393.6 21765.2 8907.28 2683.68 883.633
 106572 35852.1 9167.21 3751.62 1502.5
 55230.1 49065.1 15303 3912.91 2242.66
 48773.8 25526.8 21106.7 6583.02 2647.99
 32047.6 22470.1 10910.3 9021.14 3945.39
pred_Ctot
 4281.31 3647.64 1369.54 162.881 0.0525285
 4775.21 3623 1415.26 531.373 63.2173
 4893.68 7001.81 2421.74 946.013 397.445
 1562.09 922.686 537.147 185.785 103.064
 658.93 295.967 83.2556 48.4677 26.0634
 5675.14 6610.47 1470.18 413.562 370.224
 6578.87 2524.02 1298.26 288.735 153.931
 11595.7 8753.26 1568.34 806.692 275.057
 16324.8 8160.88 2736.59 490.319 338.194
 12362 8984.94 2011.31 674.452 204.193
 12344.9 18494.3 6233.6 1395.41 609.589
 6607.93 8047.63 5152.1 1736.54 558.549
 10740 6220.44 3267.29 2091.72 931.795
 10240.8 9024.93 2086.03 1095.69 1013.94
 6288.24 3762.68 1094.72 253.035 255.897
 2617.09 1590.48 337.616 98.2265 45.6651
 1734.57 1494.73 395.491 83.9519 35.7803
 1366.4 981.772 380.819 100.761 30.5047
 1295.64 1029.14 343.608 133.282 45.9413
 2361.79 1062.07 394.956 131.867 68.7806
 1512.19 937.043 197.676 73.5105 37.3452
 2177.24 1850.44 557.52 117.613 65.9567
 4477.46 2399.34 981.913 295.841 97.4091
 5610.43 3653.15 934.093 382.271 153.098
 2762.52 4757.98 1483.98 379.446 217.477
 2545.83 2579.66 2132.98 665.261 267.598
 2046.22 2757.33 1338.82 1107 484.145
F
 0.150433 0.300866 0.300866 0.300866 0.300866
 0.16008 0.320159 0.320159 0.320159 0.320159
 0.344125 0.688249 0.688249 0.688249 0.688249
 0.0856937 0.171387 0.171387 0.171387 0.171387
 0.017419 0.034838 0.034838 0.034838 0.034838
 0.212922 0.425844 0.425844 0.425844 0.425844
 0.11926 0.238521 0.238521 0.238521 0.238521
 0.203122 0.406245 0.406245 0.406245 0.406245
 0.189896 0.379792 0.379792 0.379792 0.379792
 0.131215 0.26243 0.26243 0.26243 0.26243
 0.26627 0.53254 0.53254 0.53254 0.53254
 0.251408 0.502816 0.502816 0.502816 0.502816
 0.374261 0.748523 0.748523 0.748523 0.748523
 0.654929 1.30986 1.30986 1.30986 1.30986
 0.551363 1.10273 1.10273 1.10273 1.10273
 0.23608 0.47216 0.47216 0.47216 0.47216
 0.181242 0.362485 0.362485 0.362485 0.362485
 0.127782 0.255563 0.255563 0.255563 0.255563
 0.115037 0.230075 0.230075 0.230075 0.230075
 0.111574 0.223148 0.223148 0.223148 0.223148
 0.0495643 0.0991286 0.0991286 0.0991286 0.0991286
 0.0665441 0.133088 0.133088 0.133088 0.133088
 0.0823407 0.164681 0.164681 0.164681 0.164681
 0.0756753 0.151351 0.151351 0.151351 0.151351
 0.0717785 0.143557 0.143557 0.143557 0.143557
 0.07501 0.15002 0.15002 0.15002 0.15002
 0.0924554 0.184911 0.184911 0.184911 0.184911
Np
 33116.4 9949.55 2637.33 1685.86 967.359
YTP_r0W_actual
 18416 70036.3 47260.4 45829.7 21786.5
YTP_p0W_proyectada
 79383.6 151149 140455 87093.5 112899
 79383.6 103651 39940.1 32604.7 20761.7
CTP_r0_actual
 2046.22 2757.33 1338.82 1107 484.145
CTP_p0_proyectada
 9680.93 6997.64 4473.1 2171.91 2537.06
 9680.93 4798.65 1271.98 813.085 466.556
Wmedp
 8.2 21.6 31.4 40.1 44.5
nmprior
 10.6 11 7 0
nm_flota  nm_reclas  nm_pelaces    nm_pelaL
inf 14.756 12.3054 33.5842
cv_recla  cv_pelaces  cv_mph
0.925142 1.00488 1.21942
 ------------------------------------------------
Talla a la edad & desviaci?n 
 7.2 14.2025 17.0495 18.207 18.6776
 1.08 2.13037 2.55742 2.73105 2.80164
