    unsorted:	 2.260925458e-06 0.001699958433 0.008137357910 2.955961135 11.17320874 28.13983149 48.55002577 66.89995614 87.31596759 148.4306954 164.9526386 213.2834569 271.3571501 416.1741280 470.0413146 500.1026143 626.5200153 715.2381450 736.6847568 811.9245133 854.5545287 884.4477064 1057.710442 1135.598142 1385.105712 1455.370368 1700.607634 1845.646914 2158.791971 2086.216556 2583.741231 2831.162913 3092.211968 3244.652747 3438.904929 4520.862831 4531.294796 4187.629903 4667.324381 5079.554925 58179.61912 188937.6415 377234.9558 382398.1266 403280.6572 424504.4604 341845.8412 447254.0654 459396.7596 273310.2827 534656.6722 549656.3088 638194.4794 681707.0532 738094.1435 858053.1686 976473.6138 1107378.426 1216909.889 1390459.450 1539828.899 1779134.471 1985165.315 2147524.925 2398119.369 2520773.823 2665412.817 33381063.54
      sorted:	 2.260925458e-06 0.001699958433 0.008137357910 2.955961135 11.17320874 28.13983149 48.55002577 66.89995614 87.31596759 148.4306954 164.9526386 213.2834569 271.3571501 416.1741280 470.0413146 500.1026143 626.5200153 715.2381450 736.6847568 811.9245133 854.5545287 884.4477064 1057.710442 1135.598142 1385.105712 1455.370368 1700.607634 1845.646914 2086.216556 2158.791971 2583.741231 2831.162913 3092.211968 3244.652747 3438.904929 4187.629903 4520.862831 4531.294796 4667.324381 5079.554925 58179.61912 188937.6415 273310.2827 341845.8412 377234.9558 382398.1266 403280.6572 424504.4604 447254.0654 459396.7596 534656.6722 549656.3088 638194.4794 681707.0532 738094.1435 858053.1686 976473.6138 1107378.426 1216909.889 1390459.450 1539828.899 1779134.471 1985165.315 2147524.925 2398119.369 2520773.823 2665412.817 33381063.54
