years
 1997 1998 1999 2000 2001 2002 2003 2004 2005 2006 2007 2008 2009 2010 2011 2012 2013 2014 2015 2016 2017 2018 2019 2020 2021 2022
reclasobs
 0 0 0 370054 412103 1.49427e+06 250295 1.28982e+06 931140 785840 897777 1.04006e+06 184774 17550 25797 100020 73551 82996 120727 218422 84188 347160 605670 569463 516374 1.08416e+06
reclaspred
 375906 103923 320794 238979 357576 427498 947453 634133 709457 643711 506599 339812 208755 97536.8 69521.8 71918.2 90746.5 123884 129530 187930 272486 245601 430095 598138 716193 644543
pelacesobs
 0 0 0 0 0 0 0 0 0 2.06254e+06 1.5e+06 0 1.87456e+06 323000 250000 174000 83755 137374 0 501740 490994 745055 786931 1.00524e+06 1.33801e+06 1.41789e+06
pelacespred
 1.06777e+06 258863 498240 560502 717305 719364 1.8124e+06 1.51273e+06 1.49679e+06 1.37224e+06 973695 673848 412197 161008 112952 124892 164466 226994 245166 344796 554271 490684 701399 1.08797e+06 1.30555e+06 1.30821e+06
mphobs
 0 0 0 0 0 112323 0 153150 637223 0 255016 313432 73983 77613 109348 50772 17779 17303 59886 28197 0 207744 136588 643089 65757 0
mphpred
 111411 68073.6 84404.7 104799 113161 179384 271801 321650 276525 280300 262565 184911 113950 60323.5 29473.4 25778.4 31633.1 43921.7 54297 61789.8 93700.5 110646 137777 200830 301539 313643
desembarqueobs
 350755 77701 442110 56441 14545 235359 269955 359681 431902 328805 639364 411747 362871 311530 167758 66681 60226 58785 57116 73181 50977 67692 138656 160484 209506 203330
desembarquepred
 350761 77701 442108 56442.1 14545.1 235394 269982 359684 431933 328826 639580 411995 363203 311973 167800 66692 60244.2 58786.2 57112.4 73179.6 50977.2 67686.8 138656 160486 209498 203324
Reclutas
 51068.2 65907.2 39781.6 65706.1 113034 81384.3 130337 122661 148937 146215 68131.5 40209.3 42983.5 23665.1 18456.9 22986.4 18937.8 21083.2 23473 43925.6 54257.7 67048 116174 163709 63668.4 68598.4
log_desv_Rt
 -0.10676 0.148325 -0.356518 0.145268 0.687765 0.359259 0.8302 0.769502 0.963602 0.945158 0.181517 -0.345825 -0.279108 -0.875924 -1.12448 -0.905021 -1.09876 -0.991449 -0.884074 -0.257425 -0.0461778 0.165485 0.715169 1.05817 0.113766 0.188347
SSB
 679616 415254 514875 639282 690290 1.09426e+06 1.658e+06 1.96209e+06 1.68682e+06 1.70985e+06 1.60166e+06 1.12797e+06 695104 367978 179790 157250 192964 267926 331216 376922 571580 674949 840453 1.22508e+06 1.83941e+06 1.91325e+06
BT
 2.19886e+06 595195 1.13441e+06 1.06351e+06 1.29554e+06 1.47357e+06 3.4288e+06 3.11735e+06 3.07571e+06 2.77506e+06 2.32359e+06 1.58711e+06 1.09602e+06 589365 345338 278849 343925 453496 488328 677258 1.03398e+06 942369 1.35251e+06 2.07812e+06 2.4989e+06 2.52148e+06
Ftot
 0.444728 0.369382 0.538859 0.102913 0.0197173 0.191181 0.119391 0.233586 0.260767 0.207126 0.426809 0.395993 0.628584 1.10015 1.02418 0.402898 0.286982 0.194416 0.166122 0.174371 0.0795198 0.105038 0.126691 0.116441 0.0975882 0.104413
BD_Bspro_t
 0.945729 0.749861 0.710622 0.58829 0.721304 0.843002 0.814404 0.821715 0.773695 0.74084 0.707094 0.55889 0.44532 0.334089 0.217184 0.232733 0.347512 0.511779 0.619303 0.69857 0.793146 0.855249 0.859394 0.866221 0.878163 0.848603
BD_Bspro
 0.579076 0.353823 0.438706 0.544709 0.588171 0.932378 1.41273 1.67182 1.43728 1.4569 1.36472 0.961104 0.592273 0.31354 0.153193 0.133987 0.164418 0.22829 0.282217 0.321162 0.487023 0.5751 0.716119 1.04384 1.5673 1.63021
BD_Bo
 0.287248 0.175512 0.217618 0.270201 0.29176 0.462502 0.700777 0.829302 0.712956 0.72269 0.676964 0.476752 0.293795 0.15553 0.0759906 0.0664638 0.0815588 0.113242 0.139993 0.159311 0.241586 0.285276 0.355228 0.517794 0.777451 0.808658
BD_Brms
 0.996233 0.608711 0.754743 0.93711 1.01188 1.60405 2.43043 2.87618 2.47267 2.50643 2.34784 1.65347 1.01894 0.53941 0.26355 0.23051 0.282862 0.392746 0.485522 0.552522 0.837867 0.989393 1.232 1.79581 2.69635 2.80459
S_f
 0.185498 1 1 1 1
 0.185498 1 1 1 1
 0.185498 1 1 1 1
 0.185498 1 1 1 1
 0.185498 1 1 1 1
 0.185498 1 1 1 1
 0.185498 1 1 1 1
 0.185498 1 1 1 1
 0.185498 1 1 1 1
 0.185498 1 1 1 1
 0.185498 1 1 1 1
 0.185498 1 1 1 1
 0.185498 1 1 1 1
 0.185498 1 1 1 1
 0.185498 1 1 1 1
 0.185498 1 1 1 1
 0.185498 1 1 1 1
 0.185498 1 1 1 1
 0.185498 1 1 1 1
 0.185498 1 1 1 1
 0.185498 1 1 1 1
 0.185498 1 1 1 1
 0.185498 1 1 1 1
 0.185498 1 1 1 1
 0.185498 1 1 1 1
 0.185498 1 1 1 1
Scru_reclas
 1 1 1 1 1
 1 1 1 1 1
 1 1 1 1 1
 1 1 1 1 1
 1 1 1 1 1
 1 1 1 1 1
 1 1 1 1 1
 1 1 1 1 1
 1 1 1 1 1
 1 1 1 1 1
 1 1 1 1 1
 1 1 1 1 1
 1 1 1 1 1
 1 1 1 1 1
 1 1 1 1 1
 1 1 1 1 1
 1 1 1 1 1
 1 1 1 1 1
 1 1 1 1 1
 1 1 1 1 1
 1 1 1 1 1
 1 1 1 1 1
 1 1 1 1 1
 1 1 1 1 1
 1 1 1 1 1
 1 1 1 1 1
Scru_pelaces
 1 1 1 1 1
 1 1 1 1 1
 1 1 1 1 1
 1 1 1 1 1
 1 1 1 1 1
 1 1 1 1 1
 1 1 1 1 1
 1 1 1 1 1
 1 1 1 1 1
 1 1 1 1 1
 1 1 1 1 1
 1 1 1 1 1
 1 1 1 1 1
 1 1 1 1 1
 1 1 1 1 1
 1 1 1 1 1
 1 1 1 1 1
 1 1 1 1 1
 1 1 1 1 1
 1 1 1 1 1
 1 1 1 1 1
 1 1 1 1 1
 1 1 1 1 1
 1 1 1 1 1
 1 1 1 1 1
 1 1 1 1 1
pf_obs 
 0.256992 0.487395 0.22802 0.0275931 0
 0.321318 0.546541 0.124235 0.00734118 0.000564706
 0.182869 0.594174 0.210203 0.0122559 0.00049798
 0.330522 0.361315 0.267642 0.0388342 0.00168674
 0.649043 0.306663 0.0425973 0.00169635 0
 0.582887 0.30429 0.105238 0.00758474 0
 0.465427 0.430635 0.0974691 0.00646863 0
 0.296916 0.608066 0.0921331 0.00288517 0
 0.311714 0.524322 0.152257 0.0117073 0
 0.15457 0.633149 0.183074 0.0267441 0.00246327
 0.131901 0.49318 0.331252 0.0422183 0.00144891
 0.196976 0.569456 0.194076 0.0375587 0.00193317
 0.518974 0.381816 0.0799577 0.0180837 0.00116848
 0.0928022 0.601141 0.25162 0.0475244 0.00691264
 0.122501 0.610282 0.24278 0.0234846 0.000952079
 0.383417 0.481906 0.127806 0.00687128 0
 0.0376549 0.599619 0.316969 0.0457579 0
 0.0361596 0.667082 0.258105 0.0386534 0
 0.158088 0.579412 0.248529 0.0139706 0
 0.0477256 0.309471 0.559284 0.082774 0.000745712
 0.0406174 0.521527 0.379366 0.0568643 0.0016247
 0.151134 0.462217 0.34131 0.0453401 0
 0.294876 0.26143 0.354403 0.0886775 0.000613685
 0.281977 0.475581 0.204845 0.0348837 0.00271318
 0.0841818 0.532909 0.334909 0.0458182 0.00218182
 0.115287 0.27431 0.454777 0.147771 0.00785563
pf_pred 
 0.338619 0.465595 0.174978 0.0207974 1.14532e-05
 0.314975 0.529486 0.109496 0.0411502 0.0048937
 0.177942 0.6138 0.160971 0.0332883 0.013998
 0.298351 0.421826 0.208933 0.0547935 0.0160959
 0.317783 0.481743 0.120523 0.059696 0.0202544
 0.171534 0.594024 0.16555 0.0414176 0.0274748
 0.262152 0.405368 0.238394 0.0664386 0.027648
 0.207033 0.530677 0.1441 0.0847441 0.0334458
 0.240627 0.463717 0.197862 0.0537273 0.0440669
 0.214222 0.517433 0.163867 0.0699199 0.0345582
 0.114594 0.547133 0.222752 0.0705438 0.0449772
 0.111834 0.408866 0.296181 0.120583 0.0625353
 0.192737 0.363122 0.20446 0.14811 0.0915711
 0.17237 0.525453 0.135925 0.0765341 0.0897182
 0.246688 0.496891 0.162798 0.042113 0.0515091
 0.325091 0.502997 0.113394 0.0371518 0.0213653
 0.217516 0.593391 0.140928 0.0317704 0.0163951
 0.228733 0.486959 0.215603 0.0512047 0.0175005
 0.225356 0.492853 0.177916 0.0787728 0.0251022
 0.325244 0.424205 0.159409 0.0575452 0.0335974
 0.265689 0.541887 0.120973 0.0454595 0.0259917
 0.245529 0.504878 0.184188 0.0411188 0.0242863
 0.309083 0.447716 0.162746 0.0593723 0.0210831
 0.287616 0.512059 0.129811 0.0471867 0.0233274
 0.0967135 0.62923 0.196991 0.0499388 0.027127
 0.138005 0.324455 0.374451 0.117228 0.0458614
pobs_RECLAS
 0 0 0 0 0
 0 0 0 0 0
 0 0 0 0 0
 0 0 0 0 0
 0.835266 0.146461 0.0176864 0.000547809 3.91292e-05
 0.385257 0.428462 0.181853 0.0044286 0
 0.867414 0.0963971 0.0333333 0.00285562 0
 0.441836 0.489002 0.0689373 0.000224442 0
 0.779404 0.147425 0.0564933 0.0165055 0.000172143
 0.814271 0.122319 0.05973 0.00367925 0
 0.40263 0.566651 0.0304383 0.000280538 0
 0.475488 0.404961 0.113038 0.00651328 0
 0.955842 0.0263864 0.0167828 0.000988607 0
 0.975058 0.0227948 0.00214734 0 0
 0.738997 0.206755 0.0527124 0.00153531 0
 0.850938 0.134255 0.0134407 0.00136685 0
 0.542534 0.407297 0.0501686 0 0
 0.764087 0.199537 0.0359546 0.000420521 0
 0.470689 0.182191 0.310203 0.0369168 0
 0.84361 0.089868 0.0606195 0.00523954 0.000663233
 0.607945 0.314616 0.071237 0.00620181 0
 0.523733 0.453247 0.0230204 0 0
 0.530135 0.295979 0.169645 0.0042399 0
 0.562478 0.366248 0.0663022 0.0049721 0
 0.250443 0.683176 0.0655157 0.000865301 0
 0.195077 0.31981 0.436473 0.0351445 0.0134964
ppred_RECLAS
 0.7396 0.183315 0.0688925 0.00818839 4.50938e-06
 0.717169 0.218612 0.0452082 0.01699 0.00202049
 0.547602 0.337789 0.0885863 0.0183193 0.00770344
 0.697372 0.181938 0.0901149 0.023633 0.00694232
 0.715384 0.20098 0.0502815 0.0249047 0.00844998
 0.530052 0.33696 0.0939082 0.0234942 0.0155851
 0.65838 0.187683 0.110375 0.0307608 0.0128009
 0.587817 0.275845 0.0749028 0.0440498 0.0173851
 0.634231 0.22336 0.0953048 0.025879 0.0212258
 0.597843 0.264819 0.0838662 0.0357846 0.0176867
 0.41757 0.35991 0.146529 0.0464045 0.0295865
 0.410313 0.271462 0.196646 0.0800597 0.0415196
 0.573771 0.191726 0.107953 0.0782009 0.0483489
 0.553177 0.283683 0.0733836 0.0413194 0.0484373
 0.658475 0.225273 0.073807 0.0190925 0.0233524
 0.727016 0.20345 0.0458653 0.015027 0.00864174
 0.603782 0.300469 0.07136 0.0160872 0.0083018
 0.617717 0.241364 0.106865 0.0253799 0.00867419
 0.612753 0.246379 0.0889406 0.0393788 0.0125486
 0.72399 0.173521 0.0652063 0.0235389 0.013743
 0.661974 0.249447 0.0556877 0.0209264 0.0119648
 0.638184 0.242121 0.0883295 0.019719 0.0116468
 0.70825 0.189054 0.0687218 0.0250708 0.00890266
 0.686486 0.225353 0.0571288 0.0207665 0.0102662
 0.367118 0.440866 0.13802 0.0349893 0.0190064
 0.464585 0.20153 0.232585 0.0728144 0.0284861
pobs_PELACES
 0 0 0 0 0
 0 0 0 0 0
 0 0 0 0 0
 0 0 0 0 0
 0 0 0 0 0
 0 0 0 0 0
 0 0 0 0 0
 0 0 0 0 0
 0 0 0 0 0
 0 0 0 0 0
 0.450072 0.473896 0.0757376 0.000293798 0
 0 0 0 0 0
 0.463077 0.371075 0.160297 0.00555027 0
 0.529543 0.364841 0.0842815 0.0213345 0
 0.631943 0.363953 0.00410389 0 0
 0.735681 0.248677 0.0153453 0.000297389 0
 0.695825 0.281241 0.0229344 0 0
 0.275771 0.60734 0.115278 0.00161068 0
 0 0 0 0 0
 0.896147 0.0623911 0.0374545 0.00400742 0
 0.803859 0.145111 0.0509908 3.86294e-05 0
 0.739449 0.233085 0.0266225 0.000797448 4.60066e-05
 0.878498 0.100942 0.0204185 0.000141795 0
 0.694673 0.275183 0.0284847 0.00165964 0
 0.469039 0.446079 0.0841089 0.000773354 0
 0.822795 0.102175 0.0682046 0.00682512 0
ppred_PELACES
 0.761955 0.167577 0.0629782 0.00748543 4.12226e-06
 0.736867 0.203387 0.0420597 0.0158067 0.00187978
 0.583176 0.311227 0.0816204 0.0168788 0.00709769
 0.703178 0.178447 0.0883861 0.0231796 0.00680914
 0.716462 0.200218 0.0500911 0.0248104 0.00841798
 0.54283 0.327798 0.0913549 0.0228554 0.0151613
 0.66556 0.183738 0.108055 0.0301142 0.0125318
 0.602941 0.265724 0.0721545 0.0424336 0.0167472
 0.650332 0.213527 0.0911093 0.0247398 0.0202914
 0.611152 0.256055 0.0810906 0.0346003 0.0171014
 0.445706 0.342524 0.13945 0.0441628 0.0281573
 0.43629 0.259503 0.187983 0.0765329 0.0396906
 0.614486 0.173411 0.0976412 0.0707309 0.0437304
 0.624624 0.238322 0.0616496 0.0347125 0.0406922
 0.717439 0.18638 0.0610644 0.0157963 0.0193207
 0.747972 0.187832 0.0423443 0.0138734 0.00797833
 0.62208 0.286593 0.0680645 0.0153443 0.00791841
 0.629979 0.233622 0.103437 0.0245658 0.00839597
 0.623294 0.239673 0.0865197 0.0383069 0.0122071
 0.733257 0.167696 0.0630171 0.0227486 0.0132816
 0.66674 0.24593 0.0549025 0.0206314 0.0117961
 0.644677 0.237775 0.0867443 0.0193652 0.0114378
 0.715237 0.184527 0.0670762 0.0244705 0.00868948
 0.693182 0.220539 0.0559086 0.0203229 0.0100469
 0.373233 0.436606 0.136687 0.0346512 0.0188227
 0.471572 0.1989 0.229549 0.0718641 0.0281144
pobs_pel_tallas
 0 0 0 0 0 0 0 0 0 0 0 0 0 0 0 0 0 0 0 0 0 0 0 0 0 0 0 0 0 0 0 0 0 0 0 0
 0 0 0 0 0 0 0 0 0 0 0 0 0 0 0 0 0 0 0 0 0 0 0 0 0 0 0 0 0 0 0 0 0 0 0 0
 0 0 0 0 0 0 0 0 0 0 0 0 0 0 0 0 0 0 0 0 0 0 0 0 0 0 0 0 0 0 0 0 0 0 0 0
 0 0 0 0 0 0 0 0 0 0 0 0 0 0 0 0 0 0 0 0 0 0 0 0 0 0 0 0 0 0 0 0 0 0 0 0
 0 0 0 0 0 0 0 0 0 0 0 0 0 0 0 0 0 0 0 0 0 0 0 0 0 0 0 0 0 0 0 0 0 0 0 0
 0 0 0 0 0 0 0 0 0 0 0 0 0 0 0 0 0 0 0 0 0 0 0 0 0 0 0 0 0 0 0 0 0 0 0 0
 0 0 0 0 0 0 0 0 0 0 0 0 0 0 0 0 0 0 0 0 0 0 0 0 0 0 0 0 0 0 0 0 0 0 0 0
 0 0 0 0 0 0 0 0 0 0 0 0 0 0 0 0 0 0 0 0 0 0 0 0 0 0 0 0 0 0 0 0 0 0 0 0
 0 0 0 0 0 0 0 0 0 0 0 0 0 0 0 0 0 0 0 0 0 0 0 0 0 0 0 0 0 0 0 0 0 0 0 0
 0 0 0 0 0 0 0 0 0 0 0 0 0 0 0 0 0 0 0 0 0 0 0 0 0 0 0 0 0 0 0 0 0 0 0 0
 0 0 0 0 0 0 0 0 1.78061e-05 0.00172719 0.00360574 0.0105946 0.0120993 0.0124554 0.0147524 0.0171206 0.0266825 0.0428682 0.0675386 0.121331 0.153587 0.119568 0.100827 0.0573624 0.0630603 0.0341343 0.0324427 0.0444173 0.0211091 0.0280891 0.0125444 0.00206551 0 0 0 0
 0 0 0 0 0 0 0 0 0 0 0 0 0 0 0 0 0 0 0 0 0 0 0 0 0 0 0 0 0 0 0 0 0 0 0 0
 0 0 0 0 0 0 0.0133647 0.0140871 0.0187388 0.0205184 0.03894 0.0496705 0.03968 0.0493445 0.0407372 0.0367815 0.0215668 0.0243155 0.0234873 0.0199281 0.019796 0.0243948 0.0301388 0.0376714 0.0412746 0.0863199 0.0771752 0.113111 0.0741005 0.0525337 0.0229764 0.00759418 0.00175318 0 0 0
 0 0 0 0 0 0 0 0 0 0 0.00219441 0.00772107 0.0458388 0.0604681 0.0671733 0.0775358 0.0609151 0.0617685 0.073594 0.0568108 0.0755445 0.0548602 0.0670107 0.0636378 0.0643287 0.046367 0.0373049 0.0286899 0.0247887 0.0153202 0.00654259 0.00121912 0.000365735 0 0 0
 0 0 0 0 0 0 0 0 0 0 0 0 0.000112435 0.00938835 0.0111873 0.0202946 0.0414886 0.0713402 0.111592 0.104902 0.108894 0.110636 0.117776 0.105296 0.107544 0.0401394 0.0192827 0.0124803 0.00416011 0.0028671 0.000618394 0 0 0 0 0
 0 0 0 0 0 0 0 0 0 0 0.00291406 0.0102884 0.027416 0.0768956 0.0749926 0.110853 0.0956884 0.0897413 0.0766577 0.0534642 0.0500743 0.0551293 0.0594112 0.0620874 0.0668451 0.0424026 0.0208742 0.0120726 0.0048766 0.00582813 0.00118941 0.000297354 0 0 0 0
 0 0.00264628 0.0354308 0.0461629 0.0458689 0.0383711 0.0214643 0.0164657 0.0346957 0.0420465 0.0363128 0.0245516 0.0311673 0.0291091 0.0169068 0.0133784 0.00837989 0.0085269 0.0148486 0.0160247 0.0276389 0.0546898 0.0760071 0.122758 0.109233 0.0665981 0.0333725 0.0166128 0.00676272 0.00308733 0.000882094 0 0 0 0 0
 0 0 0 0 0 0 0 0.000805153 0.000690131 0.00759144 0.0133425 0.0154129 0.00931677 0.000345066 0.00356568 0.00563607 0.00851162 0.0253048 0.0502646 0.0516448 0.0657925 0.0565908 0.0611916 0.0827007 0.0866115 0.110766 0.145733 0.0935128 0.0569358 0.0249597 0.0138026 0.00621118 0.00161031 0.00115022 0 0
 0 0 0 0 0 0 0 0 0 0 0 0 0 0 0 0 0 0 0 0 0 0 0 0 0 0 0 0 0 0 0 0 0 0 0 0
 0.00147267 0.00158595 0.00478618 0.00569244 0.00954404 0.0108468 0.00647125 0.017049 0.0510054 0.094081 0.124002 0.0959785 0.0687766 0.0820023 0.061753 0.0591476 0.0492212 0.0479892 0.0443925 0.0268479 0.0217502 0.0140895 0.0121071 0.0120363 0.00920419 0.00665534 0.0049561 0.00860946 0.00930331 0.0156896 0.0114698 0.00855282 0.00243557 0.00046729 0 2.83206e-05
 0 0 0 0 0.000772559 0.00158375 0.000888443 0.00281984 0.00712685 0.0440552 0.0773331 0.111326 0.0921469 0.0852325 0.0710754 0.0886704 0.0786465 0.0553345 0.0373146 0.0185414 0.00753245 0.00457741 0.012979 0.0271748 0.0457355 0.0583668 0.034881 0.0177882 0.00938659 0.00492506 0.0015258 0.00185414 0.000309023 5.79419e-05 3.86279e-05 0
 0 0.00173294 0.00326652 0 0.00397197 0.00683976 0.00946217 0.0152591 0.00757587 0.0136028 0.0228656 0.0392903 0.0559909 0.0764795 0.0681675 0.0726916 0.0566044 0.0477403 0.0527397 0.0444891 0.0609904 0.0582453 0.0661739 0.0445044 0.0529084 0.0360697 0.0280645 0.0235558 0.0158879 0.00826598 0.00280645 0.00217768 0.000904811 0.00058276 9.20147e-05 0
 0 0 0 0 0 0 0 0 0 0 0 0 0 0 0 0 0 0 0 0 0 0 0 0 0 0 0 0 0 0 0 0 0 0 0 0
 0 0 0 0 0 0 0 0 0 0 0 0 0 0 0 0 0 0 0 0 0 0 0 0 0 0 0 0 0 0 0 0 0 0 0 0
 0 0 0 0 0 0 0 0 0 0 0 0 0 0 0 0 0 0 0 0 0 0 0 0 0 0 0 0 0 0 0 0 0 0 0 0
 0 0 0 0 0 0 0 0 0 0 0 0 0 0 0 0 0 0 0 0 0 0 0 0 0 0 0 0 0 0 0 0 0 0 0 0
ppred_pel_tallas
 1.01207e-16 3.32444e-05 0.000195119 0.000927512 0.00357098 0.0111358 0.0281281 0.0575537 0.0954014 0.128121 0.139419 0.122974 0.0880199 0.0513514 0.0248891 0.0109089 0.00578064 0.00523035 0.00663771 0.00884759 0.0113789 0.0139315 0.0162245 0.0179946 0.0190417 0.019271 0.01871 0.0174927 0.0158196 0.0139077 0.0119457 0.0100695 0.00835691 0.00683857 0.00551563 0.00437613
 1.01295e-16 3.21518e-05 0.000188702 0.000896996 0.00345347 0.0107693 0.0272025 0.0556602 0.0922639 0.123911 0.134847 0.118963 0.085198 0.049803 0.024321 0.0109696 0.00625351 0.00604876 0.00781797 0.0104229 0.0133569 0.0162721 0.0188316 0.0207227 0.0217159 0.0217156 0.0207795 0.0190962 0.0169329 0.0145694 0.0122421 0.0101112 0.00825563 0.00668888 0.00538466 0.00430125
 1.02172e-16 2.54546e-05 0.000149373 0.000710001 0.00273346 0.00852395 0.021531 0.0440568 0.0730344 0.0980996 0.106795 0.0943038 0.0677301 0.0399806 0.0202502 0.0103644 0.00762763 0.0088279 0.0119671 0.0160903 0.0206673 0.0252243 0.0292565 0.0322842 0.0339501 0.0340986 0.032806 0.0303481 0.0271214 0.0235452 0.0199765 0.0166615 0.0137273 0.0112047 0.00906626 0.00726081
 1.02428e-16 3.06819e-05 0.000180074 0.000855984 0.00329557 0.0102769 0.0259587 0.0531151 0.0880449 0.118244 0.128678 0.113516 0.0812861 0.0474953 0.0231567 0.0103853 0.00584717 0.00561303 0.00727459 0.00976677 0.0126348 0.0155784 0.0183056 0.0205357 0.022048 0.0227252 0.0225725 0.0217019 0.0202938 0.0185469 0.0166365 0.0146911 0.0127899 0.0109743 0.00926563 0.00767874
 1.02023e-16 3.12619e-05 0.000183478 0.000872161 0.00335785 0.0104711 0.0264493 0.0541191 0.0897094 0.120481 0.131115 0.115674 0.0828477 0.0484407 0.0236779 0.0107183 0.00616707 0.00601865 0.00781033 0.0104394 0.0134165 0.0164048 0.0190761 0.0211236 0.0223182 0.0225585 0.0218894 0.0204809 0.0185778 0.0164373 0.0142761 0.0122404 0.0104028 0.00877812 0.00734884 0.00608736
 1.02898e-16 2.3696e-05 0.000139047 0.000660907 0.00254443 0.00793446 0.020042 0.0410103 0.0679855 0.0913215 0.0994259 0.0878195 0.0631232 0.0373623 0.0191114 0.0100886 0.00780406 0.0092834 0.0126718 0.01707 0.0219548 0.0268385 0.0311934 0.0345155 0.036427 0.0367592 0.0355846 0.0331828 0.0299585 0.0263398 0.0226904 0.0192602 0.0161777 0.0134752 0.0111283 0.00909203
 1.03215e-16 2.90418e-05 0.000170445 0.000810205 0.00311931 0.00972725 0.0245703 0.0502744 0.0833366 0.111922 0.121803 0.107462 0.0769737 0.0450225 0.0220393 0.010036 0.00586768 0.00582566 0.00763782 0.010298 0.01337 0.0165564 0.0195601 0.0220914 0.0239168 0.0249039 0.0250406 0.0244215 0.0232096 0.0215887 0.0197231 0.0177362 0.015709 0.013692 0.011722 0.00983363
 1.03352e-16 2.63145e-05 0.000154426 0.000734033 0.002826 0.00881256 0.02226 0.0455479 0.0755047 0.101413 0.110389 0.0974459 0.0699189 0.0411364 0.0205842 0.0101263 0.00695325 0.00773035 0.0103951 0.0139888 0.0180209 0.0220848 0.025755 0.028626 0.0303922 0.0309136 0.0302402 0.028585 0.0262577 0.023584 0.0208372 0.0182006 0.0157648 0.0135497 0.011538 0.00970361
 1.03162e-16 2.8379e-05 0.000166551 0.000791685 0.003048 0.00950485 0.0240086 0.0491253 0.0814327 0.109368 0.119031 0.105034 0.0752747 0.0441083 0.0217397 0.0101479 0.00627238 0.0064962 0.00859583 0.0115698 0.014957 0.0184181 0.0216087 0.0241974 0.0259267 0.0266652 0.0264287 0.0253613 0.0236862 0.0216446 0.0194449 0.017234 0.0150954 0.013065 0.011154 0.00936802
 1.03223e-16 2.66722e-05 0.000156527 0.000744022 0.00286447 0.00893252 0.022563 0.0461678 0.0765318 0.102791 0.111886 0.0987605 0.0708465 0.0416505 0.020783 0.010128 0.00683247 0.00751325 0.0100803 0.0135684 0.0174928 0.0214592 0.0250563 0.027891 0.0296647 0.0302364 0.0296474 0.0280956 0.0258736 0.0232916 0.0206126 0.0180162 0.0155955 0.0133777 0.0113544 0.00950811
 1.04925e-16 1.94616e-05 0.000114186 0.000542711 0.00208933 0.00651527 0.0164573 0.0336759 0.0558291 0.075 0.0816757 0.0721885 0.0519909 0.0309808 0.0162319 0.00919556 0.00787078 0.00985245 0.0136371 0.0184767 0.0238952 0.0294097 0.034479 0.038574 0.0412839 0.0424013 0.0419567 0.040186 0.0374525 0.0341476 0.030608 0.0270702 0.0236667 0.020452 0.0174395 0.0146339
 1.07238e-16 1.90477e-05 0.000111764 0.000531211 0.00204508 0.0063773 0.0161087 0.032962 0.0546437 0.0734015 0.0799192 0.0705987 0.0507648 0.0300885 0.0154709 0.00830792 0.00662029 0.00804755 0.0111377 0.0152134 0.0199019 0.0248535 0.0296704 0.0339466 0.0373402 0.0396352 0.0407687 0.040814 0.0399333 0.038318 0.0361417 0.0335379 0.0306044 0.0274219 0.0240758 0.0206673
 1.05917e-16 2.68142e-05 0.000157368 0.000748038 0.00287996 0.00898085 0.0226849 0.0464167 0.0769422 0.103335 0.11246 0.099223 0.0710825 0.0415971 0.0204018 0.00935931 0.00557347 0.00562924 0.00743941 0.0100865 0.0131797 0.0164549 0.0196466 0.0224919 0.0247738 0.0263604 0.0272205 0.0274098 0.0270361 0.0262182 0.025054 0.0236076 0.0219159 0.0200054 0.0179115 0.0156895
 1.04047e-16 2.72588e-05 0.000159973 0.000760408 0.00292756 0.00912928 0.0230599 0.0471845 0.0782165 0.105052 0.114341 0.100913 0.0723603 0.042479 0.0210823 0.0100843 0.00655802 0.00703739 0.00938501 0.0126235 0.0162793 0.0199833 0.0233571 0.0260409 0.0277639 0.0284013 0.0279959 0.0267325 0.0248785 0.0227121 0.0204615 0.0182738 0.0162145 0.0142898 0.012478 0.0107566
 1.02374e-16 3.1304e-05 0.000183726 0.000873343 0.00336241 0.0104853 0.0264852 0.0541923 0.0898305 0.120642 0.131288 0.115819 0.0829361 0.048461 0.0236296 0.010599 0.00596525 0.00571554 0.00738653 0.00988312 0.0127314 0.0156156 0.0182309 0.0202902 0.0215758 0.0219852 0.0215488 0.0204113 0.0187867 0.0169017 0.014949 0.01306 0.011303 0.00969762 0.00823681 0.00690667
 1.01512e-16 3.26354e-05 0.000191542 0.000910504 0.00350549 0.0109315 0.0276122 0.0564983 0.0936527 0.125774 0.136871 0.120738 0.0864465 0.0504871 0.02457 0.0109381 0.00603606 0.00567271 0.00727314 0.00969084 0.01243 0.0151639 0.0175814 0.0193941 0.0203889 0.0204754 0.0197027 0.0182399 0.0163273 0.0142171 0.0121216 0.0101844 0.00847595 0.00700853 0.00575994 0.00469571
 1.01957e-16 2.715e-05 0.000159329 0.000757336 0.00291572 0.00909233 0.0229667 0.046994 0.0779022 0.104634 0.113897 0.100548 0.0721561 0.042475 0.0212947 0.010541 0.00731616 0.00817777 0.0109904 0.0147507 0.0189314 0.0230864 0.0267492 0.0294793 0.0309503 0.0310233 0.0297739 0.0274618 0.0244578 0.0211519 0.0178747 0.0148523 0.0121985 0.00993679 0.00803554 0.00644163
 1.02781e-16 2.74924e-05 0.000161344 0.000766925 0.00295265 0.00920753 0.0232576 0.0475889 0.0788867 0.105951 0.115319 0.101774 0.072973 0.0428292 0.0212389 0.0101321 0.00655633 0.00701734 0.00936267 0.012612 0.0162947 0.020045 0.0234843 0.0262473 0.0280498 0.0287469 0.0283572 0.0270422 0.0250529 0.0226629 0.0201116 0.0175719 0.0151463 0.0128821 0.0107959 0.00889322
 1.03193e-16 2.7201e-05 0.000159633 0.000758791 0.00292133 0.00910986 0.0230109 0.0470841 0.0780503 0.104829 0.114099 0.100702 0.0722134 0.0424022 0.0210621 0.0101053 0.00661376 0.00713166 0.00952844 0.0128299 0.0165624 0.0203537 0.0238187 0.0265874 0.028376 0.0290451 0.0286236 0.0272857 0.0252939 0.0229295 0.0204325 0.0179698 0.0156319 0.0134518 0.0114319 0.00956769
 1.02352e-16 3.1993e-05 0.000187773 0.000892585 0.0034365 0.0107164 0.0270688 0.0553864 0.0918091 0.123297 0.134172 0.11835 0.0847211 0.0494481 0.0240067 0.0105918 0.0057152 0.00526941 0.00673746 0.00901067 0.0116266 0.0142941 0.0167383 0.0186995 0.0199785 0.0204768 0.0202129 0.0193069 0.0179405 0.0163084 0.014577 0.0128621 0.0112266 0.00969381 0.00826621 0.00694178
 1.0212e-16 2.90957e-05 0.000170756 0.000811669 0.00312493 0.00974476 0.0246146 0.0503654 0.0834891 0.112132 0.122044 0.107705 0.0772149 0.0452973 0.0224214 0.010623 0.00676905 0.0071502 0.00947573 0.0126949 0.016298 0.0198905 0.023072 0.0254661 0.0267945 0.0269382 0.025961 0.0240827 0.0216159 0.018888 0.0161743 0.0136601 0.0114356 0.00951568 0.00787112 0.00645772
 1.02509e-16 2.81334e-05 0.000165107 0.000784815 0.00302153 0.00942233 0.0238002 0.048699 0.0807269 0.108423 0.118008 0.104145 0.074668 0.043814 0.0217081 0.0103225 0.00663229 0.00705731 0.00939009 0.0126228 0.0162699 0.0199554 0.0232928 0.0259131 0.0275344 0.0280213 0.0274089 0.0258801 0.0237085 0.021188 0.0185717 0.0160378 0.0136849 0.0115491 0.00963019 0.00791532
 1.0226e-16 3.12079e-05 0.000183162 0.000870662 0.00335209 0.0104532 0.0264039 0.054026 0.0895548 0.120272 0.130885 0.115463 0.0826806 0.0483106 0.0235544 0.0105625 0.00594187 0.00569274 0.00736068 0.00985594 0.0127084 0.0156056 0.0182454 0.0203417 0.0216756 0.0221406 0.0217605 0.0206722 0.0190815 0.0172092 0.0152444 0.0133195 0.0115069 0.00983323 0.00829999 0.00690141
 1.02034e-16 3.02477e-05 0.000177521 0.000843839 0.0032488 0.010131 0.0255903 0.0523616 0.086797 0.116572 0.126868 0.111942 0.0802089 0.0469661 0.0230846 0.0106656 0.00643645 0.00653049 0.00856593 0.0114653 0.014731 0.0180005 0.0209135 0.0231313 0.0244014 0.0246131 0.0238177 0.0222052 0.0200496 0.0176385 0.0152153 0.0129451 0.0109105 0.00912901 0.00758056 0.0062322
 1.04153e-16 1.63053e-05 9.56471e-05 0.000454555 0.00174988 0.00545667 0.0137835 0.0282057 0.046765 0.0628371 0.0684661 0.0605986 0.0438294 0.0264898 0.01456 0.00932208 0.00916526 0.0121201 0.0169289 0.0229013 0.0294998 0.0361142 0.0420496 0.0466334 0.0493565 0.0499848 0.0486013 0.0455634 0.0413949 0.0366533 0.031815 0.0272103 0.0230145 0.0192803 0.0159885 0.0130944
 1.07107e-16 2.05839e-05 0.000120788 0.000574123 0.00221033 0.00689262 0.0174103 0.0356247 0.0590554 0.0793206 0.0863449 0.0762302 0.0547166 0.0322349 0.0162151 0.00813198 0.00581385 0.00668887 0.0091911 0.0126269 0.0166716 0.0210583 0.0254843 0.0296257 0.0331877 0.0359504 0.0377932 0.0386898 0.0386826 0.0378507 0.0362841 0.0340752 0.0313229 0.0281432 0.0246758 0.0210805
pSPR Fmed_Fpbrs
0.430621   0.338334 0.338334
Fs Fmed_Fpbrs
0.68   1.005 1.005
SSBpbr Bo_Bmed_Bpbrs
2.36595e+06  900532  682185 682185
Ro
56822
SPR SPRFo_SPRFmed_SPRFpbrs
1.17362e+06 505386 397076
log_Ro
10.7677
likeval ReclasPelacesDesembMPH_pf_preclas_ppelaces_ptallas_desvR_qrecl_qpela
 66.7934 27.4265 0.0178798 0.000503498 330.372 214.486 83.9611 0 16.2713 7.76735e-05 0 0 0 0 0
q_reclas_q_pelaces
0.286827 1
M
0.7
N
 51068.2 15170.8 5701.43 677.657 0.373189
 65907.2 23351.6 4829.03 1814.83 215.824
 39781.6 30561.1 8014.76 1657.42 696.961
 65706.1 17875.8 8854 2321.99 682.099
 113034 32011.7 8008.75 3966.78 1345.9
 81384.3 55926 15586.2 3899.38 2586.69
 130337 39006.1 22939.2 6392.99 2660.4
 122661 63305.7 17190 10109.3 3989.83
 148937 58328.8 24888.1 6758.1 5542.96
 146215 70467.6 22316.5 9522.17 4706.38
 68131.5 69871.7 28446.6 9008.8 5743.82
 40209.3 31257.8 22643 9218.56 4780.82
 42983.5 18553.2 10446.6 7567.46 4678.7
 23665.1 18995.7 4913.85 2766.8 3243.42
 18456.9 9582.36 3139.5 812.133 993.334
 22986.4 7579.57 1708.72 559.834 321.949
 18937.8 10592.7 2515.72 567.137 292.671
 21083.2 8916.69 3947.9 937.607 320.45
 23473 10098.7 3645.56 1614.08 514.352
 43925.6 11302.6 4247.32 1533.25 895.177
 54257.7 21118.6 4714.6 1771.66 1012.95
 67048 26549.1 9685.53 2162.24 1277.1
 116174 32652.6 11869.3 4330.12 1537.63
 163709 56350.5 14285.3 5192.76 2567.11
 63668.4 79558.3 24907 6314.14 3429.88
 68598.4 31049.6 35834.2 11218.5 4388.84
pred_Ctot
 2922.07 4017.79 1509.95 179.469 0.0988342
 3151.38 5297.61 1095.53 411.716 48.9624
 2737.2 9441.81 2476.15 512.058 215.325
 894.508 1264.71 626.418 164.28 48.2584
 296.839 449.993 112.58 55.7616 18.9195
 2043.45 7076.51 1972.17 493.402 327.303
 2055.7 3178.75 1869.4 520.989 216.806
 3750.01 9612.2 2610.09 1534.98 605.806
 5071.97 9774.28 4170.56 1132.47 928.847
 3972.32 9594.78 3038.59 1296.53 640.814
 3746.76 17889.1 7283.11 2306.5 1470.58
 2056.7 7519.29 5446.95 2217.59 1150.06
 3425.16 6453.09 3633.48 2632.08 1627.32
 3178.86 9690.43 2506.74 1411.45 1654.59
 2321.97 4677.02 1532.35 396.391 484.833
 1195.58 1849.87 417.029 136.633 78.5748
 708.237 1932.09 458.863 103.445 53.3826
 538.185 1145.77 507.292 120.48 41.1768
 513.169 1122.3 405.14 179.377 57.1613
 1007.32 1313.81 493.708 178.224 104.055
 571.841 1166.3 260.369 97.8422 55.9417
 931.46 1915.35 698.751 155.992 92.1348
 1943.21 2814.79 1023.19 373.275 132.55
 2518.88 4484.49 1136.86 413.251 204.296
 822.277 5349.83 1674.85 424.589 230.639
 947.378 2227.32 2570.53 804.748 314.83
F
 0.0824959 0.444728 0.444728 0.444728 0.444728
 0.0685195 0.369382 0.369382 0.369382 0.369382
 0.0999571 0.538859 0.538859 0.538859 0.538859
 0.0190902 0.102913 0.102913 0.102913 0.102913
 0.00365752 0.0197173 0.0197173 0.0197173 0.0197173
 0.0354637 0.191181 0.191181 0.191181 0.191181
 0.0221467 0.119391 0.119391 0.119391 0.119391
 0.0433296 0.233586 0.233586 0.233586 0.233586
 0.0483718 0.260767 0.260767 0.260767 0.260767
 0.0384215 0.207126 0.207126 0.207126 0.207126
 0.079172 0.426809 0.426809 0.426809 0.426809
 0.0734559 0.395993 0.395993 0.395993 0.395993
 0.116601 0.628584 0.628584 0.628584 0.628584
 0.204075 1.10015 1.10015 1.10015 1.10015
 0.189983 1.02418 1.02418 1.02418 1.02418
 0.0747367 0.402898 0.402898 0.402898 0.402898
 0.0532345 0.286982 0.286982 0.286982 0.286982
 0.0360637 0.194416 0.194416 0.194416 0.194416
 0.0308152 0.166122 0.166122 0.166122 0.166122
 0.0323455 0.174371 0.174371 0.174371 0.174371
 0.0147508 0.0795198 0.0795198 0.0795198 0.0795198
 0.0194843 0.105038 0.105038 0.105038 0.105038
 0.0235009 0.126691 0.126691 0.126691 0.126691
 0.0215996 0.116441 0.116441 0.116441 0.116441
 0.0181024 0.0975882 0.0975882 0.0975882 0.0975882
 0.0193684 0.104413 0.104413 0.104413 0.104413
Np
 41957.7 17291.9 6073.3 2524.83 3443.55
YTP_r0W_actual
 8526.4 56573.9 90739.8 33316.6 14167.3
YTP_p0W_proyectada
 42537.5 348070 210353 310031 155895
 42537.5 180141 91975 48830.6 73906.5
CTP_r0_actual
 947.378 2227.32 2570.53 804.748 314.83
CTP_p0_proyectada
 5187.51 16114.3 6699.15 7731.45 3503.25
 5187.51 8339.85 2929.14 1217.72 1660.82
Wmedp
 8.2 21.6 31.4 40.1 44.5
nmprior
 10.6 11 7 0
nm_flota  nm_reclas  nm_pelaces    nm_pelaL
inf 12.7833 19.3628 63.3512
cv_recla  cv_pelaces  cv_mph
0.723002 0.573688 0.610705
 ------------------------------------------------
Talla a la edad & desviaci?n 
 7.2 14.2025 17.0495 18.207 18.6776
 1.08 2.13037 2.55742 2.73105 2.80164
