    unsorted:	 1.252330540e-05 0.0009000088483 0.008146229338 3.249065562 11.09737007 28.84153441 47.02154883 67.00331894 138.2006520 87.37991301 163.7287070 216.4178041 272.1263621 409.3177663 481.0058726 509.0316550 636.6587878 650.3870390 736.4310513 814.2752120 830.6144650 879.2059725 1058.457081 1079.752039 1151.196738 1385.602258 1445.896714 1712.603091 1816.827299 2157.039809 2298.599645 2837.934232 2933.147705 3118.731817 3457.724279 4050.997171 4195.349068 4538.805152 4604.442042 5050.137872 9822.494025 188924.6554 377061.4828 379703.2413 402666.9368 424797.7532 341745.1869 446300.7630 460336.0512 273476.4703 532860.5544 547392.6613 633448.7487 674599.9462 735503.3104 855470.0294 970978.1933 1100328.396 1213693.965 1384654.425 1539007.372 1775191.522 1983847.876 2137997.267 2395289.249 2510270.772 2662422.345 33389059.98
      sorted:	 1.252330540e-05 0.0009000088483 0.008146229338 3.249065562 11.09737007 28.84153441 47.02154883 67.00331894 87.37991301 138.2006520 163.7287070 216.4178041 272.1263621 409.3177663 481.0058726 509.0316550 636.6587878 650.3870390 736.4310513 814.2752120 830.6144650 879.2059725 1058.457081 1079.752039 1151.196738 1385.602258 1445.896714 1712.603091 1816.827299 2157.039809 2298.599645 2837.934232 2933.147705 3118.731817 3457.724279 4050.997171 4195.349068 4538.805152 4604.442042 5050.137872 9822.494025 188924.6554 273476.4703 341745.1869 377061.4828 379703.2413 402666.9368 424797.7532 446300.7630 460336.0512 532860.5544 547392.6613 633448.7487 674599.9462 735503.3104 855470.0294 970978.1933 1100328.396 1213693.965 1384654.425 1539007.372 1775191.522 1983847.876 2137997.267 2395289.249 2510270.772 2662422.345 33389059.98
