years
 1997 1998 1999 2000 2001 2002 2003 2004 2005 2006 2007 2008 2009 2010 2011 2012 2013 2014 2015 2016 2017 2018 2019 2020 2021 2022
reclasobs
 0 0 0 370054 412103 1.49427e+06 250295 1.28982e+06 931140 785840 897777 1.04006e+06 184774 17550 25797 100020 73551 82996 120727 218422 84188 347160 605670 569463 516374 1.08416e+06
reclaspred
 1.12312e+06 233153 595890 318448 407206 524564 1.09141e+06 844257 1.0885e+06 1.20881e+06 1.13264e+06 774178 449086 206599 136704 134166 159171 221744 239517 317264 502649 497255 813615 982458 1.27739e+06 941320
pelacesobs
 0 0 0 0 0 0 0 0 0 2.06254e+06 1.5e+06 0 1.87456e+06 323000 250000 174000 83755 137374 0 501740 490994 745055 786931 1.00524e+06 1.33801e+06 0
pelacespred
 655538 231300 204706 222472 242985 241427 559693 542559 623101 718935 587011 415399 238188 88178.9 57891.1 64871.8 80620.7 113459 129297 164885 286553 296413 367765 528114 665928 542504
mphobs
 0 0 0 0 0 112323 0 153150 637223 0 255016 313432 73983 77613 109348 50772 0 0 0 0 0 0 0 0 0 0
mphpred
 792950 428497 376432 344477 303580 466784 653935 876945 860964 1.05158e+06 1.14064e+06 816939 499327 266326 126758 111517 125243 170207 209780 234888 366632 468495 564641 768999 1.06204e+06 976763
desembarqueobs
 350755 77701 442110 56441 14545 235359 269955 359681 431902 328805 639364 411747 362871 311530 167758 66681 60226 58785 57116 73181 50977 67692 138656 160484 209506 263620
desembarquepred
 350760 77701.3 442128 56443.3 14545.1 235420 269977 359613 431836 328745 639342 411864 362943 311707 167712 66688.6 60244.2 58785.4 57110.3 73171.6 50975.2 67683 138647 160479 209494 263612
Reclutas
 42146.8 44397.6 22834.4 26234.1 52926.5 40535.2 80675.2 86608 129840 138861 72310.7 40709.9 46826.8 28548.1 19986.7 17058.3 14382.9 15702.4 16453.3 30976.6 43630.3 47241 74829.7 96836.6 42996.6 32691.4
log_desv_Rt
 0.0222886 0.0743144 -0.590601 -0.451812 0.250033 -0.0167014 0.671561 0.742521 1.14744 1.2146 0.562101 -0.0123995 0.127584 -0.36728 -0.723802 -0.882234 -1.05283 -0.965054 -0.918343 -0.285638 0.0568815 0.136391 0.596344 0.854154 0.0422504 -0.231759
SSB
 792950 428497 376432 344477 303580 466784 653935 876945 860964 1.05158e+06 1.14064e+06 816939 499327 266326 126758 111517 125243 170207 209780 234888 366632 468495 564641 768999 1.06204e+06 976763
BT
 2.07779e+06 573739 761687 530432 585404 664276 1.71177e+06 1.63923e+06 1.99041e+06 1.98536e+06 1.82054e+06 1.23671e+06 887894 487042 287474 202402 238157 305926 319110 444292 727511 658337 875897 1.30269e+06 1.52096e+06 1.2881e+06
Ftot
 0.300486 0.320307 0.689642 0.171976 0.0349413 0.42709 0.239255 0.407269 0.380395 0.262561 0.532518 0.502801 0.748563 1.30998 1.10304 0.472461 0.362879 0.255928 0.230437 0.223218 0.0988634 0.132374 0.165395 0.158659 0.159173 0.269629
BD_Bspro_t
 0.957366 0.755302 0.637914 0.43409 0.532842 0.695446 0.630542 0.66594 0.62728 0.622842 0.613184 0.458077 0.347574 0.249516 0.150814 0.158505 0.22934 0.362168 0.470935 0.560612 0.686023 0.784268 0.788634 0.787577 0.79119 0.721361
BD_Bspro
 0.933986 0.50471 0.443384 0.405746 0.357576 0.549808 0.770245 1.03292 1.0141 1.23862 1.34351 0.962241 0.588139 0.313695 0.149304 0.131352 0.147519 0.200481 0.247092 0.276666 0.431842 0.551822 0.665069 0.905775 1.25093 1.15049
BD_Bo
 0.450503 0.243444 0.213864 0.19571 0.172475 0.265197 0.371524 0.498223 0.489144 0.597443 0.648036 0.464132 0.283686 0.151309 0.0720159 0.0633568 0.0711548 0.0967007 0.119183 0.133448 0.208297 0.266168 0.320793 0.436896 0.603381 0.554933
BD_Brms
 2.19853 1.18805 1.04369 0.955094 0.841705 1.2942 1.8131 2.43141 2.3871 2.91562 3.16252 2.26504 1.38443 0.738413 0.35145 0.309191 0.347247 0.471915 0.581635 0.651249 1.01652 1.29894 1.56552 2.13212 2.9446 2.70817
S_f
 0.5 1 1 1 1
 0.5 1 1 1 1
 0.5 1 1 1 1
 0.5 1 1 1 1
 0.5 1 1 1 1
 0.5 1 1 1 1
 0.5 1 1 1 1
 0.5 1 1 1 1
 0.5 1 1 1 1
 0.5 1 1 1 1
 0.5 1 1 1 1
 0.5 1 1 1 1
 0.5 1 1 1 1
 0.5 1 1 1 1
 0.5 1 1 1 1
 0.5 1 1 1 1
 0.5 1 1 1 1
 0.5 1 1 1 1
 0.5 1 1 1 1
 0.5 1 1 1 1
 0.5 1 1 1 1
 0.5 1 1 1 1
 0.5 1 1 1 1
 0.5 1 1 1 1
 0.5 1 1 1 1
 0.5 1 1 1 1
Scru_reclas
 0.5 1 1 1 1
 0.5 1 1 1 1
 0.5 1 1 1 1
 0.5 1 1 1 1
 0.5 1 1 1 1
 0.5 1 1 1 1
 0.5 1 1 1 1
 0.5 1 1 1 1
 0.5 1 1 1 1
 0.5 1 1 1 1
 0.5 1 1 1 1
 0.5 1 1 1 1
 0.5 1 1 1 1
 0.5 1 1 1 1
 0.5 1 1 1 1
 0.5 1 1 1 1
 0.5 1 1 1 1
 0.5 1 1 1 1
 0.5 1 1 1 1
 0.5 1 1 1 1
 0.5 1 1 1 1
 0.5 1 1 1 1
 0.5 1 1 1 1
 0.5 1 1 1 1
 0.5 1 1 1 1
 0.5 1 1 1 1
Scru_pelaces
 0.5 1 1 1 1
 0.5 1 1 1 1
 0.5 1 1 1 1
 0.5 1 1 1 1
 0.5 1 1 1 1
 0.5 1 1 1 1
 0.5 1 1 1 1
 0.5 1 1 1 1
 0.5 1 1 1 1
 0.5 1 1 1 1
 0.5 1 1 1 1
 0.5 1 1 1 1
 0.5 1 1 1 1
 0.5 1 1 1 1
 0.5 1 1 1 1
 0.5 1 1 1 1
 0.5 1 1 1 1
 0.5 1 1 1 1
 0.5 1 1 1 1
 0.5 1 1 1 1
 0.5 1 1 1 1
 0.5 1 1 1 1
 0.5 1 1 1 1
 0.5 1 1 1 1
 0.5 1 1 1 1
 0.5 1 1 1 1
pf_obs 
 0.256992 0.487395 0.22802 0.0275931 0
 0.321318 0.546541 0.124235 0.00734118 0.000564706
 0.182869 0.594174 0.210203 0.0122559 0.00049798
 0.330522 0.361315 0.267642 0.0388342 0.00168674
 0.649043 0.306663 0.0425973 0.00169635 0
 0.582887 0.30429 0.105238 0.00758474 0
 0.465427 0.430635 0.0974691 0.00646863 0
 0.296916 0.608066 0.0921331 0.00288517 0
 0.311714 0.524322 0.152257 0.0117073 0
 0.15457 0.633149 0.183074 0.0267441 0.00246327
 0.131901 0.49318 0.331252 0.0422183 0.00144891
 0.196976 0.569456 0.194076 0.0375587 0.00193317
 0.518974 0.381816 0.0799577 0.0180837 0.00116848
 0.0928022 0.601141 0.25162 0.0475244 0.00691264
 0.122501 0.610282 0.24278 0.0234846 0.000952079
 0.383417 0.481906 0.127806 0.00687128 0
 0.0376549 0.599619 0.316969 0.0457579 0
 0.0361596 0.667082 0.258105 0.0386534 0
 0.158088 0.579412 0.248529 0.0139706 0
 0.0477256 0.309471 0.559284 0.082774 0.000745712
 0.0406174 0.521527 0.379366 0.0568643 0.0016247
 0.151134 0.462217 0.34131 0.0453401 0
 0.294876 0.26143 0.354403 0.0886775 0.000613685
 0.281977 0.475581 0.204845 0.0348837 0.00271318
 0.0841818 0.532909 0.334909 0.0458182 0.00218182
 0 0 0 0 0
pf_pred 
 0.451281 0.386317 0.145129 0.0172679 5.44059e-06
 0.458524 0.347645 0.136464 0.0512658 0.00610167
 0.312101 0.447176 0.154552 0.0606675 0.0255038
 0.471936 0.278456 0.16226 0.05608 0.0312677
 0.592736 0.265702 0.0746476 0.0434982 0.0234159
 0.39024 0.454977 0.100982 0.0283703 0.0254312
 0.607127 0.232507 0.119658 0.0265581 0.0141497
 0.504618 0.380437 0.0680258 0.035009 0.0119101
 0.582563 0.290703 0.0973275 0.0174031 0.0120033
 0.510481 0.370621 0.0828005 0.0277216 0.00837578
 0.315823 0.473583 0.159443 0.0356212 0.0155293
 0.298775 0.364131 0.233335 0.0785576 0.0252018
 0.462027 0.267352 0.140528 0.09005 0.0400435
 0.436468 0.38475 0.088848 0.0467011 0.0432335
 0.539545 0.322848 0.0939511 0.0216956 0.0219609
 0.558044 0.339257 0.0720076 0.0209548 0.0097371
 0.463193 0.39918 0.105646 0.0224235 0.00955757
 0.47774 0.34323 0.133131 0.035234 0.010666
 0.455152 0.361322 0.120613 0.0467829 0.0161295
 0.588481 0.263732 0.0980069 0.0327157 0.0170647
 0.549545 0.339187 0.0713087 0.0264995 0.0134598
 0.457371 0.387986 0.116444 0.0244805 0.0137181
 0.529157 0.299634 0.122417 0.0367402 0.0120524
 0.506964 0.346114 0.0934973 0.0381988 0.0152252
 0.254822 0.508704 0.166007 0.0448441 0.0256237
 0.268033 0.305293 0.291273 0.095052 0.0403484
pobs_RECLAS
 0 0 0 0 0
 0 0 0 0 0
 0 0 0 0 0
 0 0 0 0 0
 0.835266 0.146461 0.0176864 0.000547809 3.91292e-05
 0.385257 0.428462 0.181853 0.0044286 0
 0.867414 0.0963971 0.0333333 0.00285562 0
 0.441836 0.489002 0.0689373 0.000224442 0
 0.779404 0.147425 0.0564933 0.0165055 0.000172143
 0.814271 0.122319 0.05973 0.00367925 0
 0.40263 0.566651 0.0304383 0.000280538 0
 0.475488 0.404961 0.113038 0.00651328 0
 0.955842 0.0263864 0.0167828 0.000988607 0
 0.975058 0.0227948 0.00214734 0 0
 0.738997 0.206755 0.0527124 0.00153531 0
 0.850938 0.134255 0.0134407 0.00136685 0
 0.542534 0.407297 0.0501686 0 0
 0.764087 0.199537 0.0359546 0.000420521 0
 0.470689 0.182191 0.310203 0.0369168 0
 0.84361 0.089868 0.0606195 0.00523954 0.000663233
 0.607945 0.314616 0.071237 0.00620181 0
 0.523733 0.453247 0.0230204 0 0
 0.530135 0.295979 0.169645 0.0042399 0
 0.562478 0.366248 0.0663022 0.0049721 0
 0.250443 0.683176 0.0655157 0.000865301 0
 0.195077 0.31981 0.436473 0.0351445 0.0134964
ppred_RECLAS
 0.454111 0.384324 0.144381 0.0171788 5.41253e-06
 0.461596 0.345672 0.13569 0.050975 0.00606706
 0.319474 0.442383 0.152895 0.0600172 0.0252304
 0.4734 0.277684 0.16181 0.0559245 0.031181
 0.592989 0.265537 0.0746012 0.0434711 0.0234013
 0.394495 0.451802 0.100277 0.0281724 0.0252537
 0.60919 0.231286 0.11903 0.0264187 0.0140754
 0.508812 0.377217 0.0674499 0.0347127 0.0118093
 0.586295 0.288104 0.0964573 0.0172475 0.011896
 0.5129 0.36879 0.0823913 0.0275846 0.00833438
 0.321012 0.469992 0.158234 0.035351 0.0154115
 0.303433 0.361712 0.231785 0.0780357 0.0250344
 0.471564 0.262612 0.138037 0.0884536 0.0393336
 0.458131 0.369959 0.0854325 0.0449058 0.0415715
 0.556272 0.31112 0.0905382 0.0209075 0.0211632
 0.563063 0.335404 0.0711898 0.0207168 0.00962652
 0.466793 0.396503 0.104938 0.0222731 0.00949347
 0.480082 0.34169 0.132533 0.035076 0.0106182
 0.457205 0.359961 0.120159 0.0466066 0.0160688
 0.590409 0.262496 0.0975477 0.0325624 0.0169847
 0.550327 0.338598 0.071185 0.0264535 0.0134365
 0.458454 0.387212 0.116212 0.0244316 0.0136908
 0.530556 0.298743 0.122053 0.036631 0.0120166
 0.508303 0.345175 0.0932435 0.0380951 0.0151839
 0.255843 0.508006 0.165779 0.0447826 0.0255886
 0.27 0.304473 0.290491 0.0947966 0.04024
pobs_PELACES
 0 0 0 0 0
 0 0 0 0 0
 0 0 0 0 0
 0 0 0 0 0
 0 0 0 0 0
 0 0 0 0 0
 0 0 0 0 0
 0 0 0 0 0
 0 0 0 0 0
 0 0 0 0 0
 0.450072 0.473896 0.0757376 0.000293798 0
 0 0 0 0 0
 0.463077 0.371075 0.160297 0.00555027 0
 0.529543 0.364841 0.0842815 0.0213345 0
 0.631943 0.363953 0.00410389 0 0
 0.735681 0.248677 0.0153453 0.000297389 0
 0.695825 0.281241 0.0229344 0 0
 0.275771 0.60734 0.115278 0.00161068 0
 0 0 0 0 0
 0.896147 0.0623911 0.0374545 0.00400742 0
 0.803859 0.145111 0.0509908 3.86294e-05 0
 0.739449 0.233085 0.0266225 0.000797448 4.60066e-05
 0.878498 0.100942 0.0204185 0.000141795 0
 0.694673 0.275183 0.0284847 0.00165964 0
 0.469039 0.446079 0.0841089 0.000773354 0
 0 0 0 0 0
ppred_PELACES
 0.466427 0.375653 0.141123 0.0167912 5.29041e-06
 0.474754 0.337224 0.132373 0.0497292 0.00591878
 0.344705 0.425981 0.147227 0.0577921 0.024295
 0.480479 0.273951 0.159635 0.0551727 0.0307619
 0.59438 0.26463 0.0743463 0.0433226 0.0233214
 0.411447 0.439153 0.09747 0.0273837 0.0245467
 0.618547 0.225749 0.11618 0.0257862 0.0137384
 0.52559 0.364331 0.0651459 0.0335269 0.0114059
 0.601432 0.277563 0.092928 0.0166164 0.0114608
 0.523716 0.360601 0.0805619 0.0269721 0.00814932
 0.340457 0.456532 0.153702 0.0343386 0.0149701
 0.321248 0.352461 0.225856 0.0760399 0.0243941
 0.502412 0.247282 0.129979 0.0832901 0.0370375
 0.512067 0.333134 0.0769288 0.040436 0.0374336
 0.600619 0.280025 0.0814895 0.0188179 0.0190481
 0.582139 0.320761 0.0680818 0.0198123 0.00920625
 0.481721 0.385402 0.102 0.0216495 0.00922769
 0.49063 0.334758 0.129845 0.0343644 0.0104027
 0.466655 0.353694 0.118067 0.0457952 0.015789
 0.599286 0.256807 0.0954337 0.0318567 0.0166167
 0.55436 0.335561 0.0705465 0.0262162 0.0133159
 0.463882 0.383331 0.115047 0.0241868 0.0135536
 0.537347 0.294422 0.120288 0.0361011 0.0118427
 0.514844 0.340583 0.0920031 0.0375883 0.0149819
 0.260876 0.504571 0.164658 0.0444798 0.0254156
 0.278857 0.300779 0.286966 0.0936463 0.0397517
pobs_pel_tallas
 0 0 0 0 0 0 0 0 0 0 0 0 0 0 0 0 0 0 0 0 0 0 0 0 0 0 0 0 0 0 0 0 0 0 0 0
 0 0 0 0 0 0 0 0 0 0 0 0 0 0 0 0 0 0 0 0 0 0 0 0 0 0 0 0 0 0 0 0 0 0 0 0
 0 0 0 0 0 0 0 0 0 0 0 0 0 0 0 0 0 0 0 0 0 0 0 0 0 0 0 0 0 0 0 0 0 0 0 0
 0 0 0 0 0 0 0 0 0 0 0 0 0 0 0 0 0 0 0 0 0 0 0 0 0 0 0 0 0 0 0 0 0 0 0 0
 0 0 0 0 0 0 0 0 0 0 0 0 0 0 0 0 0 0 0 0 0 0 0 0 0 0 0 0 0 0 0 0 0 0 0 0
 0 0 0 0 0 0 0 0 0 0 0 0 0 0 0 0 0 0 0 0 0 0 0 0 0 0 0 0 0 0 0 0 0 0 0 0
 0 0 0 0 0 0 0 0 0 0 0 0 0 0 0 0 0 0 0 0 0 0 0 0 0 0 0 0 0 0 0 0 0 0 0 0
 0 0 0 0 0 0 0 0 0 0 0 0 0 0 0 0 0 0 0 0 0 0 0 0 0 0 0 0 0 0 0 0 0 0 0 0
 0 0 0 0 0 0 0 0 0 0 0 0 0 0 0 0 0 0 0 0 0 0 0 0 0 0 0 0 0 0 0 0 0 0 0 0
 0 0 0 0 0 0 0 0 0 0 0 0 0 0 0 0 0 0 0 0 0 0 0 0 0 0 0 0 0 0 0 0 0 0 0 0
 0 0 0 0 0 0 0 0 1.78061e-05 0.00172719 0.00360574 0.0105946 0.0120993 0.0124554 0.0147524 0.0171206 0.0266825 0.0428682 0.0675386 0.121331 0.153587 0.119568 0.100827 0.0573624 0.0630603 0.0341343 0.0324427 0.0444173 0.0211091 0.0280891 0.0125444 0.00206551 0 0 0 0
 0 0 0 0 0 0 0 0 0 0 0 0 0 0 0 0 0 0 0 0 0 0 0 0 0 0 0 0 0 0 0 0 0 0 0 0
 0 0 0 0 0 0 0.0133647 0.0140871 0.0187388 0.0205184 0.03894 0.0496705 0.03968 0.0493445 0.0407372 0.0367815 0.0215668 0.0243155 0.0234873 0.0199281 0.019796 0.0243948 0.0301388 0.0376714 0.0412746 0.0863199 0.0771752 0.113111 0.0741005 0.0525337 0.0229764 0.00759418 0.00175318 0 0 0
 0 0 0 0 0 0 0 0 0 0 0.00219441 0.00772107 0.0458388 0.0604681 0.0671733 0.0775358 0.0609151 0.0617685 0.073594 0.0568108 0.0755445 0.0548602 0.0670107 0.0636378 0.0643287 0.046367 0.0373049 0.0286899 0.0247887 0.0153202 0.00654259 0.00121912 0.000365735 0 0 0
 0 0 0 0 0 0 0 0 0 0 0 0 0.000112435 0.00938835 0.0111873 0.0202946 0.0414886 0.0713402 0.111592 0.104902 0.108894 0.110636 0.117776 0.105296 0.107544 0.0401394 0.0192827 0.0124803 0.00416011 0.0028671 0.000618394 0 0 0 0 0
 0 0 0 0 0 0 0 0 0 0 0.00291406 0.0102884 0.027416 0.0768956 0.0749926 0.110853 0.0956884 0.0897413 0.0766577 0.0534642 0.0500743 0.0551293 0.0594112 0.0620874 0.0668451 0.0424026 0.0208742 0.0120726 0.0048766 0.00582813 0.00118941 0.000297354 0 0 0 0
 0 0.00264628 0.0354308 0.0461629 0.0458689 0.0383711 0.0214643 0.0164657 0.0346957 0.0420465 0.0363128 0.0245516 0.0311673 0.0291091 0.0169068 0.0133784 0.00837989 0.0085269 0.0148486 0.0160247 0.0276389 0.0546898 0.0760071 0.122758 0.109233 0.0665981 0.0333725 0.0166128 0.00676272 0.00308733 0.000882094 0 0 0 0 0
 0 0 0 0 0 0 0 0.000805153 0.000690131 0.00759144 0.0133425 0.0154129 0.00931677 0.000345066 0.00356568 0.00563607 0.00851162 0.0253048 0.0502646 0.0516448 0.0657925 0.0565908 0.0611916 0.0827007 0.0866115 0.110766 0.145733 0.0935128 0.0569358 0.0249597 0.0138026 0.00621118 0.00161031 0.00115022 0 0
 0 0 0 0 0 0 0 0 0 0 0 0 0 0 0 0 0 0 0 0 0 0 0 0 0 0 0 0 0 0 0 0 0 0 0 0
 0.00147267 0.00158595 0.00478618 0.00569244 0.00954404 0.0108468 0.00647125 0.017049 0.0510054 0.094081 0.124002 0.0959785 0.0687766 0.0820023 0.061753 0.0591476 0.0492212 0.0479892 0.0443925 0.0268479 0.0217502 0.0140895 0.0121071 0.0120363 0.00920419 0.00665534 0.0049561 0.00860946 0.00930331 0.0156896 0.0114698 0.00855282 0.00243557 0.00046729 0 2.83206e-05
 0 0 0 0 0.000772559 0.00158375 0.000888443 0.00281984 0.00712685 0.0440552 0.0773331 0.111326 0.0921469 0.0852325 0.0710754 0.0886704 0.0786465 0.0553345 0.0373146 0.0185414 0.00753245 0.00457741 0.012979 0.0271748 0.0457355 0.0583668 0.034881 0.0177882 0.00938659 0.00492506 0.0015258 0.00185414 0.000309023 5.79419e-05 3.86279e-05 0
 0 0.00173294 0.00326652 0 0.00397197 0.00683976 0.00946217 0.0152591 0.00757587 0.0136028 0.0228656 0.0392903 0.0559909 0.0764795 0.0681675 0.0726916 0.0566044 0.0477403 0.0527397 0.0444891 0.0609904 0.0582453 0.0661739 0.0445044 0.0529084 0.0360697 0.0280645 0.0235558 0.0158879 0.00826598 0.00280645 0.00217768 0.000904811 0.00058276 9.20147e-05 0
 0 0 0 0 0 0 0 0 0 0 0 0 0 0 0 0 0 0 0 0 0 0 0 0 0 0 0 0 0 0 0 0 0 0 0 0
 0 0 0 0 0 0 0 0 0 0 0 0 0 0 0 0 0 0 0 0 0 0 0 0 0 0 0 0 0 0 0 0 0 0 0 0
 0 0 0 0 0 0 0 0 0 0 0 0 0 0 0 0 0 0 0 0 0 0 0 0 0 0 0 0 0 0 0 0 0 0 0 0
 0 0 0 0 0 0 0 0 0 0 0 0 0 0 0 0 0 0 0 0 0 0 0 0 0 0 0 0 0 0 0 0 0 0 0 0
ppred_pel_tallas
 1.02703e-16 2.03666e-05 0.000119496 0.000567946 0.00218648 0.00681822 0.0172226 0.0352419 0.0584258 0.0784895 0.0854789 0.0755573 0.054433 0.0324676 0.0170675 0.00975544 0.00843921 0.0105993 0.0146523 0.0197958 0.0255021 0.0312283 0.0363686 0.0403361 0.0426829 0.0431965 0.0419384 0.0392091 0.0354585 0.0311723 0.0267742 0.0225686 0.0187299 0.0153267 0.0123616 0.0098077
 1.03975e-16 2.07281e-05 0.000121622 0.000578061 0.00222544 0.00693973 0.0175295 0.0358695 0.0594649 0.0798815 0.0869844 0.0768634 0.0553201 0.032889 0.0170924 0.00946202 0.00785085 0.00968425 0.0133547 0.0180703 0.0233424 0.0286874 0.0335684 0.0374623 0.0399648 0.0408748 0.0402287 0.0382691 0.0353662 0.0319199 0.028276 0.0246803 0.0212726 0.0181112 0.0152089 0.0125645
 1.0535e-16 1.50609e-05 8.83423e-05 0.000419829 0.00161618 0.00503974 0.0127304 0.0260509 0.0431931 0.05804 0.0632457 0.0559935 0.0405322 0.0245644 0.0136243 0.00890991 0.00894874 0.011936 0.0167195 0.0226625 0.029259 0.0359243 0.0419867 0.0467917 0.0498373 0.050882 0.0499854 0.0474676 0.043807 0.0395142 0.0350245 0.0306396 0.0265209 0.0227233 0.0192435 0.0160628
 1.05689e-16 2.09751e-05 0.000123078 0.000584998 0.00225217 0.0070231 0.01774 0.0362997 0.0601763 0.0808315 0.0880042 0.0777293 0.055867 0.0330615 0.0169035 0.00891812 0.00691026 0.00826342 0.0113617 0.0154452 0.0200951 0.0249258 0.0295089 0.033417 0.0363036 0.0379694 0.0383912 0.0377002 0.0361261 0.0339269 0.0313302 0.0285039 0.0255565 0.0225561 0.0195568 0.0166164
 1.0372e-16 2.59412e-05 0.000152234 0.000723613 0.00278588 0.00868746 0.021944 0.0449013 0.0744329 0.0999735 0.108823 0.0960657 0.068933 0.0405652 0.020315 0.0100217 0.00691815 0.00771909 0.0103931 0.0139963 0.0180449 0.0221366 0.0258494 0.0287805 0.030625 0.0312412 0.0306753 0.0291336 0.0269177 0.0243446 0.0216791 0.0190979 0.0166875 0.0144666 0.0124192 0.0105238
 1.03615e-16 1.79716e-05 0.00010543 0.000501062 0.00192894 0.00601508 0.015194 0.0310917 0.0515485 0.0692601 0.0754529 0.0667548 0.0482217 0.0290235 0.015733 0.00973928 0.00924069 0.0120436 0.0167488 0.0226 0.0290312 0.0354178 0.041059 0.0452844 0.0475977 0.0477886 0.0459743 0.0425513 0.0380833 0.0331604 0.0282792 0.023774 0.0198075 0.0164059 0.0135144 0.0110497
 1.03251e-16 2.69936e-05 0.000158416 0.000753008 0.00289907 0.00904044 0.0228355 0.0467252 0.0774551 0.104028 0.113226 0.0999262 0.0716461 0.0420472 0.0208458 0.00993687 0.00642297 0.00687557 0.00918568 0.0123972 0.0160563 0.0198126 0.0233023 0.0261709 0.0281381 0.0290532 0.0289193 0.0278744 0.0261421 0.0239701 0.021577 0.0191236 0.0167097 0.0143892 0.0121913 0.0101381
 1.02729e-16 2.29457e-05 0.000134639 0.000639942 0.00246369 0.00768269 0.0194061 0.0397095 0.0658303 0.0884306 0.096289 0.0850738 0.0612042 0.0363359 0.0187871 0.0102399 0.00830074 0.0100992 0.0138347 0.0186115 0.0238751 0.0290863 0.0336594 0.0370401 0.0388218 0.0388381 0.0371965 0.0342379 0.0304408 0.0263035 0.0222428 0.0185367 0.0153157 0.0125937 0.010315 0.00839994
 1.02517e-16 2.62493e-05 0.000154042 0.000732204 0.00281895 0.00879058 0.0222045 0.0454344 0.0753169 0.101162 0.110119 0.0972148 0.0697693 0.0410808 0.0206166 0.0102418 0.00715953 0.00804735 0.0108476 0.0145978 0.0187947 0.023012 0.0268 0.0297283 0.0314712 0.0318769 0.0309957 0.0290527 0.02638 0.0233325 0.0202153 0.0172421 0.0145291 0.0121146 0.0099904 0.00813086
 1.02569e-16 2.28639e-05 0.000134159 0.00063766 0.00245491 0.00765529 0.0193369 0.0395679 0.0655955 0.0881151 0.0959451 0.0847694 0.0609839 0.0362026 0.0187139 0.0101941 0.00825828 0.0100476 0.0137701 0.0185363 0.0237974 0.0290198 0.0336227 0.0370534 0.0389034 0.0389996 0.0374386 0.0345482 0.0307948 0.0266677 0.0225806 0.0188142 0.0155079 0.0126878 0.0103115 0.00831073
 1.0421e-16 1.4877e-05 8.72595e-05 0.000414675 0.00159632 0.00497781 0.012574 0.0257311 0.0426639 0.0573321 0.0624826 0.0553374 0.0400997 0.0243869 0.0136776 0.00916972 0.00942245 0.0126611 0.0177442 0.024023 0.0309586 0.0379186 0.0441761 0.0490254 0.0519299 0.0526386 0.0512317 0.0480763 0.0437152 0.0387288 0.033616 0.0287269 0.0242521 0.0202557 0.0167268 0.0136266
 1.07074e-16 1.40353e-05 8.23274e-05 0.000391247 0.00150616 0.00469665 0.0118637 0.024277 0.040251 0.0540838 0.0589271 0.0521522 0.037713 0.0227799 0.0125011 0.0079843 0.00785347 0.0104338 0.0146757 0.0200322 0.0260989 0.0324117 0.0384237 0.0435805 0.0474275 0.049696 0.0503411 0.0495172 0.0475075 0.0446368 0.0411982 0.0374152 0.0334413 0.029383 0.0253295 0.0213729
 1.06519e-16 2.19303e-05 0.000128688 0.000611676 0.0023549 0.00734347 0.0185492 0.0379552 0.0629194 0.0845124 0.0920018 0.0812367 0.0583367 0.0344198 0.0174075 0.00887531 0.00650882 0.00755782 0.0103296 0.014044 0.0182983 0.0227444 0.0270021 0.0306928 0.0335091 0.0352733 0.0359607 0.0356795 0.0346193 0.0329888 0.0309653 0.0286719 0.0261812 0.0235378 0.0207839 0.0179767
 1.0434e-16 2.23547e-05 0.000131173 0.000623469 0.00240028 0.00748495 0.0189066 0.0386872 0.064135 0.0861516 0.0938031 0.0828673 0.0595946 0.035336 0.0181897 0.00978829 0.00779492 0.00941322 0.0128972 0.017393 0.0223912 0.0274063 0.0319101 0.0353983 0.0374946 0.0380328 0.0370875 0.0349382 0.0319841 0.0286411 0.0252541 0.0220492 0.0191306 0.0165099 0.0141497 0.0120025
 1.02785e-16 2.62139e-05 0.000153834 0.000731215 0.00281515 0.00877871 0.0221745 0.0453731 0.0752153 0.101025 0.109971 0.0970854 0.0696788 0.0410322 0.0206009 0.0102477 0.00717999 0.00807948 0.0108901 0.0146483 0.0188483 0.0230609 0.0268339 0.0297367 0.0314457 0.0318145 0.0309011 0.0289391 0.0262683 0.0232478 0.0201829 0.0172825 0.0146542 0.0123253 0.0102771 0.00847504
 1.02182e-16 2.54097e-05 0.000149109 0.000708743 0.00272861 0.00850884 0.0214929 0.0439787 0.0729053 0.097927 0.106609 0.0941445 0.0676264 0.0399407 0.0202689 0.0104368 0.00775601 0.00902126 0.0122355 0.0164388 0.0210902 0.0257018 0.0297542 0.0327559 0.0343451 0.0343704 0.0329221 0.0302963 0.0269127 0.0232111 0.0195626 0.0162183 0.0133016 0.0108332 0.00877124 0.00705041
 1.02749e-16 2.10338e-05 0.000123412 0.000586563 0.00225816 0.00704175 0.0177872 0.0363972 0.0603408 0.0810616 0.0882783 0.0780277 0.0562038 0.0335054 0.0175784 0.00999049 0.00857442 0.0107206 0.0147859 0.0199344 0.0256164 0.031271 0.0362779 0.0400437 0.0421257 0.0423306 0.0407516 0.0377289 0.0337519 0.0293383 0.0249288 0.0208274 0.0171912 0.0140589 0.0113969 0.00914358
 1.0362e-16 2.14202e-05 0.000125686 0.000597382 0.00229983 0.00717171 0.0181154 0.0370684 0.061452 0.0825494 0.0898859 0.0794185 0.0571401 0.0339327 0.0175643 0.00961013 0.0078436 0.0095972 0.0132063 0.0178543 0.0230449 0.0282936 0.033065 0.0368392 0.0392159 0.0399991 0.0392306 0.0371593 0.0341622 0.030646 0.026963 0.0233636 0.0199897 0.0168982 0.0140974 0.0115783
 1.04103e-16 2.03755e-05 0.000119551 0.000568212 0.00218752 0.00682145 0.0172307 0.0352584 0.0584524 0.0785233 0.0855104 0.0755727 0.0544169 0.0324034 0.0169341 0.00952301 0.00806782 0.0100424 0.0138644 0.0187436 0.0241773 0.029659 0.0346262 0.0385346 0.0409688 0.0417311 0.0408765 0.0386774 0.0355388 0.0318925 0.0281071 0.0244378 0.0210211 0.0179018 0.0150737 0.0125159
 1.0331e-16 2.61549e-05 0.000153489 0.000729581 0.00280886 0.00875911 0.022125 0.0452716 0.0750465 0.100797 0.109717 0.0968502 0.0694854 0.0408692 0.0204286 0.0100149 0.00683517 0.00757609 0.0101915 0.0137356 0.0177309 0.0217847 0.0254848 0.0284343 0.0303282 0.0310172 0.0305326 0.0290623 0.02689 0.0243198 0.0216123 0.0189496 0.0164312 0.0140941 0.0119411 0.00996589
 1.02634e-16 2.4199e-05 0.000142 0.000674943 0.00259846 0.00810298 0.0204677 0.0418813 0.0694293 0.0932608 0.101537 0.0896829 0.0644601 0.0381485 0.0195033 0.0102775 0.00792527 0.00940524 0.0128182 0.01724 0.0221308 0.0269877 0.0312703 0.0344659 0.0361962 0.0363024 0.0348762 0.0322236 0.028778 0.0249928 0.021249 0.0178032 0.0147794 0.0121966 0.0100111 0.00815738
 1.03223e-16 2.02558e-05 0.000118845 0.000564851 0.00217457 0.00678106 0.0171287 0.0350499 0.0581076 0.0780628 0.0850161 0.0751526 0.0541509 0.0323182 0.0170228 0.00978217 0.00851729 0.0107227 0.0148207 0.0200067 0.025745 0.031483 0.0366059 0.0405224 0.0427874 0.0431994 0.0418386 0.0390277 0.0352373 0.0309675 0.0266458 0.0225688 0.0188933 0.0156645 0.0128605 0.0104341
 1.03598e-16 2.34556e-05 0.000137639 0.000654218 0.00251868 0.00785419 0.0198393 0.0405952 0.0672964 0.0903937 0.0984096 0.0869075 0.0624364 0.0368935 0.0187578 0.00972102 0.0073111 0.0085822 0.0117072 0.0158186 0.0204362 0.0251256 0.0294157 0.0328492 0.0350717 0.0359058 0.0353808 0.0337056 0.0312006 0.0282128 0.0250426 0.021904 0.0189198 0.016142 0.0135839 0.0112462
 1.03409e-16 2.24762e-05 0.000131885 0.000626852 0.0024133 0.00752556 0.0190092 0.0388972 0.0644833 0.08662 0.0943145 0.0833225 0.0599294 0.0355494 0.0183271 0.00990651 0.00794068 0.0096198 0.013188 0.0177835 0.0228868 0.0279985 0.0325738 0.0360909 0.0381581 0.0385996 0.0374879 0.0351085 0.0318748 0.0282231 0.0245222 0.0210232 0.0178532 0.0150424 0.0125657 0.0103801
 1.05218e-16 1.14088e-05 6.68939e-05 0.000317844 0.00122349 0.00381512 0.00963718 0.0197226 0.0327062 0.0439654 0.0479534 0.0425609 0.0310395 0.0192723 0.0115192 0.00877161 0.00999966 0.0138989 0.0196074 0.026576 0.0342624 0.0419818 0.0489363 0.0543492 0.0576298 0.0585024 0.0570554 0.0536914 0.0490049 0.0436291 0.0381055 0.0328098 0.0279426 0.0235672 0.0196673 0.0162001
 1.09247e-16 1.21849e-05 7.14682e-05 0.000339632 0.00130744 0.00407698 0.0102984 0.021074 0.0349406 0.0469491 0.0511556 0.0452792 0.0327542 0.0198084 0.0109166 0.00704996 0.00702887 0.0094203 0.0133406 0.0183479 0.0241263 0.0303045 0.0364277 0.0420147 0.0466425 0.0500183 0.0520137 0.0526522 0.0520624 0.0504192 0.0478972 0.04465 0.0408159 0.0365345 0.0319642 0.0272853
pSPR Fmed_Fpbrs
0.357347   0.254911 0.254911
Fs Fmed_Fpbrs
0.67   1.005 1.005
SSBpbr Bo_Bmed_Bpbrs
1.76014e+06  540974  360673 360673
Ro
41217.8
SPR SPRFo_SPRFmed_SPRFpbrs
848996 303386 216419
log_Ro
10.4466
likeval ReclasPelacesDesembMPH_pf_preclas_ppelaces_ptallas_desvR_qrecl_qpela
 112.613 83.0113 0.0042329 0.000706686 343.191 220.647 80.9615 0 14.3232 0 0 0 0 0 0
q_reclas_q_pelaces
1 1
M
0.7
N
 42146.8 19226.3 7222.82 859.392 0.270769
 44397.6 18009.8 7069.53 2655.84 316.099
 22834.4 18784.5 6492.26 2548.46 1071.34
 26234.1 8032.12 4680.43 1617.64 901.923
 52926.5 11954.1 3358.43 1957 1053.49
 40535.2 25827.3 5732.38 1610.48 1443.63
 80675.2 16258.6 8367.4 1857.14 989.455
 86608 35545.2 6355.81 3270.98 1112.79
 129840 35084.4 11746.3 2100.34 1448.66
 138861 53309.2 11909.8 3987.4 1204.75
 72310.7 60472.6 20359.5 4548.52 1982.95
 40709.9 27514.5 17631.2 5935.97 1904.3
 46826.8 15722.2 8264.03 5295.57 2354.84
 28548.1 15993.4 3693.25 1941.28 1797.14
 19986.7 7363.99 2142.98 494.865 500.918
 17058.3 5717.6 1213.57 353.157 164.102
 14382.9 6688.62 1770.19 375.725 160.146
 15702.4 5957.18 2310.65 611.531 185.122
 16453.3 6861 2290.27 888.341 306.277
 30976.6 7281.3 2705.85 903.239 471.135
 43630.3 13758 2892.41 1074.87 545.955
 47241 20621.2 6188.92 1301.12 729.11
 74829.7 21956.8 8970.55 2692.28 883.183
 96836.6 34210 9241.28 3775.57 1504.86
 42996.6 44420.3 14495.8 3915.81 2237.48
 32691.4 19718.1 18812.5 6139.14 2605.99
pred_Ctot
 4265.15 3651.17 1371.65 163.202 0.0514202
 4768.94 3615.73 1419.31 533.197 63.4613
 4885.19 6999.47 2419.14 949.605 399.201
 1562.25 921.773 537.13 185.641 103.505
 659.874 295.798 83.1027 48.4251 26.0681
 5674.73 6616.12 1468.45 412.552 369.811
 6586.89 2522.53 1298.21 288.137 153.514
 11610.9 8753.57 1565.22 805.531 274.042
 16351.5 8159.52 2731.81 488.473 336.912
 12379.5 8987.79 2007.96 672.265 203.118
 12343.9 18509.9 6231.79 1392.24 606.957
 6602.83 8047.18 5156.62 1736.1 556.952
 10742.4 6216.09 3267.36 2093.72 931.035
 10240.2 9026.81 2084.51 1095.68 1014.32
 6288.12 3762.63 1094.95 252.851 255.943
 2616.49 1590.67 337.62 98.2501 45.6541
 1734.38 1494.69 395.58 83.9622 35.7873
 1366.47 981.732 380.791 100.779 30.5077
 1296.33 1029.09 343.52 133.243 45.9388
 2367.83 1061.16 394.343 131.636 68.6619
 1517.66 936.718 196.93 73.1825 37.1714
 2184.17 1852.83 556.077 116.906 65.5109
 4291.76 2430.19 992.868 297.983 97.7515
 5335.56 3642.69 984.016 402.025 160.238
 2376.46 4744.17 1548.18 418.216 238.967
 2988.35 3403.77 3247.46 1059.75 449.852
F
 0.150243 0.300486 0.300486 0.300486 0.300486
 0.160153 0.320307 0.320307 0.320307 0.320307
 0.344821 0.689642 0.689642 0.689642 0.689642
 0.085988 0.171976 0.171976 0.171976 0.171976
 0.0174707 0.0349413 0.0349413 0.0349413 0.0349413
 0.213545 0.42709 0.42709 0.42709 0.42709
 0.119628 0.239255 0.239255 0.239255 0.239255
 0.203635 0.407269 0.407269 0.407269 0.407269
 0.190197 0.380395 0.380395 0.380395 0.380395
 0.13128 0.262561 0.262561 0.262561 0.262561
 0.266259 0.532518 0.532518 0.532518 0.532518
 0.251401 0.502801 0.502801 0.502801 0.502801
 0.374282 0.748563 0.748563 0.748563 0.748563
 0.654989 1.30998 1.30998 1.30998 1.30998
 0.55152 1.10304 1.10304 1.10304 1.10304
 0.23623 0.472461 0.472461 0.472461 0.472461
 0.181439 0.362879 0.362879 0.362879 0.362879
 0.127964 0.255928 0.255928 0.255928 0.255928
 0.115219 0.230437 0.230437 0.230437 0.230437
 0.111609 0.223218 0.223218 0.223218 0.223218
 0.0494317 0.0988634 0.0988634 0.0988634 0.0988634
 0.0661869 0.132374 0.132374 0.132374 0.132374
 0.0826975 0.165395 0.165395 0.165395 0.165395
 0.0793294 0.158659 0.158659 0.158659 0.158659
 0.0795865 0.159173 0.159173 0.159173 0.159173
 0.134815 0.269629 0.269629 0.269629 0.269629
Np
 30910.9 9286.93 2578.73 1359.21 1532.51
YTP_r0W_actual
 81232 203514 283085 120509 58444.2
YTP_p0W_proyectada
 76807.7 146422 112520 140040 72012.3
 76807.7 95852.1 38804 26680.7 34369.5
CTP_r0_actual
 9556.7 9509.99 9073.25 2960.9 1256.87
CTP_p0_proyectada
 9036.2 6842.17 3606.41 3440.79 1548.65
 9036.2 4479.07 1243.72 655.546 739.129
Wmedp
 8.5 21.4 31.2 40.7 46.5
nmprior
 10.6 11 7 0
nm_flota  nm_reclas  nm_pelaces    nm_pelaL
inf 15.3884 13.491 29.448
cv_recla  cv_pelaces  cv_mph
0.938787 1.0331 0.862485
 ------------------------------------------------
Talla a la edad & desviaci?n 
 7.2 14.2025 17.0495 18.207 18.6776
 1.08 2.13037 2.55742 2.73105 2.80164
