years
 1997 1998 1999 2000 2001 2002 2003 2004 2005 2006 2007 2008 2009 2010 2011 2012 2013 2014 2015 2016 2017 2018 2019 2020 2021 2022 2023
reclasobs
 0 0 0 370054 412103 1.49427e+06 250295 1.28982e+06 931140 785840 897777 1.04006e+06 184774 17550 25797 100020 73551 82996 120727 218422 84188 347160 605670 569463 516374 1.08416e+06 1.08416e+06
reclaspred
 2.88088e+06 689393 1.47639e+06 602013 299573 1.07647e+06 4.23817e+06 3.14457e+06 3.63723e+06 3.24476e+06 4.50369e+06 4.56457e+06 3.31611e+06 2.08275e+06 1.32281e+06 750125 534097 509540 513291 603653 491909 554510 1.28187e+06 1.37983e+06 1.87113e+06 1.77726e+06 1.80406e+06
pelacesobs
 0 0 0 0 0 0 0 0 0 2.06254e+06 1.5e+06 0 1.87456e+06 323000 250000 174000 83755 137374 0 501740 490994 745055 786931 1.00524e+06 1.33801e+06 1.41789e+06 0
pelacespred
 2.38815e+06 875563 515329 478122 213456 430780 1.5084e+06 2.22803e+06 2.20475e+06 2.07211e+06 2.69619e+06 2.7438e+06 2.10098e+06 1.39032e+06 841233 482168 325517 281925 298538 323200 311420 309260 552457 774227 982216 1.03572e+06 1.04337e+06
mphobs
 0 0 0 0 0 112323 0 153150 637223 0 255016 313432 73983 77613 109348 50772 17779 17303 59886 28197 0 207744 136588 643089 65757 0 0
mphpred
 1.88635e+06 1.50465e+06 884063 822250 365302 314682 2.5564e+06 2.70134e+06 3.5703e+06 2.85913e+06 3.48679e+06 4.57541e+06 3.37889e+06 2.37994e+06 1.44102e+06 820040 488367 435193 428888 539505 461093 415566 840920 1.11767e+06 1.51791e+06 1.63747e+06 1.54761e+06
desembarqueobs
 350755 77701 442110 56441 14545 235359 269955 359681 431902 328805 639364 411747 362871 311530 167758 66681 60226 58785 57116 73181 50977 67692 138656 160484 209506 203330 203330
desembarquepred
 327456 78493.9 168106 68546.7 34109 122197 482554 357441 414036 369068 512189 519663 377461 237140 150615 85405.3 60770.4 57987.9 58387.2 68723.2 55971.5 63043.8 145882 156967 212947 202274 205260
Reclutas
 205612 4352.69 610.299 428.873 1192.29 412939 8625.79 416654 76028.5 326158 485671 61446.3 107947 8047.99 3036.96 6337.72 29029.9 18424.1 46572.5 7665.56 26553.2 113017 81970.5 130101 67853.1 72836.6 124387
log_desv_Rt
 1.89046 -1.96473 -3.92933 -4.28212 -3.25965 2.58777 -1.28077 2.59673 0.89558 2.35185 2.75 0.682636 1.24612 -1.35011 -2.32467 -1.58901 -0.0671999 -0.521868 0.405483 -1.39879 -0.156377 1.29201 0.970832 1.43278 0.781817 0.852691 1.38787
SSB
 1.88635e+06 1.50465e+06 884063 822250 365302 314682 2.5564e+06 2.70134e+06 3.5703e+06 2.85913e+06 3.48679e+06 4.57541e+06 3.37889e+06 2.37994e+06 1.44102e+06 820040 488367 435193 428888 539505 461093 415566 840920 1.11767e+06 1.51791e+06 1.63747e+06 1.54761e+06
BT
 7.75709e+06 1.71988e+06 1.01437e+06 938346 421394 1.43461e+06 3.01243e+06 5.93538e+06 4.63295e+06 5.04047e+06 6.88138e+06 5.58291e+06 4.44718e+06 2.74387e+06 1.65884e+06 958961 737617 621936 702757 656861 714142 767710 1.23516e+06 1.81507e+06 2.16443e+06 2.23134e+06 2.3888e+06
Ftot
 0.110803 0.110803 0.110803 0.110803 0.110803 0.110803 0.110803 0.110803 0.110803 0.110803 0.110803 0.110803 0.110803 0.110803 0.110803 0.110803 0.110803 0.110803 0.110803 0.110803 0.110803 0.110803 0.110803 0.110803 0.110803 0.110803 0.110803
BD_Bspro_t
 0.985858 0.914466 0.824286 0.740298 0.665785 0.734715 0.903634 0.843414 0.862407 0.813566 0.835837 0.839079 0.781047 0.74391 0.685247 0.634841 0.606287 0.686296 0.730195 0.791515 0.767392 0.792688 0.857112 0.844427 0.845507 0.81632 0.805235
BD_Bspro
 2.92931 2.33656 1.37286 1.27687 0.567276 0.488669 3.96982 4.1949 5.54431 4.43993 5.41462 7.10515 5.24707 3.69581 2.23776 1.27344 0.758384 0.67581 0.666019 0.837795 0.716031 0.64533 1.30586 1.73563 2.35716 2.54282 2.40328
BD_Bo
 0.361007 0.287956 0.16919 0.15736 0.0699107 0.0602232 0.489238 0.516976 0.683277 0.547174 0.667294 0.875633 0.646644 0.455468 0.27578 0.156937 0.0934626 0.0832863 0.0820796 0.103249 0.0882431 0.07953 0.160934 0.213897 0.290495 0.313376 0.296178
BD_Brms
 1.75295 1.39824 0.821542 0.7641 0.339468 0.292428 2.37561 2.5103 3.31781 2.65693 3.2402 4.25184 3.13993 2.21163 1.33911 0.762046 0.453829 0.404416 0.398557 0.501351 0.428485 0.386177 0.78145 1.03863 1.41056 1.52167 1.43816
S_f
 0.5 1 1 1 1
 0.5 1 1 1 1
 0.5 1 1 1 1
 0.5 1 1 1 1
 0.5 1 1 1 1
 0.5 1 1 1 1
 0.5 1 1 1 1
 0.5 1 1 1 1
 0.5 1 1 1 1
 0.5 1 1 1 1
 0.5 1 1 1 1
 0.5 1 1 1 1
 0.5 1 1 1 1
 0.5 1 1 1 1
 0.5 1 1 1 1
 0.5 1 1 1 1
 0.5 1 1 1 1
 0.5 1 1 1 1
 0.5 1 1 1 1
 0.5 1 1 1 1
 0.5 1 1 1 1
 0.5 1 1 1 1
 0.5 1 1 1 1
 0.5 1 1 1 1
 0.5 1 1 1 1
 0.5 1 1 1 1
 0.5 1 1 1 1
Scru_reclas
 0.5 1 1 1 1
 0.5 1 1 1 1
 0.5 1 1 1 1
 0.5 1 1 1 1
 0.5 1 1 1 1
 0.5 1 1 1 1
 0.5 1 1 1 1
 0.5 1 1 1 1
 0.5 1 1 1 1
 0.5 1 1 1 1
 0.5 1 1 1 1
 0.5 1 1 1 1
 0.5 1 1 1 1
 0.5 1 1 1 1
 0.5 1 1 1 1
 0.5 1 1 1 1
 0.5 1 1 1 1
 0.5 1 1 1 1
 0.5 1 1 1 1
 0.5 1 1 1 1
 0.5 1 1 1 1
 0.5 1 1 1 1
 0.5 1 1 1 1
 0.5 1 1 1 1
 0.5 1 1 1 1
 0.5 1 1 1 1
 0.5 1 1 1 1
Scru_pelaces
 0.5 1 1 1 1
 0.5 1 1 1 1
 0.5 1 1 1 1
 0.5 1 1 1 1
 0.5 1 1 1 1
 0.5 1 1 1 1
 0.5 1 1 1 1
 0.5 1 1 1 1
 0.5 1 1 1 1
 0.5 1 1 1 1
 0.5 1 1 1 1
 0.5 1 1 1 1
 0.5 1 1 1 1
 0.5 1 1 1 1
 0.5 1 1 1 1
 0.5 1 1 1 1
 0.5 1 1 1 1
 0.5 1 1 1 1
 0.5 1 1 1 1
 0.5 1 1 1 1
 0.5 1 1 1 1
 0.5 1 1 1 1
 0.5 1 1 1 1
 0.5 1 1 1 1
 0.5 1 1 1 1
 0.5 1 1 1 1
 0.5 1 1 1 1
pf_obs 
 0.256992 0.487395 0.22802 0.0275931 0
 0.321318 0.546541 0.124235 0.00734118 0.000564706
 0.182869 0.594174 0.210203 0.0122559 0.00049798
 0.330522 0.361315 0.267642 0.0388342 0.00168674
 0.649043 0.306663 0.0425973 0.00169635 0
 0.582887 0.30429 0.105238 0.00758474 0
 0.465427 0.430635 0.0974691 0.00646863 0
 0.296916 0.608066 0.0921331 0.00288517 0
 0.311714 0.524322 0.152257 0.0117073 0
 0.15457 0.633149 0.183074 0.0267441 0.00246327
 0.131901 0.49318 0.331252 0.0422183 0.00144891
 0.196976 0.569456 0.194076 0.0375587 0.00193317
 0.518974 0.381816 0.0799577 0.0180837 0.00116848
 0.0928022 0.601141 0.25162 0.0475244 0.00691264
 0.122501 0.610282 0.24278 0.0234846 0.000952079
 0.383417 0.481906 0.127806 0.00687128 0
 0.0376549 0.599619 0.316969 0.0457579 0
 0.0361596 0.667082 0.258105 0.0386534 0
 0.158088 0.579412 0.248529 0.0139706 0
 0.0477256 0.309471 0.559284 0.082774 0.000745712
 0.0406174 0.521527 0.379366 0.0568643 0.0016247
 0.151134 0.462217 0.34131 0.0453401 0
 0.294876 0.26143 0.354403 0.0886775 0.000613685
 0.281977 0.475581 0.204845 0.0348837 0.00271318
 0.0841818 0.532909 0.334909 0.0458182 0.00218182
 0.115287 0.27431 0.454777 0.147771 0.00785563
 0 0 0 0 0
pf_pred 
 0.741752 0.130006 0.0645589 0.032059 0.0316241
 0.0193651 0.839069 0.0712666 0.0353899 0.0349098
 0.00594958 0.0389214 0.817245 0.069413 0.0684713
 0.00926019 0.0120871 0.0383185 0.804586 0.135748
 0.0542406 0.0178961 0.01132 0.0358867 0.880657
 0.975584 0.00258373 0.000413111 0.000261309 0.0211574
 0.0220053 0.966276 0.00124013 0.000198284 0.0102805
 0.700293 0.0132981 0.282977 0.000363177 0.00306874
 0.141457 0.711069 0.00654347 0.139241 0.00168871
 0.542688 0.116034 0.282656 0.00260108 0.0560208
 0.535465 0.32984 0.0341763 0.0832524 0.0172663
 0.0885123 0.641707 0.191556 0.019848 0.0583765
 0.242266 0.126492 0.444408 0.13266 0.0541737
 0.0312983 0.385064 0.0974293 0.342301 0.143907
 0.0250699 0.060938 0.363317 0.0919268 0.458749
 0.102851 0.0452067 0.0532506 0.317484 0.481207
 0.488586 0.0978395 0.0208398 0.0245479 0.368187
 0.314627 0.454719 0.0441268 0.00939898 0.177128
 0.572765 0.207836 0.145563 0.0141258 0.0597106
 0.116452 0.648964 0.114117 0.079925 0.0405415
 0.446747 0.118298 0.319474 0.0561777 0.0593035
 0.743583 0.160248 0.0205632 0.0555328 0.0200736
 0.403879 0.510767 0.0533421 0.00684494 0.0251674
 0.50219 0.290223 0.177864 0.0185753 0.0111476
 0.277502 0.488051 0.136683 0.0837666 0.0139983
 0.340994 0.291376 0.248335 0.0695484 0.0497458
 0.490164 0.263271 0.109017 0.0929139 0.0446336
pobs_RECLAS
 0 0 0 0 0
 0 0 0 0 0
 0 0 0 0 0
 0 0 0 0 0
 0.835266 0.146461 0.0176864 0.000547809 3.91292e-05
 0.385257 0.428462 0.181853 0.0044286 0
 0.867414 0.0963971 0.0333333 0.00285562 0
 0.441836 0.489002 0.0689373 0.000224442 0
 0.779404 0.147425 0.0564933 0.0165055 0.000172143
 0.814271 0.122319 0.05973 0.00367925 0
 0.40263 0.566651 0.0304383 0.000280538 0
 0.475488 0.404961 0.113038 0.00651328 0
 0.955842 0.0263864 0.0167828 0.000988607 0
 0.975058 0.0227948 0.00214734 0 0
 0.738997 0.206755 0.0527124 0.00153531 0
 0.850938 0.134255 0.0134407 0.00136685 0
 0.542534 0.407297 0.0501686 0 0
 0.764087 0.199537 0.0359546 0.000420521 0
 0.470689 0.182191 0.310203 0.0369168 0
 0.84361 0.089868 0.0606195 0.00523954 0.000663233
 0.607945 0.314616 0.071237 0.00620181 0
 0.523733 0.453247 0.0230204 0 0
 0.530135 0.295979 0.169645 0.0042399 0
 0.562478 0.366248 0.0663022 0.0049721 0
 0.250443 0.683176 0.0655157 0.000865301 0
 0.195077 0.31981 0.436473 0.0351445 0.0134964
 0.195077 0.31981 0.436473 0.0351445 0.0134964
ppred_RECLAS
 0.742437 0.129661 0.0643876 0.031974 0.0315402
 0.0194332 0.83901 0.0712616 0.0353875 0.0349074
 0.00597078 0.0389206 0.817227 0.0694115 0.0684698
 0.00929308 0.0120867 0.0383173 0.804559 0.135744
 0.0544244 0.0178926 0.0113178 0.0358797 0.880485
 0.97567 0.00257472 0.000411671 0.000260398 0.0210836
 0.0220824 0.9662 0.00124004 0.000198269 0.0102797
 0.701044 0.0132648 0.282268 0.000362267 0.00306106
 0.141893 0.710709 0.00654015 0.139171 0.00168785
 0.543576 0.115809 0.282107 0.00259603 0.055912
 0.536355 0.329208 0.0341108 0.0830929 0.0172332
 0.0888015 0.641504 0.191495 0.0198417 0.058358
 0.242923 0.126382 0.444023 0.132545 0.0541266
 0.031407 0.385021 0.0974184 0.342263 0.143891
 0.0251575 0.0609325 0.363284 0.0919185 0.458707
 0.103182 0.0451901 0.053231 0.317367 0.48103
 0.48948 0.0976684 0.0208033 0.024505 0.367543
 0.315399 0.454207 0.0440771 0.00938839 0.176929
 0.57364 0.20741 0.145265 0.0140968 0.0595882
 0.116821 0.648694 0.114069 0.0798916 0.0405246
 0.447632 0.118108 0.318963 0.0560879 0.0592087
 0.744265 0.159821 0.0205085 0.0553851 0.0200203
 0.404741 0.510028 0.053265 0.00683504 0.025131
 0.503085 0.289701 0.177545 0.0185419 0.0111276
 0.27822 0.487565 0.136547 0.0836834 0.0139844
 0.341799 0.29102 0.248032 0.0694635 0.0496851
 0.491058 0.26281 0.108826 0.0927509 0.0445553
pobs_PELACES
 0 0 0 0 0
 0 0 0 0 0
 0 0 0 0 0
 0 0 0 0 0
 0 0 0 0 0
 0 0 0 0 0
 0 0 0 0 0
 0 0 0 0 0
 0 0 0 0 0
 0 0 0 0 0
 0.450072 0.473896 0.0757376 0.000293798 0
 0 0 0 0 0
 0.463077 0.371075 0.160297 0.00555027 0
 0.529543 0.364841 0.0842815 0.0213345 0
 0.631943 0.363953 0.00410389 0 0
 0.735681 0.248677 0.0153453 0.000297389 0
 0.695825 0.281241 0.0229344 0 0
 0.275771 0.60734 0.115278 0.00161068 0
 0 0 0 0 0
 0.896147 0.0623911 0.0374545 0.00400742 0
 0.803859 0.145111 0.0509908 3.86294e-05 0
 0.739449 0.233085 0.0266225 0.000797448 4.60066e-05
 0.878498 0.100942 0.0204185 0.000141795 0
 0.694673 0.275183 0.0284847 0.00165964 0
 0.469039 0.446079 0.0841089 0.000773354 0
 0.822795 0.102175 0.0682046 0.00682512 0
 0 0 0 0 0
ppred_PELACES
 0.745918 0.127909 0.0635175 0.0315419 0.031114
 0.0197846 0.83871 0.0712361 0.0353748 0.0348949
 0.00608028 0.0389163 0.817137 0.0694038 0.0684623
 0.00946292 0.0120846 0.0383107 0.804421 0.135721
 0.055373 0.0178747 0.0113064 0.0358437 0.879602
 0.9761 0.00252919 0.000404392 0.000255793 0.0207108
 0.0224807 0.965806 0.00123953 0.000198188 0.0102755
 0.704861 0.0130954 0.278664 0.000357641 0.00302197
 0.144133 0.708853 0.00652308 0.138807 0.00168344
 0.548108 0.114659 0.279306 0.00257025 0.0553568
 0.540898 0.325982 0.0337765 0.0822786 0.0170643
 0.090292 0.640454 0.191182 0.0198092 0.0582626
 0.246302 0.125818 0.442041 0.131954 0.0538851
 0.031968 0.384798 0.097362 0.342065 0.143808
 0.0256098 0.0609042 0.363116 0.0918759 0.458495
 0.104886 0.0451042 0.0531298 0.316764 0.480116
 0.494049 0.0967943 0.0206171 0.0242856 0.364254
 0.31936 0.451579 0.0438221 0.00933407 0.175905
 0.578106 0.205237 0.143744 0.0139492 0.0589641
 0.11872 0.647298 0.113824 0.0797198 0.0404375
 0.452157 0.117141 0.31635 0.0556284 0.0587237
 0.747729 0.157656 0.0202307 0.0546349 0.0197491
 0.409153 0.506248 0.0528702 0.00678438 0.0249447
 0.507655 0.287037 0.175912 0.0183714 0.0110253
 0.281906 0.485075 0.13585 0.083256 0.0139129
 0.345924 0.289197 0.246478 0.0690282 0.0493737
 0.495628 0.26045 0.107849 0.0919181 0.0441552
pobs_pel_tallas
 0 0 0 0 0 0 0 0 0 0 0 0 0 0 0 0 0 0 0 0 0 0 0 0 0 0 0 0 0 0 0 0 0 0 0 0
 0 0 0 0 0 0 0 0 0 0 0 0 0 0 0 0 0 0 0 0 0 0 0 0 0 0 0 0 0 0 0 0 0 0 0 0
 0 0 0 0 0 0 0 0 0 0 0 0 0 0 0 0 0 0 0 0 0 0 0 0 0 0 0 0 0 0 0 0 0 0 0 0
 0 0 0 0 0 0 0 0 0 0 0 0 0 0 0 0 0 0 0 0 0 0 0 0 0 0 0 0 0 0 0 0 0 0 0 0
 0 0 0 0 0 0 0 0 0 0 0 0 0 0 0 0 0 0 0 0 0 0 0 0 0 0 0 0 0 0 0 0 0 0 0 0
 0 0 0 0 0 0 0 0 0 0 0 0 0 0 0 0 0 0 0 0 0 0 0 0 0 0 0 0 0 0 0 0 0 0 0 0
 0 0 0 0 0 0 0 0 0 0 0 0 0 0 0 0 0 0 0 0 0 0 0 0 0 0 0 0 0 0 0 0 0 0 0 0
 0 0 0 0 0 0 0 0 0 0 0 0 0 0 0 0 0 0 0 0 0 0 0 0 0 0 0 0 0 0 0 0 0 0 0 0
 0 0 0 0 0 0 0 0 0 0 0 0 0 0 0 0 0 0 0 0 0 0 0 0 0 0 0 0 0 0 0 0 0 0 0 0
 0 0 0 0 0 0 0 0 0 0 0 0 0 0 0 0 0 0 0 0 0 0 0 0 0 0 0 0 0 0 0 0 0 0 0 0
 0 0 0 0 0 0 0 0 1.78061e-05 0.00172719 0.00360574 0.0105946 0.0120993 0.0124554 0.0147524 0.0171206 0.0266825 0.0428682 0.0675386 0.121331 0.153587 0.119568 0.100827 0.0573624 0.0630603 0.0341343 0.0324427 0.0444173 0.0211091 0.0280891 0.0125444 0.00206551 0 0 0 0
 0 0 0 0 0 0 0 0 0 0 0 0 0 0 0 0 0 0 0 0 0 0 0 0 0 0 0 0 0 0 0 0 0 0 0 0
 0 0 0 0 0 0 0.0133647 0.0140871 0.0187388 0.0205184 0.03894 0.0496705 0.03968 0.0493445 0.0407372 0.0367815 0.0215668 0.0243155 0.0234873 0.0199281 0.019796 0.0243948 0.0301388 0.0376714 0.0412746 0.0863199 0.0771752 0.113111 0.0741005 0.0525337 0.0229764 0.00759418 0.00175318 0 0 0
 0 0 0 0 0 0 0 0 0 0 0.00219441 0.00772107 0.0458388 0.0604681 0.0671733 0.0775358 0.0609151 0.0617685 0.073594 0.0568108 0.0755445 0.0548602 0.0670107 0.0636378 0.0643287 0.046367 0.0373049 0.0286899 0.0247887 0.0153202 0.00654259 0.00121912 0.000365735 0 0 0
 0 0 0 0 0 0 0 0 0 0 0 0 0.000112435 0.00938835 0.0111873 0.0202946 0.0414886 0.0713402 0.111592 0.104902 0.108894 0.110636 0.117776 0.105296 0.107544 0.0401394 0.0192827 0.0124803 0.00416011 0.0028671 0.000618394 0 0 0 0 0
 0 0 0 0 0 0 0 0 0 0 0.00291406 0.0102884 0.027416 0.0768956 0.0749926 0.110853 0.0956884 0.0897413 0.0766577 0.0534642 0.0500743 0.0551293 0.0594112 0.0620874 0.0668451 0.0424026 0.0208742 0.0120726 0.0048766 0.00582813 0.00118941 0.000297354 0 0 0 0
 0 0.00264628 0.0354308 0.0461629 0.0458689 0.0383711 0.0214643 0.0164657 0.0346957 0.0420465 0.0363128 0.0245516 0.0311673 0.0291091 0.0169068 0.0133784 0.00837989 0.0085269 0.0148486 0.0160247 0.0276389 0.0546898 0.0760071 0.122758 0.109233 0.0665981 0.0333725 0.0166128 0.00676272 0.00308733 0.000882094 0 0 0 0 0
 0 0 0 0 0 0 0 0.000805153 0.000690131 0.00759144 0.0133425 0.0154129 0.00931677 0.000345066 0.00356568 0.00563607 0.00851162 0.0253048 0.0502646 0.0516448 0.0657925 0.0565908 0.0611916 0.0827007 0.0866115 0.110766 0.145733 0.0935128 0.0569358 0.0249597 0.0138026 0.00621118 0.00161031 0.00115022 0 0
 0 0 0 0 0 0 0 0 0 0 0 0 0 0 0 0 0 0 0 0 0 0 0 0 0 0 0 0 0 0 0 0 0 0 0 0
 0.00147267 0.00158595 0.00478618 0.00569244 0.00954404 0.0108468 0.00647125 0.017049 0.0510054 0.094081 0.124002 0.0959785 0.0687766 0.0820023 0.061753 0.0591476 0.0492212 0.0479892 0.0443925 0.0268479 0.0217502 0.0140895 0.0121071 0.0120363 0.00920419 0.00665534 0.0049561 0.00860946 0.00930331 0.0156896 0.0114698 0.00855282 0.00243557 0.00046729 0 2.83206e-05
 0 0 0 0 0.000772559 0.00158375 0.000888443 0.00281984 0.00712685 0.0440552 0.0773331 0.111326 0.0921469 0.0852325 0.0710754 0.0886704 0.0786465 0.0553345 0.0373146 0.0185414 0.00753245 0.00457741 0.012979 0.0271748 0.0457355 0.0583668 0.034881 0.0177882 0.00938659 0.00492506 0.0015258 0.00185414 0.000309023 5.79419e-05 3.86279e-05 0
 0 0.00173294 0.00326652 0 0.00397197 0.00683976 0.00946217 0.0152591 0.00757587 0.0136028 0.0228656 0.0392903 0.0559909 0.0764795 0.0681675 0.0726916 0.0566044 0.0477403 0.0527397 0.0444891 0.0609904 0.0582453 0.0661739 0.0445044 0.0529084 0.0360697 0.0280645 0.0235558 0.0158879 0.00826598 0.00280645 0.00217768 0.000904811 0.00058276 9.20147e-05 0
 0 0 0 0 0 0 0 0 0 0 0 0 0 0 0 0 0 0 0 0 0 0 0 0 0 0 0 0 0 0 0 0 0 0 0 0
 0 0 0 0 0 0 0 0 0 0 0 0 0 0 0 0 0 0 0 0 0 0 0 0 0 0 0 0 0 0 0 0 0 0 0 0
 0 0 0 0 0 0 0 0 0 0 0 0 0 0 0 0 0 0 0 0 0 0 0 0 0 0 0 0 0 0 0 0 0 0 0 0
 0 0 0 0 0 0 0 0 0 0 0 0 0 0 0 0 0 0 0 0 0 0 0 0 0 0 0 0 0 0 0 0 0 0 0 0
 0 0 0 0 0 0 0 0 0 0 0 0 0 0 0 0 0 0 0 0 0 0 0 0 0 0 0 0 0 0 0 0 0 0 0 0
ppred_pel_tallas
 1.03482e-16 3.25434e-05 0.000191008 0.000907974 0.00349577 0.0109012 0.0275356 0.0563412 0.0933906 0.125417 0.13647 0.120354 0.0861047 0.0501537 0.0241595 0.0103374 0.00512323 0.0043293 0.00539943 0.00722947 0.00939465 0.0116635 0.0138303 0.015699 0.017113 0.017984 0.0183038 0.0181332 0.0175747 0.0167393 0.0157198 0.0145782 0.0133486 0.0120481 0.0106922 0.00930396
 1.04131e-16 9.09393e-07 5.22307e-06 2.45875e-05 9.42595e-05 0.000293587 0.000742516 0.00152593 0.00255452 0.00350663 0.00401622 0.00401905 0.00391632 0.00438249 0.00604464 0.00933413 0.014521 0.021747 0.030957 0.0417759 0.0534301 0.064783 0.0745013 0.081321 0.0843376 0.0832231 0.0783015 0.0704475 0.0608557 0.0507549 0.0411622 0.0327409 0.0257786 0.0202585 0.0159778 0.0126643
 1.17196e-16 2.81223e-07 1.60423e-06 7.53618e-06 2.88665e-05 8.98425e-05 0.000226953 0.000465372 0.000775617 0.00105466 0.0011823 0.00112588 0.000989663 0.000957199 0.00119916 0.00184184 0.00300081 0.00482119 0.00748562 0.0111916 0.0161128 0.0223537 0.0299031 0.0385945 0.0480809 0.0578358 0.0671869 0.0753833 0.0816916 0.0855034 0.0864335 0.0843858 0.0795733 0.0724808 0.0637855 0.0542489
 1.34531e-16 4.24539e-07 2.45583e-06 1.16072e-05 4.45796e-05 0.000138882 0.00035076 0.000718156 0.00119254 0.00160819 0.00176768 0.00160149 0.00124001 0.000917879 0.000824465 0.00105021 0.00163884 0.00265741 0.0042264 0.0065137 0.0097135 0.0140192 0.0195903 0.0265134 0.0347599 0.0441476 0.0543179 0.064736 0.0747238 0.0835247 0.0903961 0.0947121 0.0960588 0.0942984 0.0895952 0.0823875
 1.42498e-16 2.42595e-06 1.42071e-05 6.74769e-05 0.000259697 0.000809725 0.00204525 0.00418516 0.00693892 0.00932367 0.010159 0.00899203 0.00650553 0.00393935 0.00219088 0.00147302 0.00159115 0.00233061 0.00362705 0.00555276 0.0082536 0.0118999 0.0166521 0.022629 0.029873 0.0383129 0.0477328 0.0577545 0.0678425 0.0773402 0.0855336 0.091739 0.0953978 0.0961605 0.09394 0.0889307
 1.00984e-16 4.25752e-05 0.000249915 0.00118805 0.00457418 0.0142643 0.0360302 0.0737207 0.122193 0.164082 0.178499 0.157319 0.112331 0.0649849 0.0304683 0.0115968 0.00362043 0.000990968 0.000338206 0.000259905 0.000325014 0.000432517 0.000563942 0.000716111 0.000887452 0.00107559 0.00127657 0.00148413 0.00168925 0.00188019 0.00204333 0.00216475 0.00223235 0.00223796 0.00217886 0.00205858
 1.0082e-16 1.03202e-06 5.93152e-06 2.79301e-05 0.000107086 0.000333556 0.000843622 0.00173372 0.00290237 0.00398404 0.00456275 0.0045653 0.00444699 0.00497275 0.0068519 0.0105681 0.0164165 0.0245389 0.0348444 0.0468688 0.0596884 0.0719663 0.082151 0.0887902 0.0908712 0.0880748 0.0808603 0.0703424 0.0580136 0.0453994 0.0337593 0.0239099 0.0161916 0.0105506 0.00668166 0.0041737
 1.04114e-16 3.07491e-05 0.000180483 0.000857958 0.00330322 0.0103008 0.0260189 0.0532371 0.0882427 0.118497 0.128919 0.113648 0.0812046 0.0470951 0.0223092 0.00891349 0.00352178 0.00218197 0.0025213 0.00358783 0.00512005 0.00707081 0.0094145 0.0120867 0.0149679 0.0178841 0.0206192 0.0229388 0.0246217 0.0254938 0.0254582 0.024513 0.0227535 0.0203564 0.0175504 0.0145803
 1.05172e-16 6.32608e-06 3.70363e-05 0.000175859 0.00067674 0.00211007 0.00533061 0.0109125 0.018109 0.0243813 0.0266935 0.0239305 0.0179699 0.0121812 0.00907614 0.00938613 0.0127186 0.0184692 0.0261521 0.0352699 0.0451182 0.0547324 0.0629959 0.0688559 0.0715646 0.0708592 0.0670216 0.0607886 0.0531536 0.0451249 0.03752 0.0308511 0.0253139 0.0208565 0.0172861 0.0143707
 1.06678e-16 2.3918e-05 0.000140369 0.000667231 0.00256884 0.00801066 0.0202343 0.0414021 0.0686292 0.0921689 0.100303 0.0884862 0.0633677 0.0370378 0.0180873 0.00817755 0.00473214 0.00472434 0.00632906 0.00878383 0.0118116 0.0152528 0.018933 0.0226439 0.0261633 0.0292798 0.0318126 0.0336215 0.0346093 0.0347224 0.0339536 0.0323458 0.0299973 0.0270584 0.0237213 0.0201989
 1.04211e-16 2.36115e-05 0.000138552 0.000658552 0.00253536 0.0079062 0.0199707 0.0408642 0.0677431 0.0909957 0.0990703 0.0875033 0.0628913 0.0372154 0.0190179 0.0100082 0.00770199 0.00913191 0.0124465 0.0167477 0.0215153 0.0262685 0.0304923 0.0337013 0.0355406 0.0358664 0.0347731 0.0325547 0.0296188 0.0263806 0.0231763 0.0202157 0.0175807 0.0152582 0.013187 0.0113001
 1.06326e-16 3.97609e-06 2.32448e-05 0.000110304 0.000424355 0.00132302 0.00334254 0.00684433 0.0113644 0.0153201 0.0168243 0.0152042 0.011678 0.00841937 0.00708707 0.00824244 0.0117469 0.0173094 0.0246619 0.0334469 0.0430761 0.0527006 0.0613102 0.0679226 0.0717975 0.0726009 0.0704668 0.0659322 0.0597781 0.0528308 0.0457927 0.0391458 0.0331382 0.0278331 0.0231854 0.0191124
 1.13368e-16 1.07585e-05 6.31095e-05 0.000299927 0.00115463 0.00360047 0.00909456 0.0186096 0.0308514 0.0414444 0.0451311 0.0398839 0.0287154 0.0170968 0.00894436 0.00507848 0.00443162 0.00574245 0.00828546 0.0117917 0.0161718 0.0213359 0.0271261 0.033307 0.0395807 0.0456099 0.0510415 0.0555302 0.0587633 0.0604896 0.0605502 0.0589076 0.0556632 0.0510546 0.0454309 0.0392073
 1.19981e-16 1.42169e-06 8.27387e-06 3.91869e-05 0.000150633 0.000469505 0.00118633 0.0024306 0.00404138 0.00546504 0.00604621 0.00556921 0.00450227 0.00367086 0.00373969 0.00500473 0.00752501 0.0112996 0.0163072 0.0224429 0.0294523 0.0369206 0.0443251 0.0511323 0.0569075 0.061394 0.0645371 0.0664414 0.0672867 0.0672352 0.066368 0.0646743 0.062087 0.0585452 0.0540572 0.0487361
 1.29755e-16 1.13164e-06 6.60001e-06 3.12935e-05 0.00012035 0.000375147 0.000947611 0.00193983 0.00321923 0.00433492 0.00474797 0.00426148 0.00321237 0.00220738 0.00171052 0.00188697 0.00273062 0.00423837 0.00647909 0.00957289 0.0136448 0.0187848 0.025018 0.0322813 0.0404058 0.0491071 0.0579858 0.0665449 0.0742253 0.080461 0.0847471 0.0867095 0.0861628 0.0831413 0.077896 0.0708609
 1.34087e-16 4.58669e-06 2.68885e-05 0.000127756 0.000491773 0.00153343 0.0038733 0.00792575 0.0131399 0.017653 0.0192272 0.0170009 0.0122606 0.0073427 0.00392643 0.00238087 0.0022835 0.00314689 0.00473462 0.00703129 0.0101247 0.0141234 0.0191133 0.0251314 0.0321415 0.0400103 0.0484878 0.0571975 0.0656465 0.0732602 0.0794422 0.0836515 0.0854839 0.0847371 0.0814477 0.0758897
 1.18179e-16 2.15586e-05 0.000126523 0.000601415 0.00231546 0.0072205 0.0182384 0.0373181 0.0618589 0.0830749 0.0904024 0.0797424 0.0570846 0.0333213 0.0161881 0.00717214 0.00393928 0.00375045 0.0049546 0.00686917 0.00926646 0.0120485 0.0151312 0.0184264 0.0218515 0.0253362 0.0288179 0.0322238 0.0354507 0.0383498 0.0407292 0.0423753 0.0430899 0.0427327 0.0412544 0.038716
 1.0931e-16 1.39563e-05 8.1856e-05 0.00038899 0.00149744 0.00466945 0.0117951 0.0241373 0.0400219 0.0537833 0.0586192 0.0519259 0.0376493 0.0229393 0.0129411 0.00878431 0.00912233 0.0122917 0.0172169 0.0232778 0.029952 0.036628 0.0426131 0.0472496 0.0500602 0.0508576 0.0497793 0.0472313 0.0437647 0.0399295 0.0361529 0.0326778 0.029566 0.0267506 0.0241078 0.0215225
 1.05342e-16 2.52293e-05 0.00014806 0.000703779 0.00270954 0.00844938 0.0213425 0.0436704 0.0723911 0.0972271 0.105823 0.0933934 0.0669628 0.0393005 0.0194889 0.00930188 0.00603646 0.00649673 0.00872428 0.0118426 0.015448 0.0192343 0.0228795 0.026062 0.0285159 0.0300802 0.0307203 0.0305136 0.0296097 0.0281808 0.0263806 0.0243246 0.022091 0.019736 0.0173109 0.0148749
 1.06456e-16 5.21574e-06 3.05226e-05 0.000144903 0.000557571 0.00173845 0.00439189 0.00899139 0.0149232 0.0200989 0.022023 0.0197861 0.0149496 0.0103114 0.00797151 0.00857079 0.0118279 0.0172828 0.0245586 0.0332436 0.0427223 0.0521303 0.060451 0.0667073 0.070179 0.0705669 0.0680514 0.0632196 0.056897 0.049939 0.0430549 0.0367095 0.0311132 0.0262783 0.0221062 0.0184668
 1.09185e-16 1.97342e-05 0.000115806 0.000550455 0.00211923 0.00660855 0.0166927 0.0341558 0.0566186 0.076042 0.0827617 0.0730325 0.0523473 0.0306912 0.015168 0.00717072 0.00460139 0.00499326 0.00686994 0.0096257 0.0130441 0.0169906 0.0213001 0.0257616 0.0301355 0.0341773 0.0376575 0.0403737 0.0421606 0.0428976 0.0425212 0.0410378 0.0385336 0.0351745 0.0311922 0.0268577
 1.03139e-16 3.26234e-05 0.000191475 0.000910192 0.0035043 0.0109278 0.0276028 0.0564789 0.0936196 0.125727 0.136813 0.12067 0.0863616 0.0503645 0.0243743 0.010621 0.00553874 0.00493138 0.00622835 0.00830148 0.0106899 0.0131166 0.0153284 0.0170922 0.0182352 0.0186821 0.0184674 0.0177165 0.0166054 0.0153119 0.013976 0.0126806 0.0114528 0.0102824 0.00914434 0.00801916
 1.02315e-16 1.78742e-05 0.000104852 0.000498302 0.0019183 0.00598186 0.0151102 0.0309207 0.0512668 0.0688873 0.0750615 0.0664438 0.0480734 0.0290863 0.0160406 0.0103421 0.0102202 0.013502 0.018782 0.0252625 0.0323001 0.0391664 0.0450476 0.0491768 0.0510049 0.0503303 0.0473452 0.0425756 0.0367422 0.0305888 0.0247338 0.0195838 0.0153195 0.0119374 0.00932038 0.00730669
 1.03738e-16 2.21608e-05 0.000130037 0.000618079 0.00237954 0.00742028 0.0187432 0.0383526 0.0635793 0.0854022 0.0929791 0.0821204 0.0590166 0.0349119 0.0178242 0.00936098 0.00719804 0.00856463 0.011746 0.0159306 0.0206671 0.0255392 0.0300863 0.0338515 0.0364674 0.0377285 0.0376232 0.0363126 0.0340713 0.0312109 0.0280148 0.0247007 0.0214154 0.0182498 0.0152625 0.0124989
 1.05598e-16 1.23249e-05 7.22745e-05 0.000343429 0.001322 0.00412234 0.0104132 0.0213101 0.035337 0.0474961 0.0517893 0.0459297 0.0334189 0.0205959 0.0120398 0.00879291 0.00971319 0.0133692 0.0188248 0.0255077 0.0328843 0.0402961 0.04698 0.0521955 0.055382 0.0562811 0.0549828 0.0518757 0.0475275 0.0425375 0.0374117 0.0324935 0.0279576 0.023849 0.0201423 0.0167934
 1.08272e-16 1.51087e-05 8.8635e-05 0.000421248 0.00162169 0.00505694 0.0127737 0.0261385 0.0433346 0.0582191 0.0634115 0.0560708 0.0404375 0.0242077 0.0128919 0.00764451 0.00694702 0.00897226 0.0125933 0.0172641 0.0226373 0.0283411 0.0339343 0.0389579 0.0430177 0.045853 0.0473693 0.0476226 0.0467704 0.0450099 0.0425283 0.03948 0.0359898 0.0321717 0.0281482 0.0240583
 1.06838e-16 2.1635e-05 0.000126953 0.000603426 0.00232313 0.00724439 0.0182989 0.0374432 0.0620712 0.0833745 0.0907666 0.0801545 0.0575778 0.0340088 0.0172672 0.00891319 0.00666899 0.00782421 0.0107067 0.0145377 0.0189032 0.0234377 0.0277422 0.0314239 0.0341705 0.0358113 0.0363406 0.0358938 0.0346894 0.0329601 0.0308968 0.0286235 0.0262021 0.0236582 0.0210122 0.0183014
pSPR Fmed_Fpbrs
0.354622   0.255942 0.255942
Fs Fmed_Fpbrs
0.68   1.005 1.005
SSBpbr Bo_Bmed_Bpbrs
5.22526e+06  1.59173e+06  1.0761e+06 1.0761e+06
Ro
31047.8
SPR SPRFo_SPRFmed_SPRFpbrs
643958 228362 164816
log_Ro
10.1633
likeval ReclasPelacesDesembMPH_pf_preclas_ppelaces_ptallas_desvR_qrecl_qpela
 476.708 49.5539 13802.2 0.00574563 576.974 476.572 147.038 0 142.963 0 0 0 0 0 0
q_reclas_q_pelaces
1 1
M
0.7
N
 205612 18458.6 9166.25 4551.82 4490.07
 4352.69 96601 8204.84 4074.4 4019.13
 610.299 2044.99 42939.3 3647.06 3597.58
 428.873 286.732 909 19086.5 3220.25
 1192.29 201.494 127.453 404.051 9915.39
 412939 560.163 89.5642 56.6528 4587
 8625.79 194008 248.993 39.8114 2064.11
 416654 4052.59 86236.7 110.678 935.194
 76028.5 195753 1801.38 38332.3 464.891
 326158 35719.9 87012.5 800.714 17245.4
 485671 153236 15877.5 38677.1 8021.51
 61446.3 228179 68113.6 7057.57 20757.6
 107947 28868.8 101426 30276.6 12363.9
 8047.99 50716 12832.2 45083.8 18953.7
 3036.96 3781.12 22543.3 5703.94 28464.7
 6337.72 1426.83 1680.71 10020.5 15188
 29029.9 2977.6 634.226 747.078 11205.2
 18424.1 13638.9 1323.54 281.914 5312.81
 46572.5 8656.04 6062.51 588.317 2486.86
 7665.56 21880.8 3847.62 2694.79 1366.92
 26553.2 3601.45 9726.04 1710.27 1805.43
 113017 12475.3 1600.85 4323.23 1562.73
 81970.5 53097.7 5545.27 711.578 2616.32
 130101 38511.5 23602 2464.88 1479.25
 67853.1 61124.4 17118.4 10491.1 1753.17
 72836.6 31878.9 27169.9 7609.15 5442.59
 124387 34220.2 14170.2 12077 5801.51
pred_Ctot
 7994.93 1401.26 695.843 345.546 340.858
 169.248 7333.34 622.86 309.303 305.107
 23.7306 155.243 3259.68 276.862 273.106
 16.6761 21.7669 69.0055 1448.93 244.461
 46.3604 15.2961 9.67539 30.673 752.714
 16056.6 42.524 6.79915 4.30072 348.216
 335.402 14727.9 18.902 3.02223 156.694
 16201 307.647 6546.55 8.40195 70.994
 2956.26 14860.3 136.749 2909.95 35.2916
 12682.2 2711.63 6605.44 60.7852 1309.16
 18884.6 11632.7 1205.32 2936.12 608.942
 2389.25 17321.9 5170.76 535.766 1575.78
 4197.38 2191.54 7699.6 2298.41 938.586
 312.934 3850.04 974.141 3422.48 1438.85
 118.088 287.039 1711.35 433.007 2160.86
 246.433 108.316 127.589 760.695 1152.98
 1128.79 226.04 48.1465 56.7134 850.629
 716.395 1035.38 100.475 21.4011 403.315
 1810.91 657.112 460.227 44.6613 188.787
 298.064 1661.05 292.087 204.571 103.768
 1032.48 273.399 738.339 129.833 137.057
 4394.49 947.044 121.526 328.192 118.633
 3187.31 4030.84 420.962 54.0185 198.614
 5058.8 2923.55 1791.71 187.118 112.295
 2638.37 4640.18 1299.52 796.418 133.09
 2832.15 2420.04 2062.56 577.639 413.167
 4836.6 2597.78 1075.71 916.811 440.414
F
 0.0554016 0.110803 0.110803 0.110803 0.110803
 0.0554016 0.110803 0.110803 0.110803 0.110803
 0.0554016 0.110803 0.110803 0.110803 0.110803
 0.0554016 0.110803 0.110803 0.110803 0.110803
 0.0554016 0.110803 0.110803 0.110803 0.110803
 0.0554016 0.110803 0.110803 0.110803 0.110803
 0.0554016 0.110803 0.110803 0.110803 0.110803
 0.0554016 0.110803 0.110803 0.110803 0.110803
 0.0554016 0.110803 0.110803 0.110803 0.110803
 0.0554016 0.110803 0.110803 0.110803 0.110803
 0.0554016 0.110803 0.110803 0.110803 0.110803
 0.0554016 0.110803 0.110803 0.110803 0.110803
 0.0554016 0.110803 0.110803 0.110803 0.110803
 0.0554016 0.110803 0.110803 0.110803 0.110803
 0.0554016 0.110803 0.110803 0.110803 0.110803
 0.0554016 0.110803 0.110803 0.110803 0.110803
 0.0554016 0.110803 0.110803 0.110803 0.110803
 0.0554016 0.110803 0.110803 0.110803 0.110803
 0.0554016 0.110803 0.110803 0.110803 0.110803
 0.0554016 0.110803 0.110803 0.110803 0.110803
 0.0554016 0.110803 0.110803 0.110803 0.110803
 0.0554016 0.110803 0.110803 0.110803 0.110803
 0.0554016 0.110803 0.110803 0.110803 0.110803
 0.0554016 0.110803 0.110803 0.110803 0.110803
 0.0554016 0.110803 0.110803 0.110803 0.110803
 0.0554016 0.110803 0.110803 0.110803 0.110803
 0.0554016 0.110803 0.110803 0.110803 0.110803
Np
 33699.9 10124.9 10622.7 2764.93 1353.04
YTP_r0W_actual
 43529.4 65983.7 37972.6 37956 19818.6
YTP_p0W_proyectada
 80782.4 608804 230357 121817 166428
 80782.4 105477 160872 53474.1 29039.3
CTP_r0_actual
 4836.6 2597.78 1075.71 916.811 440.414
CTP_p0_proyectada
 9851.52 28185.4 7336.21 3037.83 3739.95
 9851.52 4883.21 5123.32 1333.52 652.568
Wmedp
 8.2 21.6 31.4 40.1 44.5
nmprior
 10.6 11 7 0
nm_flota  nm_reclas  nm_pelaces    nm_pelaL
inf 1.83852 3.73468 6.32638
cv_recla  cv_pelaces  cv_mph
1.89085 0.771133 2.06301
 ------------------------------------------------
Talla a la edad & desviaci?n 
 7.2 14.2025 17.0495 18.207 18.6776
 1.08 2.13037 2.55742 2.73105 2.80164
