years
 1997 1998 1999 2000 2001 2002 2003 2004 2005 2006 2007 2008 2009 2010 2011 2012 2013 2014 2015 2016 2017 2018 2019 2020 2021 2022
reclasobs
 0 0 0 370054 412103 1.49427e+06 250295 1.28982e+06 931140 785840 897777 1.04006e+06 184774 17550 25797 100020 73551 82996 120727 218422 84188 347160 605670 569463 516374 1.08416e+06
reclaspred
 3.45141e+06 593809 1.68145e+06 1.05608e+06 1.00111e+06 1.073e+06 1.77453e+06 923981 775107 571082 377905 268750 223479 205715 375855 619308 854407 1.29017e+06 1.35757e+06 1.46389e+06 1.51268e+06 1.10551e+06 1.38186e+06 1.11219e+06 1.23609e+06 1.0806e+06
pelacesobs
 0 0 0 0 0 0 0 0 0 2.06254e+06 1.5e+06 0 1.87456e+06 323000 250000 174000 83755 137374 0 501740 490994 745055 786931 1.00524e+06 1.33801e+06 0
pelacespred
 1.8923e+06 730741 679772 780051 633672 557052 856259 642190 427514 319360 157479 122016 101494 85620.1 186483 330220 481131 705963 810277 847506 928113 737289 691949 663864 678364 605098
mphobs
 0 0 0 0 0 112323 0 153150 637223 0 255016 313432 73983 77613 109348 50772 0 0 0 0 0 0 0 0 0 0
mphpred
 2.55282e+06 1.23266e+06 949223 1.16577e+06 911438 958713 1.2115e+06 1.12798e+06 754388 573766 425950 249473 204681 175563 229140 466553 651308 995094 1.2191e+06 1.26382e+06 1.3435e+06 1.16269e+06 1.1052e+06 1.05584e+06 1.03114e+06 1.01434e+06
desembarqueobs
 350755 77701 442110 56441 14545 235359 269955 359681 431902 328805 639364 411747 362871 311530 167758 66681 60226 58785 57116 73181 50977 67692 138656 160484 209506 263620
desembarquepred
 350797 77714 442316 56446.9 14545.1 235322 269802 358672 429697 326705 632123 410315 362489 312816 168153 66733.2 60261.9 58804.9 57131.4 73204.1 50984.8 67702.2 138676 160484 209489 263616
Reclutas
 63045.9 63045.9 63045.9 63045.9 63045.9 63045.9 63045.9 63045.9 63045.9 63045.9 63045.9 63045.9 63045.9 63045.9 63045.9 63045.9 63045.9 63045.9 63045.9 63045.9 63045.9 63045.9 63045.9 63045.9 63045.9 63045.9
log_desv_Rt
 0 0 0 0 0 0 0 0 0 0 0 0 0 0 0 0 0 0 0 0 0 0 0 0 0 0
SSB
 2.55282e+06 1.23266e+06 949223 1.16577e+06 911438 958713 1.2115e+06 1.12798e+06 754388 573766 425950 249473 204681 175563 229140 466553 651308 995094 1.2191e+06 1.26382e+06 1.3435e+06 1.16269e+06 1.1052e+06 1.05584e+06 1.03114e+06 1.01434e+06
BT
 4.6212e+06 1.50569e+06 1.91501e+06 1.63828e+06 1.31243e+06 1.27348e+06 2.13213e+06 1.77029e+06 1.38633e+06 1.04304e+06 971700 723706 632421 507909 650977 782677 1.13116e+06 1.55407e+06 1.66315e+06 1.77553e+06 1.96026e+06 1.47742e+06 1.44742e+06 1.48155e+06 1.62751e+06 1.46254e+06
Ftot
 0.0990234 0.127299 0.253807 0.0522234 0.0142258 0.212093 0.147713 0.371481 0.524402 0.540778 1.44291 1.34969 1.42862 1.35029 0.428502 0.104989 0.0688634 0.0445551 0.0411429 0.0488678 0.0329671 0.0598048 0.0977739 0.140238 0.16449 0.235606
BD_Bspro_t
 0.984976 0.900047 0.831036 0.733802 0.788103 0.835545 0.766478 0.729219 0.607472 0.491268 0.389255 0.219555 0.185959 0.174877 0.22019 0.391075 0.555276 0.731883 0.817458 0.862117 0.886375 0.904436 0.885179 0.847059 0.80645 0.749305
BD_Bspro
 1.96581 0.949216 0.730956 0.897711 0.701859 0.738263 0.932927 0.868612 0.580921 0.441833 0.328006 0.192108 0.157616 0.135193 0.176451 0.359272 0.501544 0.766279 0.93878 0.973212 1.03457 0.895336 0.851069 0.813055 0.794039 0.781098
BD_Bo
 0.848863 0.409884 0.315636 0.387643 0.303072 0.318792 0.40285 0.375078 0.250849 0.190789 0.141637 0.0829549 0.0680605 0.0583782 0.0761938 0.155138 0.216573 0.330889 0.405377 0.420245 0.446741 0.386617 0.367502 0.351088 0.342876 0.337288
BD_Brms
 4.14259 2.0003 1.54036 1.89176 1.47904 1.55575 1.96597 1.83044 1.22419 0.931081 0.691212 0.404833 0.332146 0.284895 0.371838 0.7571 1.05691 1.61479 1.97831 2.05087 2.18017 1.88676 1.79347 1.71336 1.67329 1.64602
S_f
 0.5 1 1 1 1
 0.5 1 1 1 1
 0.5 1 1 1 1
 0.5 1 1 1 1
 0.5 1 1 1 1
 0.5 1 1 1 1
 0.5 1 1 1 1
 0.5 1 1 1 1
 0.5 1 1 1 1
 0.5 1 1 1 1
 0.5 1 1 1 1
 0.5 1 1 1 1
 0.5 1 1 1 1
 0.5 1 1 1 1
 0.5 1 1 1 1
 0.5 1 1 1 1
 0.5 1 1 1 1
 0.5 1 1 1 1
 0.5 1 1 1 1
 0.5 1 1 1 1
 0.5 1 1 1 1
 0.5 1 1 1 1
 0.5 1 1 1 1
 0.5 1 1 1 1
 0.5 1 1 1 1
 0.5 1 1 1 1
Scru_reclas
 0.5 1 1 1 1
 0.5 1 1 1 1
 0.5 1 1 1 1
 0.5 1 1 1 1
 0.5 1 1 1 1
 0.5 1 1 1 1
 0.5 1 1 1 1
 0.5 1 1 1 1
 0.5 1 1 1 1
 0.5 1 1 1 1
 0.5 1 1 1 1
 0.5 1 1 1 1
 0.5 1 1 1 1
 0.5 1 1 1 1
 0.5 1 1 1 1
 0.5 1 1 1 1
 0.5 1 1 1 1
 0.5 1 1 1 1
 0.5 1 1 1 1
 0.5 1 1 1 1
 0.5 1 1 1 1
 0.5 1 1 1 1
 0.5 1 1 1 1
 0.5 1 1 1 1
 0.5 1 1 1 1
 0.5 1 1 1 1
Scru_pelaces
 0.5 1 1 1 1
 0.5 1 1 1 1
 0.5 1 1 1 1
 0.5 1 1 1 1
 0.5 1 1 1 1
 0.5 1 1 1 1
 0.5 1 1 1 1
 0.5 1 1 1 1
 0.5 1 1 1 1
 0.5 1 1 1 1
 0.5 1 1 1 1
 0.5 1 1 1 1
 0.5 1 1 1 1
 0.5 1 1 1 1
 0.5 1 1 1 1
 0.5 1 1 1 1
 0.5 1 1 1 1
 0.5 1 1 1 1
 0.5 1 1 1 1
 0.5 1 1 1 1
 0.5 1 1 1 1
 0.5 1 1 1 1
 0.5 1 1 1 1
 0.5 1 1 1 1
 0.5 1 1 1 1
 0.5 1 1 1 1
pf_obs 
 0.256992 0.487395 0.22802 0.0275931 0
 0.321318 0.546541 0.124235 0.00734118 0.000564706
 0.182869 0.594174 0.210203 0.0122559 0.00049798
 0.330522 0.361315 0.267642 0.0388342 0.00168674
 0.649043 0.306663 0.0425973 0.00169635 0
 0.582887 0.30429 0.105238 0.00758474 0
 0.465427 0.430635 0.0974691 0.00646863 0
 0.296916 0.608066 0.0921331 0.00288517 0
 0.311714 0.524322 0.152257 0.0117073 0
 0.15457 0.633149 0.183074 0.0267441 0.00246327
 0.131901 0.49318 0.331252 0.0422183 0.00144891
 0.196976 0.569456 0.194076 0.0375587 0.00193317
 0.518974 0.381816 0.0799577 0.0180837 0.00116848
 0.0928022 0.601141 0.25162 0.0475244 0.00691264
 0.122501 0.610282 0.24278 0.0234846 0.000952079
 0.383417 0.481906 0.127806 0.00687128 0
 0.0376549 0.599619 0.316969 0.0457579 0
 0.0361596 0.667082 0.258105 0.0386534 0
 0.158088 0.579412 0.248529 0.0139706 0
 0.0477256 0.309471 0.559284 0.082774 0.000745712
 0.0406174 0.521527 0.379366 0.0568643 0.0016247
 0.151134 0.462217 0.34131 0.0453401 0
 0.294876 0.26143 0.354403 0.0886775 0.000613685
 0.281977 0.475581 0.204845 0.0348837 0.00271318
 0.0841818 0.532909 0.334909 0.0458182 0.00218182
 0 0 0 0 0
pf_pred 
 0.301978 0.351394 0.174497 0.0866528 0.0854773
 0.338664 0.311374 0.176176 0.0874864 0.0862995
 0.368423 0.325243 0.14423 0.0816056 0.0804985
 0.391527 0.338606 0.138973 0.0616283 0.0692658
 0.36994 0.356823 0.152052 0.0624066 0.0587785
 0.36477 0.343703 0.1651 0.070354 0.0560719
 0.388477 0.336078 0.149035 0.0715902 0.0548203
 0.400426 0.341675 0.141735 0.0628529 0.0533113
 0.44674 0.330863 0.126736 0.052573 0.0430883
 0.488552 0.334157 0.106024 0.0406123 0.0306545
 0.541735 0.316872 0.0923798 0.0293111 0.0197022
 0.676521 0.255439 0.0470467 0.0137158 0.00727711
 0.6887 0.269372 0.0331087 0.00609796 0.002721
 0.697035 0.265047 0.0328107 0.00403278 0.00107419
 0.654504 0.30268 0.0374579 0.00463697 0.000721743
 0.508649 0.398529 0.0813191 0.0100636 0.00143969
 0.423093 0.392747 0.149369 0.0304785 0.00431144
 0.386755 0.367498 0.1673 0.0636275 0.0148196
 0.368163 0.354373 0.166275 0.0756953 0.0354935
 0.359833 0.346362 0.164784 0.077318 0.0517029
 0.356323 0.342851 0.162762 0.0774351 0.0606294
 0.353719 0.341059 0.162575 0.0771794 0.0654681
 0.358265 0.33805 0.160262 0.076393 0.0670293
 0.368078 0.337698 0.15499 0.0734772 0.0657566
 0.380116 0.339666 0.149748 0.0687287 0.0617417
 0.392673 0.341544 0.145636 0.0642066 0.0559409
pobs_RECLAS
 0 0 0 0 0
 0 0 0 0 0
 0 0 0 0 0
 0 0 0 0 0
 0.835266 0.146461 0.0176864 0.000547809 3.91292e-05
 0.385257 0.428462 0.181853 0.0044286 0
 0.867414 0.0963971 0.0333333 0.00285562 0
 0.441836 0.489002 0.0689373 0.000224442 0
 0.779404 0.147425 0.0564933 0.0165055 0.000172143
 0.814271 0.122319 0.05973 0.00367925 0
 0.40263 0.566651 0.0304383 0.000280538 0
 0.475488 0.404961 0.113038 0.00651328 0
 0.955842 0.0263864 0.0167828 0.000988607 0
 0.975058 0.0227948 0.00214734 0 0
 0.738997 0.206755 0.0527124 0.00153531 0
 0.850938 0.134255 0.0134407 0.00136685 0
 0.542534 0.407297 0.0501686 0 0
 0.764087 0.199537 0.0359546 0.000420521 0
 0.470689 0.182191 0.310203 0.0369168 0
 0.84361 0.089868 0.0606195 0.00523954 0.000663233
 0.607945 0.314616 0.071237 0.00620181 0
 0.523733 0.453247 0.0230204 0 0
 0.530135 0.295979 0.169645 0.0042399 0
 0.562478 0.366248 0.0663022 0.0049721 0
 0.250443 0.683176 0.0655157 0.000865301 0
 0.195077 0.31981 0.436473 0.0351445 0.0134964
ppred_RECLAS
 0.302645 0.351059 0.174331 0.08657 0.0853956
 0.3396 0.310933 0.175927 0.0873626 0.0861774
 0.370588 0.324128 0.143736 0.0813259 0.0802226
 0.391907 0.338394 0.138887 0.0615899 0.0692225
 0.370038 0.356767 0.152029 0.0623969 0.0587694
 0.36651 0.342762 0.164648 0.0701613 0.0559183
 0.38965 0.335433 0.148749 0.0714528 0.0547151
 0.404011 0.339632 0.140887 0.0624771 0.0529926
 0.452536 0.327397 0.125408 0.0520223 0.0426369
 0.494653 0.33017 0.10476 0.0401279 0.0302888
 0.566852 0.299505 0.0873165 0.0277046 0.0186223
 0.696266 0.239847 0.0441751 0.0128786 0.00683293
 0.709754 0.251154 0.0308695 0.00568554 0.00253697
 0.716066 0.248398 0.0307497 0.00377946 0.00100671
 0.658545 0.299139 0.0370197 0.00458273 0.0007133
 0.509492 0.397845 0.0811796 0.0100463 0.00143722
 0.423615 0.392392 0.149234 0.030451 0.00430755
 0.387075 0.367306 0.167213 0.0635942 0.0148119
 0.368452 0.354211 0.166199 0.0756607 0.0354773
 0.360175 0.346177 0.164696 0.0772766 0.0516753
 0.356549 0.34273 0.162705 0.0774079 0.060608
 0.35414 0.340837 0.162469 0.0771291 0.0654255
 0.358983 0.337672 0.160083 0.0763076 0.0669544
 0.369162 0.337119 0.154724 0.0733513 0.0656439
 0.381431 0.338945 0.14943 0.0685828 0.0616107
 0.394701 0.340403 0.14515 0.0639921 0.0557541
pobs_PELACES
 0 0 0 0 0
 0 0 0 0 0
 0 0 0 0 0
 0 0 0 0 0
 0 0 0 0 0
 0 0 0 0 0
 0 0 0 0 0
 0 0 0 0 0
 0 0 0 0 0
 0 0 0 0 0
 0.450072 0.473896 0.0757376 0.000293798 0
 0 0 0 0 0
 0.463077 0.371075 0.160297 0.00555027 0
 0.529543 0.364841 0.0842815 0.0213345 0
 0.631943 0.363953 0.00410389 0 0
 0.735681 0.248677 0.0153453 0.000297389 0
 0.695825 0.281241 0.0229344 0 0
 0.275771 0.60734 0.115278 0.00161068 0
 0 0 0 0 0
 0.896147 0.0623911 0.0374545 0.00400742 0
 0.803859 0.145111 0.0509908 3.86294e-05 0
 0.739449 0.233085 0.0266225 0.000797448 4.60066e-05
 0.878498 0.100942 0.0204185 0.000141795 0
 0.694673 0.275183 0.0284847 0.00165964 0
 0.469039 0.446079 0.0841089 0.000773354 0
 0 0 0 0 0
ppred_PELACES
 0.306105 0.349317 0.173466 0.0861405 0.0849719
 0.344326 0.308708 0.174668 0.0867373 0.0855607
 0.380408 0.319071 0.141493 0.0800571 0.078971
 0.393962 0.33725 0.138417 0.0613817 0.0689886
 0.370585 0.356457 0.151897 0.0623427 0.0587184
 0.374672 0.338346 0.162527 0.0692573 0.0551978
 0.395462 0.332239 0.147333 0.0707725 0.0541941
 0.418853 0.331174 0.137379 0.0609213 0.0516729
 0.474047 0.314532 0.120481 0.0499782 0.0409616
 0.516954 0.3156 0.100137 0.0383571 0.0289522
 0.624126 0.259902 0.0757709 0.0240413 0.0161599
 0.741212 0.204355 0.0376381 0.0109729 0.0058218
 0.755823 0.21129 0.0259698 0.00478311 0.0021343
 0.759114 0.210738 0.0260876 0.00320645 0.00085408
 0.674261 0.285371 0.0353158 0.0043718 0.00068047
 0.51382 0.394334 0.0804633 0.00995766 0.00142454
 0.426392 0.390502 0.148515 0.0303043 0.0042868
 0.388821 0.36626 0.166737 0.0634131 0.0147697
 0.370033 0.353325 0.165783 0.0754713 0.0353885
 0.362036 0.34517 0.164217 0.077052 0.051525
 0.357798 0.342065 0.162389 0.0772577 0.0604904
 0.3564 0.339644 0.1619 0.0768592 0.0651966
 0.362704 0.335712 0.159153 0.0758647 0.0665658
 0.374566 0.33423 0.153399 0.0727228 0.0650815
 0.387855 0.335425 0.147879 0.0678706 0.0609708
 0.404026 0.335159 0.142914 0.0630063 0.0548952
pobs_pel_tallas
 0 0 0 0 0 0 0 0 0 0 0 0 0 0 0 0 0 0 0 0 0 0 0 0 0 0 0 0 0 0 0 0 0 0 0 0
 0 0 0 0 0 0 0 0 0 0 0 0 0 0 0 0 0 0 0 0 0 0 0 0 0 0 0 0 0 0 0 0 0 0 0 0
 0 0 0 0 0 0 0 0 0 0 0 0 0 0 0 0 0 0 0 0 0 0 0 0 0 0 0 0 0 0 0 0 0 0 0 0
 0 0 0 0 0 0 0 0 0 0 0 0 0 0 0 0 0 0 0 0 0 0 0 0 0 0 0 0 0 0 0 0 0 0 0 0
 0 0 0 0 0 0 0 0 0 0 0 0 0 0 0 0 0 0 0 0 0 0 0 0 0 0 0 0 0 0 0 0 0 0 0 0
 0 0 0 0 0 0 0 0 0 0 0 0 0 0 0 0 0 0 0 0 0 0 0 0 0 0 0 0 0 0 0 0 0 0 0 0
 0 0 0 0 0 0 0 0 0 0 0 0 0 0 0 0 0 0 0 0 0 0 0 0 0 0 0 0 0 0 0 0 0 0 0 0
 0 0 0 0 0 0 0 0 0 0 0 0 0 0 0 0 0 0 0 0 0 0 0 0 0 0 0 0 0 0 0 0 0 0 0 0
 0 0 0 0 0 0 0 0 0 0 0 0 0 0 0 0 0 0 0 0 0 0 0 0 0 0 0 0 0 0 0 0 0 0 0 0
 0 0 0 0 0 0 0 0 0 0 0 0 0 0 0 0 0 0 0 0 0 0 0 0 0 0 0 0 0 0 0 0 0 0 0 0
 0 0 0 0 0 0 0 0 1.78061e-05 0.00172719 0.00360574 0.0105946 0.0120993 0.0124554 0.0147524 0.0171206 0.0266825 0.0428682 0.0675386 0.121331 0.153587 0.119568 0.100827 0.0573624 0.0630603 0.0341343 0.0324427 0.0444173 0.0211091 0.0280891 0.0125444 0.00206551 0 0 0 0
 0 0 0 0 0 0 0 0 0 0 0 0 0 0 0 0 0 0 0 0 0 0 0 0 0 0 0 0 0 0 0 0 0 0 0 0
 0 0 0 0 0 0 0.0133647 0.0140871 0.0187388 0.0205184 0.03894 0.0496705 0.03968 0.0493445 0.0407372 0.0367815 0.0215668 0.0243155 0.0234873 0.0199281 0.019796 0.0243948 0.0301388 0.0376714 0.0412746 0.0863199 0.0771752 0.113111 0.0741005 0.0525337 0.0229764 0.00759418 0.00175318 0 0 0
 0 0 0 0 0 0 0 0 0 0 0.00219441 0.00772107 0.0458388 0.0604681 0.0671733 0.0775358 0.0609151 0.0617685 0.073594 0.0568108 0.0755445 0.0548602 0.0670107 0.0636378 0.0643287 0.046367 0.0373049 0.0286899 0.0247887 0.0153202 0.00654259 0.00121912 0.000365735 0 0 0
 0 0 0 0 0 0 0 0 0 0 0 0 0.000112435 0.00938835 0.0111873 0.0202946 0.0414886 0.0713402 0.111592 0.104902 0.108894 0.110636 0.117776 0.105296 0.107544 0.0401394 0.0192827 0.0124803 0.00416011 0.0028671 0.000618394 0 0 0 0 0
 0 0 0 0 0 0 0 0 0 0 0.00291406 0.0102884 0.027416 0.0768956 0.0749926 0.110853 0.0956884 0.0897413 0.0766577 0.0534642 0.0500743 0.0551293 0.0594112 0.0620874 0.0668451 0.0424026 0.0208742 0.0120726 0.0048766 0.00582813 0.00118941 0.000297354 0 0 0 0
 0 0.00264628 0.0354308 0.0461629 0.0458689 0.0383711 0.0214643 0.0164657 0.0346957 0.0420465 0.0363128 0.0245516 0.0311673 0.0291091 0.0169068 0.0133784 0.00837989 0.0085269 0.0148486 0.0160247 0.0276389 0.0546898 0.0760071 0.122758 0.109233 0.0665981 0.0333725 0.0166128 0.00676272 0.00308733 0.000882094 0 0 0 0 0
 0 0 0 0 0 0 0 0.000805153 0.000690131 0.00759144 0.0133425 0.0154129 0.00931677 0.000345066 0.00356568 0.00563607 0.00851162 0.0253048 0.0502646 0.0516448 0.0657925 0.0565908 0.0611916 0.0827007 0.0866115 0.110766 0.145733 0.0935128 0.0569358 0.0249597 0.0138026 0.00621118 0.00161031 0.00115022 0 0
 0 0 0 0 0 0 0 0 0 0 0 0 0 0 0 0 0 0 0 0 0 0 0 0 0 0 0 0 0 0 0 0 0 0 0 0
 0.00147267 0.00158595 0.00478618 0.00569244 0.00954404 0.0108468 0.00647125 0.017049 0.0510054 0.094081 0.124002 0.0959785 0.0687766 0.0820023 0.061753 0.0591476 0.0492212 0.0479892 0.0443925 0.0268479 0.0217502 0.0140895 0.0121071 0.0120363 0.00920419 0.00665534 0.0049561 0.00860946 0.00930331 0.0156896 0.0114698 0.00855282 0.00243557 0.00046729 0 2.83206e-05
 0 0 0 0 0.000772559 0.00158375 0.000888443 0.00281984 0.00712685 0.0440552 0.0773331 0.111326 0.0921469 0.0852325 0.0710754 0.0886704 0.0786465 0.0553345 0.0373146 0.0185414 0.00753245 0.00457741 0.012979 0.0271748 0.0457355 0.0583668 0.034881 0.0177882 0.00938659 0.00492506 0.0015258 0.00185414 0.000309023 5.79419e-05 3.86279e-05 0
 0 0.00173294 0.00326652 0 0.00397197 0.00683976 0.00946217 0.0152591 0.00757587 0.0136028 0.0228656 0.0392903 0.0559909 0.0764795 0.0681675 0.0726916 0.0566044 0.0477403 0.0527397 0.0444891 0.0609904 0.0582453 0.0661739 0.0445044 0.0529084 0.0360697 0.0280645 0.0235558 0.0158879 0.00826598 0.00280645 0.00217768 0.000904811 0.00058276 9.20147e-05 0
 0 0 0 0 0 0 0 0 0 0 0 0 0 0 0 0 0 0 0 0 0 0 0 0 0 0 0 0 0 0 0 0 0 0 0 0
 0 0 0 0 0 0 0 0 0 0 0 0 0 0 0 0 0 0 0 0 0 0 0 0 0 0 0 0 0 0 0 0 0 0 0 0
 0 0 0 0 0 0 0 0 0 0 0 0 0 0 0 0 0 0 0 0 0 0 0 0 0 0 0 0 0 0 0 0 0 0 0 0
 0 0 0 0 0 0 0 0 0 0 0 0 0 0 0 0 0 0 0 0 0 0 0 0 0 0 0 0 0 0 0 0 0 0 0 0
ppred_pel_tallas
 1.09507e-16 1.33746e-05 7.84493e-05 0.000372813 0.00143518 0.00447532 0.0113046 0.0231331 0.0383548 0.051537 0.0561552 0.0497059 0.0359592 0.0217507 0.0119906 0.00773945 0.00769148 0.0102545 0.0144294 0.0196919 0.0256498 0.0318522 0.0377702 0.0428737 0.0467354 0.0491141 0.0499875 0.0495216 0.0479964 0.0457149 0.0429306 0.039813 0.0364548 0.0329034 0.0292004 0.025409
 1.09559e-16 1.50395e-05 8.8228e-05 0.00041931 0.00161422 0.00503367 0.0127149 0.0260183 0.0431359 0.0579534 0.0631258 0.0558266 0.0402798 0.0241496 0.0129258 0.00776186 0.00714909 0.00926707 0.0129856 0.0177442 0.0231728 0.0288731 0.034381 0.0392275 0.0430274 0.045552 0.0467583 0.0467634 0.0457825 0.0440524 0.0417716 0.0390744 0.0360384 0.0327138 0.029156 0.0254471
 1.08554e-16 1.66132e-05 9.74661e-05 0.000463227 0.00178331 0.00556097 0.0140468 0.0287436 0.0476532 0.0640198 0.0697265 0.0616471 0.0444422 0.0265701 0.014083 0.00823874 0.00735142 0.0093906 0.0130918 0.0178275 0.0231915 0.0287593 0.0340459 0.0385697 0.0419471 0.0439676 0.0446235 0.0440803 0.0426063 0.040488 0.0379615 0.0351804 0.0322221 0.0291186 0.0258935 0.0225906
 1.07408e-16 1.7205e-05 0.000100939 0.000479732 0.00184685 0.00575911 0.0145473 0.0297678 0.0493514 0.0663016 0.0722125 0.0638472 0.0460326 0.0275296 0.0146065 0.0085663 0.00766187 0.00978694 0.013625 0.0185147 0.0240198 0.0296826 0.034983 0.0394087 0.0425577 0.0442194 0.0444067 0.0433235 0.0412887 0.0386421 0.0356677 0.0325546 0.0294003 0.02624 0.0230869 0.0199631
 1.07159e-16 1.61865e-05 9.49572e-05 0.000451292 0.00173734 0.0054176 0.0136847 0.028003 0.0464268 0.0623763 0.0679472 0.0600994 0.0433818 0.0260471 0.0140079 0.00850894 0.00792631 0.0102936 0.0143766 0.0195407 0.0253431 0.0313019 0.036865 0.0414876 0.0447417 0.0464027 0.0464838 0.0452031 0.0429031 0.0399517 0.03666 0.0332405 0.029808 0.0264092 0.023064 0.0197966
 1.07377e-16 1.6364e-05 9.6001e-05 0.000456258 0.00175647 0.00547725 0.0138354 0.0283111 0.046937 0.0630599 0.0686869 0.0607421 0.0438205 0.0262601 0.0140312 0.00838396 0.00766885 0.00989365 0.0138133 0.0187987 0.0244256 0.0302393 0.0357175 0.0403412 0.0436971 0.0455589 0.045921 0.0449684 0.0430036 0.0403553 0.0373041 0.0340447 0.0306879 0.027289 0.0238841 0.0205173
 1.07164e-16 1.72703e-05 0.000101322 0.000481556 0.00185388 0.00578101 0.0146026 0.029881 0.0495388 0.0665528 0.0724849 0.0640849 0.0461974 0.027615 0.014628 0.00854227 0.00760246 0.00969363 0.0134956 0.0183486 0.0238217 0.0294639 0.0347622 0.0392092 0.0424033 0.0441295 0.0443909 0.0433787 0.0413982 0.0387786 0.0357981 0.0326464 0.0294273 0.0261868 0.0229504 0.019752
 1.06566e-16 1.82902e-05 0.00010731 0.000510023 0.00196348 0.00612281 0.015466 0.0316474 0.0524667 0.0704841 0.0767608 0.0678517 0.0488831 0.0291605 0.0153367 0.00878282 0.00762659 0.0096165 0.0133474 0.0181217 0.023494 0.0290083 0.03415 0.0384134 0.0414018 0.0429084 0.0429481 0.0417262 0.0395639 0.0368051 0.0337404 0.0305676 0.0273924 0.0242568 0.021177 0.0181729
 1.05444e-16 2.06962e-05 0.000121437 0.000577189 0.00222209 0.00692929 0.017503 0.0358153 0.0593743 0.0797579 0.0868447 0.0767277 0.0551958 0.0327618 0.0169287 0.00921689 0.00747411 0.00912477 0.0125663 0.017021 0.0220267 0.027137 0.0318584 0.0357096 0.0383173 0.039493 0.0392636 0.0378409 0.0355491 0.0327341 0.0296885 0.0266121 0.0236104 0.0207212 0.0179509 0.0153042
 1.04196e-16 2.25672e-05 0.000132421 0.000629408 0.00242315 0.00755628 0.0190868 0.0390557 0.0647453 0.0869698 0.0946896 0.08364 0.0601276 0.0356068 0.0182465 0.00968755 0.00756466 0.00905202 0.0123907 0.0167317 0.021583 0.0264841 0.0309337 0.0344486 0.0366613 0.0373982 0.03671 0.0348396 0.0321459 0.0290087 0.0257491 0.0225852 0.0196289 0.0169111 0.0144201 0.0121339
 1.02742e-16 2.72381e-05 0.000159849 0.000759814 0.00292527 0.00912212 0.0230419 0.0471477 0.0781561 0.104972 0.11426 0.100854 0.0723441 0.0425226 0.0212024 0.0103051 0.00691463 0.00757261 0.0101412 0.0136312 0.0175448 0.0214777 0.0250099 0.0277419 0.0293732 0.0297667 0.028974 0.0272087 0.024782 0.0220233 0.0192116 0.0165377 0.0140997 0.0119228 0.00999095 0.00827526
 1.01251e-16 3.23413e-05 0.000189814 0.000902285 0.00347383 0.0108328 0.0273629 0.0559883 0.0928078 0.124641 0.135642 0.119664 0.0856986 0.0500932 0.0244581 0.0110232 0.00627172 0.00605422 0.00781707 0.010414 0.0133344 0.0162274 0.0187545 0.0206023 0.0215423 0.0214819 0.0204837 0.0187425 0.0165318 0.0141372 0.0117986 0.0096775 0.00785124 0.00632951 0.00508066 0.00405708
 1.00702e-16 3.29787e-05 0.000193556 0.00092007 0.00354231 0.0110464 0.0279023 0.057092 0.0946373 0.127098 0.138316 0.122024 0.0873893 0.0510829 0.0249436 0.0112447 0.00639843 0.00617106 0.00795422 0.0105728 0.0134985 0.0163653 0.018821 0.0205422 0.0212973 0.0210001 0.0197287 0.0177016 0.0152198 0.0125955 0.0100903 0.00787903 0.00604256 0.00458506 0.00346216 0.00260915
 1.0059e-16 3.31222e-05 0.000194398 0.000924075 0.00355773 0.0110944 0.0280237 0.0573405 0.0950493 0.127651 0.138918 0.122553 0.0877666 0.0512994 0.0250417 0.0112758 0.00639768 0.00615433 0.00792564 0.0105315 0.0134422 0.0162914 0.0187272 0.0204266 0.0211587 0.0208374 0.0195416 0.0174903 0.0149856 0.0123409 0.00981943 0.00759728 0.00575685 0.00430309 0.00319175 0.00235746
 1.00777e-16 2.94252e-05 0.000172687 0.000820842 0.00316023 0.00985485 0.0248927 0.0509348 0.0844339 0.113404 0.123436 0.108952 0.0781483 0.0459244 0.0228785 0.0110817 0.00737561 0.00801246 0.0106664 0.0142484 0.0181978 0.0220556 0.025352 0.0276505 0.0286382 0.028199 0.0264396 0.0236568 0.02026 0.0166738 0.0132551 0.0102428 0.00774861 0.00577948 0.00427552 0.00314813
 1.0168e-16 2.24338e-05 0.000131631 0.000625633 0.00240859 0.00751085 0.0189721 0.0388217 0.0643596 0.0864585 0.0941506 0.083206 0.0599072 0.0356597 0.0186096 0.0104179 0.0087601 0.0108402 0.0148964 0.0200337 0.0256708 0.0312232 0.0360513 0.0395491 0.0412721 0.0410397 0.0389729 0.0354511 0.0310096 0.0262099 0.0215288 0.0172925 0.0136638 0.0106719 0.00826124 0.00633969
 1.03478e-16 1.86215e-05 0.000109249 0.000519229 0.00199891 0.00623327 0.0157451 0.0322189 0.0534155 0.0717633 0.0781657 0.0691215 0.0498586 0.0298639 0.0159275 0.00946501 0.00858792 0.0110119 0.0152962 0.0206942 0.0266876 0.032722 0.0381721 0.04243 0.0450294 0.0457458 0.0446357 0.042001 0.0382957 0.03401 0.0295702 0.0252807 0.0213153 0.0177431 0.0145701 0.011777
 1.05356e-16 1.69822e-05 9.96273e-05 0.000473491 0.00182281 0.00568413 0.014358 0.0293806 0.0487105 0.0654436 0.0712862 0.0630475 0.0454983 0.0272946 0.0146361 0.00882393 0.00814846 0.0105408 0.0147012 0.0199607 0.0258537 0.0318759 0.0374507 0.042009 0.0451037 0.0465002 0.0462143 0.0444801 0.0416683 0.0381833 0.0343779 0.0305052 0.0267156 0.0230823 0.0196396 0.0164126
 1.06716e-16 1.61624e-05 9.48157e-05 0.000450619 0.00173475 0.00540952 0.0136643 0.0279613 0.0463576 0.0622831 0.0678454 0.0600087 0.0433149 0.0260042 0.0139802 0.00848571 0.00789977 0.0102601 0.0143363 0.019498 0.0253069 0.0312854 0.0368845 0.0415597 0.044879 0.0466092 0.0467516 0.0455104 0.043216 0.0402282 0.0368569 0.0333205 0.0297463 0.0261978 0.0227124 0.0193298
 1.07499e-16 1.58133e-05 9.2767e-05 0.000440881 0.00169726 0.00529262 0.013369 0.027357 0.0453558 0.0609372 0.0663795 0.0587126 0.0423805 0.0254455 0.0136842 0.00831367 0.00774949 0.0100741 0.014087 0.0191756 0.0249162 0.0308468 0.0364354 0.0411527 0.0445772 0.0464781 0.0468496 0.0458804 0.0438785 0.0411788 0.0380668 0.0347408 0.0313137 0.0278418 0.0243622 0.0209207
 1.07898e-16 1.56284e-05 9.16817e-05 0.000435722 0.0016774 0.00523068 0.0132126 0.0270369 0.044825 0.0602243 0.0656032 0.0580269 0.0418874 0.0251532 0.013534 0.00823369 0.00768736 0.0100013 0.0139907 0.0190515 0.0247661 0.0306792 0.0362656 0.0410026 0.044473 0.0464479 0.0469192 0.0460697 0.0441987 0.0416306 0.0386404 0.0354165 0.0320645 0.028636 0.0251668 0.0217042
 1.08097e-16 1.55673e-05 9.13234e-05 0.000434019 0.00167085 0.00521024 0.0131609 0.0269312 0.0446498 0.0599888 0.0653465 0.0577994 0.0417221 0.025052 0.0134762 0.00819336 0.0076449 0.00994466 0.0139131 0.0189499 0.0246411 0.0305359 0.0361137 0.0408564 0.0443499 0.046366 0.0468951 0.0461157 0.0443215 0.04183 0.0389097 0.0357439 0.0324341 0.0290302 0.0255674 0.0220945
 1.08086e-16 1.5842e-05 9.29365e-05 0.000441689 0.00170038 0.00530234 0.0133936 0.0274071 0.0454385 0.0610475 0.0664973 0.0588112 0.0424393 0.0254562 0.0136454 0.00822196 0.00759436 0.00983906 0.0137542 0.0187316 0.0243576 0.0301858 0.035702 0.0403943 0.043854 0.045856 0.0463909 0.0456354 0.0438789 0.0414347 0.0385669 0.035455 0.0321979 0.0288433 0.0254253 0.0219915
 1.07827e-16 1.63592e-05 9.59731e-05 0.000456126 0.00175596 0.00547568 0.0138314 0.028303 0.0469233 0.0630411 0.0686654 0.0607206 0.0437996 0.0262368 0.013999 0.00833422 0.00759122 0.00977702 0.0136468 0.0185736 0.0241378 0.0298918 0.0353225 0.0399205 0.0432808 0.045183 0.0456229 0.0447831 0.042959 0.0404689 0.0375809 0.0344769 0.0312554 0.0279617 0.024625 0.0212866
 1.0739e-16 1.69387e-05 9.93752e-05 0.0004723 0.00181824 0.00566987 0.0143219 0.0293066 0.0485869 0.0652749 0.0710955 0.0628623 0.0453287 0.027121 0.0144126 0.0084891 0.00763367 0.00977602 0.0136228 0.0185245 0.0240513 0.0297497 0.0351024 0.0395981 0.0428322 0.0445883 0.0448702 0.0438711 0.041899 0.039285 0.0363079 0.0331572 0.0299348 0.0266845 0.0234302 0.0202047
 1.06868e-16 1.76438e-05 0.000103515 0.00049198 0.00189401 0.00590617 0.0149188 0.0305278 0.0506111 0.0679928 0.0740519 0.065467 0.0471865 0.0281917 0.0149065 0.00866208 0.00766114 0.0097392 0.0135443 0.0184007 0.0238683 0.0294889 0.0347432 0.0391193 0.0422145 0.0438168 0.043937 0.0427777 0.0406579 0.03792 0.0348535 0.0316554 0.0284319 0.0252267 0.0220594 0.0189548
pSPR Fmed_Fpbrs
0.357347   0.254911 0.254911
Fs Fmed_Fpbrs
0.67   1.005 1.005
SSBpbr Bo_Bmed_Bpbrs
3.00733e+06  924294  616236 616236
Ro
63045.9
SPR SPRFo_SPRFmed_SPRFpbrs
1.29861e+06 464052 331029
log_Ro
10.8716
likeval ReclasPelacesDesembMPH_pf_preclas_ppelaces_ptallas_desvR_qrecl_qpela
 332.499 146.605 1.21276 0.000804862 355.324 240.391 93.417 0 0 0 0 0 0 0 0
q_reclas_q_pelaces
1 1
M
0.7
N
 63045.9 37482.1 18613.1 9242.97 9117.58
 63045.9 29795.3 16858.2 8371.55 8257.99
 63045.9 29377 13027.4 7370.9 7270.91
 63045.9 27576.4 11318.1 5019.07 5641.07
 63045.9 30500.8 12997.2 5334.44 5024.31
 63045.9 31085.8 14932.3 6363.07 5071.34
 63045.9 28157.6 12486.6 5998.04 4593
 63045.9 29078.7 12062.5 5349.18 4537.13
 63045.9 26000.7 9959.49 4131.43 3386.07
 63045.9 24086.7 7642.47 2927.43 2209.64
 63045.9 23890.3 6964.9 2209.89 1485.43
 63045.9 15216.9 2802.65 817.075 433.51
 63045.9 15943 1959.57 360.912 161.044
 63045.9 15326 1897.23 233.19 62.1134
 63045.9 15938.2 1972.41 244.168 38.0047
 63045.9 25269.8 5156.27 638.11 91.2879
 63045.9 29706.6 11298 2305.33 326.109
 63045.9 30248 13770.2 5237.05 1219.78
 63045.9 30617.9 14366.2 6540.08 3066.64
 63045.9 30670.2 14591.6 6846.47 4578.27
 63045.9 30552 14504 6900.37 5402.78
 63045.9 30795.8 14679.6 6968.9 5911.43
 63045.9 30385.4 14405 6866.52 6024.87
 63045.9 29813.9 13683.4 6487 5805.38
 63045.9 29187.6 12867.9 5905.88 5305.49
 63045.9 28835.8 12295.8 5420.83 4722.97
pred_Ctot
 2196.49 2555.92 1269.23 630.283 621.733
 2806.28 2580.14 1459.85 724.939 715.105
 5443.44 4805.45 2131 1205.72 1189.36
 1170.36 1012.16 415.421 184.22 207.05
 321.489 310.09 132.138 54.2332 51.0803
 4590.04 4324.94 2077.52 885.289 705.573
 3241.82 2804.55 1243.69 597.416 457.472
 7768.4 6628.6 2749.7 1219.37 1034.26
 10616.4 7862.69 3011.78 1249.36 1023.96
 10910.3 7462.35 2367.72 906.95 684.573
 24275.4 14199.2 4139.59 1313.45 882.865
 23120.5 8729.77 1607.85 468.746 248.699
 24101.4 9426.8 1158.66 213.401 95.2226
 23128.2 8794.48 1088.68 133.811 35.6424
 8852.67 4093.98 506.647 62.7187 9.76214
 2325.78 1822.26 371.828 46.0153 6.58294
 1537.63 1427.35 542.847 110.767 15.6689
 1000.19 950.39 432.657 164.548 38.3253
 924.286 889.667 417.439 190.036 89.1077
 1095.97 1054.94 501.893 235.492 157.475
 741.95 713.898 338.91 161.239 126.245
 1338.03 1290.14 614.977 291.949 247.649
 2169.36 2046.96 970.416 462.574 405.875
 3082.77 2828.33 1298.09 615.396 550.733
 3596.84 3214.08 1416.99 650.345 584.231
 5073 4412.45 1881.5 829.495 722.709
F
 0.0495117 0.0990234 0.0990234 0.0990234 0.0990234
 0.0636496 0.127299 0.127299 0.127299 0.127299
 0.126903 0.253807 0.253807 0.253807 0.253807
 0.0261117 0.0522234 0.0522234 0.0522234 0.0522234
 0.0071129 0.0142258 0.0142258 0.0142258 0.0142258
 0.106046 0.212093 0.212093 0.212093 0.212093
 0.0738566 0.147713 0.147713 0.147713 0.147713
 0.18574 0.371481 0.371481 0.371481 0.371481
 0.262201 0.524402 0.524402 0.524402 0.524402
 0.270389 0.540778 0.540778 0.540778 0.540778
 0.721454 1.44291 1.44291 1.44291 1.44291
 0.674843 1.34969 1.34969 1.34969 1.34969
 0.714312 1.42862 1.42862 1.42862 1.42862
 0.675147 1.35029 1.35029 1.35029 1.35029
 0.214251 0.428502 0.428502 0.428502 0.428502
 0.0524946 0.104989 0.104989 0.104989 0.104989
 0.0344317 0.0688634 0.0688634 0.0688634 0.0688634
 0.0222775 0.0445551 0.0445551 0.0445551 0.0445551
 0.0205714 0.0411429 0.0411429 0.0411429 0.0411429
 0.0244339 0.0488678 0.0488678 0.0488678 0.0488678
 0.0164835 0.0329671 0.0329671 0.0329671 0.0329671
 0.0299024 0.0598048 0.0598048 0.0598048 0.0598048
 0.0488869 0.0977739 0.0977739 0.0977739 0.0977739
 0.0701188 0.140238 0.140238 0.140238 0.140238
 0.0822451 0.16449 0.16449 0.16449 0.16449
 0.117803 0.235606 0.235606 0.235606 0.235606
Np
 63045.9 18941.6 5058.45 2056.51 1036.31
YTP_r0W_actual
 156657 297620 185023 106408 105922
YTP_p0W_proyectada
 156657 287223 170245 94697.2 66413.1
 156657 195500 76118.1 40368.4 23241.1
CTP_r0_actual
 18430.3 13907.5 5930.22 2614.46 2277.88
CTP_p0_proyectada
 18430.3 13421.6 5456.57 2326.71 1428.24
 18430.3 9135.53 2439.68 991.853 499.809
Wmedp
 8.5 21.4 31.2 40.7 46.5
nmprior
 10.6 11 7 0
nm_flota  nm_reclas  nm_pelaces    nm_pelaL
inf 7.07497 5.91421 10.0801
cv_recla  cv_pelaces  cv_mph
1.61312 1.37293 0.920448
 ------------------------------------------------
Talla a la edad & desviaci?n 
 7.2 14.2025 17.0495 18.207 18.6776
 1.08 2.13037 2.55742 2.73105 2.80164
