years
 1997 1998 1999 2000 2001 2002 2003 2004 2005 2006 2007 2008 2009 2010 2011 2012 2013 2014 2015 2016 2017 2018 2019 2020 2021 2022 2023
reclasobs
 0 0 0 370054 412103 1.49427e+06 250295 1.28982e+06 931140 785840 897777 1.04006e+06 184774 17550 25797 100020 73551 82996 120727 218422 84188 347160 605670 569463 516374 1.08416e+06 1.08416e+06
reclaspred
 498249 128315 327011 214387 340690 434461 945914 657861 742647 783403 683738 476101 283309 114334 67931.1 67235.1 80360.9 108069 118683 158254 242883 234430 397927 531209 747786 756408 674151
pelacesobs
 0 0 0 0 0 0 0 0 0 2.06254e+06 1.5e+06 0 1.87456e+06 323000 250000 174000 83755 137374 0 501740 490994 745055 786931 1.00524e+06 1.33801e+06 1.41789e+06 0
pelacespred
 1.98382e+06 415608 640168 665068 954033 876123 2.4914e+06 1.969e+06 2.08273e+06 2.20109e+06 1.59293e+06 1.1441e+06 702008 227690 145650 148683 184421 256587 273654 369443 661385 587911 809462 1.25515e+06 1.69568e+06 1.81699e+06 1.59443e+06
mphobs
 0 0 0 0 0 112323 0 153150 637223 0 255016 313432 73983 77613 109348 50772 17779 17303 59886 28197 0 207744 136588 643089 65757 0 0
mphpred
 165286 90774.2 100309 93694.2 105860 178783 252958 325093 281494 306772 326478 226000 140208 73263.3 32220.8 26411.1 29122.9 37831.3 46911.4 53152.6 80599.1 100517 123653 176724 273417 307272 296263
desembarqueobs
 350755 77701 442110 56441 14545 235359 269955 359681 431902 328805 639364 411747 362871 311530 167758 66681 60226 58785 57116 73181 50977 67692 138656 160484 209506 203330 203330
desembarquepred
 350760 77699.1 442087 56444.7 14545.4 235455 270031 359674 431950 328811 639309 411785 362922 311630 167582 66676.4 60253.7 58778.3 57100.5 73178 50980.3 67682.8 138663 160499 209495 203304 203310
Reclutas
 35924 43549.6 21283.2 30257.3 55206.1 39214.3 76763.1 72535.9 96892.7 116139 64382.5 45396.5 47099.6 25719.2 14582.6 12952.7 9770.39 11129.9 12068.6 19232.9 25731.2 31390 52044.4 74654.3 42636.8 48169.7 27182.2
log_desv_Rt
 0.0331628 0.225656 -0.490324 -0.138506 0.462829 0.120797 0.79248 0.735838 1.02536 1.20654 0.616599 0.267192 0.304022 -0.301006 -0.868413 -0.986936 -1.26889 -1.13861 -1.05764 -0.591624 -0.30054 -0.101754 0.403853 0.764624 0.204474 0.326486 -0.24568
SSB
 432929 237762 262737 245410 277275 468280 662565 851506 737308 803517 855132 591955 367242 191896 84395 69177.6 76280.5 99090.3 122873 139221 211111 263280 323881 462886 716152 804828 775991
BT
 1.51606e+06 365826 625698 441957 567020 667995 1.6841e+06 1.53991e+06 1.6335e+06 1.60008e+06 1.48019e+06 1.02709e+06 764853 421954 225139 142127 157459 197414 203591 275349 427768 389851 559085 856433 1.10883e+06 1.17981e+06 1.04272e+06
Ftot
 1.05733 0.96357 1.67035 0.368427 0.065555 0.627639 0.40061 0.761604 0.856521 0.620168 1.12792 1.00381 1.65015 3.27854 3.65203 1.5019 1.11444 0.770967 0.624431 0.658882 0.301738 0.361866 0.442356 0.427503 0.337036 0.300328 0.321236
BD_Bspro_t
 0.905652 0.630352 0.548805 0.360442 0.515105 0.695791 0.639465 0.665658 0.597422 0.572673 0.556286 0.394853 0.290734 0.195942 0.108281 0.109179 0.160551 0.261267 0.359363 0.4476 0.579511 0.692568 0.69949 0.709971 0.739586 0.704963 0.689985
BD_Bspro
 0.60063 0.329862 0.364512 0.340473 0.384681 0.649676 0.91922 1.18135 1.02292 1.11477 1.18638 0.821258 0.509498 0.26623 0.117087 0.0959746 0.105829 0.137474 0.17047 0.19315 0.292887 0.365265 0.449341 0.642192 0.993565 1.11659 1.07658
BD_Bo
 0.483468 0.265517 0.293408 0.274059 0.309643 0.522946 0.739911 0.950909 0.823379 0.897317 0.954957 0.661058 0.410112 0.214298 0.094247 0.0772532 0.0851853 0.110658 0.137217 0.155473 0.235755 0.294014 0.36169 0.516922 0.799754 0.898781 0.866578
BD_Brms
 1.30041 0.714178 0.789196 0.737151 0.832864 1.4066 1.99018 2.55771 2.21469 2.41357 2.5686 1.77809 1.1031 0.576409 0.253502 0.207792 0.229128 0.297643 0.369081 0.418185 0.634124 0.790827 0.972858 1.3904 2.15114 2.4175 2.33088
S_f
 0.093758 0.662812 0.973923 0.998593 0.999926
 0.093758 0.662812 0.973923 0.998593 0.999926
 0.093758 0.662812 0.973923 0.998593 0.999926
 0.093758 0.662812 0.973923 0.998593 0.999926
 0.093758 0.662812 0.973923 0.998593 0.999926
 0.093758 0.662812 0.973923 0.998593 0.999926
 0.093758 0.662812 0.973923 0.998593 0.999926
 0.093758 0.662812 0.973923 0.998593 0.999926
 0.093758 0.662812 0.973923 0.998593 0.999926
 0.093758 0.662812 0.973923 0.998593 0.999926
 0.093758 0.662812 0.973923 0.998593 0.999926
 0.093758 0.662812 0.973923 0.998593 0.999926
 0.093758 0.662812 0.973923 0.998593 0.999926
 0.093758 0.662812 0.973923 0.998593 0.999926
 0.093758 0.662812 0.973923 0.998593 0.999926
 0.093758 0.662812 0.973923 0.998593 0.999926
 0.093758 0.662812 0.973923 0.998593 0.999926
 0.093758 0.662812 0.973923 0.998593 0.999926
 0.093758 0.662812 0.973923 0.998593 0.999926
 0.093758 0.662812 0.973923 0.998593 0.999926
 0.093758 0.662812 0.973923 0.998593 0.999926
 0.093758 0.662812 0.973923 0.998593 0.999926
 0.093758 0.662812 0.973923 0.998593 0.999926
 0.093758 0.662812 0.973923 0.998593 0.999926
 0.093758 0.662812 0.973923 0.998593 0.999926
 0.093758 0.662812 0.973923 0.998593 0.999926
 0.093758 0.662812 0.973923 0.998593 0.999926
Scru_reclas
 0.525226 0.847733 0.96554 0.992958 0.998593
 0.525226 0.847733 0.96554 0.992958 0.998593
 0.525226 0.847733 0.96554 0.992958 0.998593
 0.525226 0.847733 0.96554 0.992958 0.998593
 0.525226 0.847733 0.96554 0.992958 0.998593
 0.525226 0.847733 0.96554 0.992958 0.998593
 0.525226 0.847733 0.96554 0.992958 0.998593
 0.525226 0.847733 0.96554 0.992958 0.998593
 0.525226 0.847733 0.96554 0.992958 0.998593
 0.525226 0.847733 0.96554 0.992958 0.998593
 0.525226 0.847733 0.96554 0.992958 0.998593
 0.525226 0.847733 0.96554 0.992958 0.998593
 0.525226 0.847733 0.96554 0.992958 0.998593
 0.525226 0.847733 0.96554 0.992958 0.998593
 0.525226 0.847733 0.96554 0.992958 0.998593
 0.525226 0.847733 0.96554 0.992958 0.998593
 0.525226 0.847733 0.96554 0.992958 0.998593
 0.525226 0.847733 0.96554 0.992958 0.998593
 0.525226 0.847733 0.96554 0.992958 0.998593
 0.525226 0.847733 0.96554 0.992958 0.998593
 0.525226 0.847733 0.96554 0.992958 0.998593
 0.525226 0.847733 0.96554 0.992958 0.998593
 0.525226 0.847733 0.96554 0.992958 0.998593
 0.525226 0.847733 0.96554 0.992958 0.998593
 0.525226 0.847733 0.96554 0.992958 0.998593
 0.525226 0.847733 0.96554 0.992958 0.998593
 0.525226 0.847733 0.96554 0.992958 0.998593
Scru_pelaces
 0.80668 1 1 1 1
 0.80668 1 1 1 1
 0.80668 1 1 1 1
 0.80668 1 1 1 1
 0.80668 1 1 1 1
 0.80668 1 1 1 1
 0.80668 1 1 1 1
 0.80668 1 1 1 1
 0.80668 1 1 1 1
 0.80668 1 1 1 1
 0.80668 1 1 1 1
 0.80668 1 1 1 1
 0.80668 1 1 1 1
 0.80668 1 1 1 1
 0.80668 1 1 1 1
 0.80668 1 1 1 1
 0.80668 1 1 1 1
 0.80668 1 1 1 1
 0.80668 1 1 1 1
 0.80668 1 1 1 1
 0.80668 1 1 1 1
 0.80668 1 1 1 1
 0.80668 1 1 1 1
 0.80668 1 1 1 1
 0.80668 1 1 1 1
 0.80668 1 1 1 1
 0.80668 1 1 1 1
pf_obs 
 0.256992 0.487395 0.22802 0.0275931 0
 0.321318 0.546541 0.124235 0.00734118 0.000564706
 0.182869 0.594174 0.210203 0.0122559 0.00049798
 0.330522 0.361315 0.267642 0.0388342 0.00168674
 0.649043 0.306663 0.0425973 0.00169635 0
 0.582887 0.30429 0.105238 0.00758474 0
 0.465427 0.430635 0.0974691 0.00646863 0
 0.296916 0.608066 0.0921331 0.00288517 0
 0.311714 0.524322 0.152257 0.0117073 0
 0.15457 0.633149 0.183074 0.0267441 0.00246327
 0.131901 0.49318 0.331252 0.0422183 0.00144891
 0.196976 0.569456 0.194076 0.0375587 0.00193317
 0.518974 0.381816 0.0799577 0.0180837 0.00116848
 0.0928022 0.601141 0.25162 0.0475244 0.00691264
 0.122501 0.610282 0.24278 0.0234846 0.000952079
 0.383417 0.481906 0.127806 0.00687128 0
 0.0376549 0.599619 0.316969 0.0457579 0
 0.0361596 0.667082 0.258105 0.0386534 0
 0.158088 0.579412 0.248529 0.0139706 0
 0.0477256 0.309471 0.559284 0.082774 0.000745712
 0.0406174 0.521527 0.379366 0.0568643 0.0016247
 0.151134 0.462217 0.34131 0.0453401 0
 0.294876 0.26143 0.354403 0.0886775 0.000613685
 0.281977 0.475581 0.204845 0.0348837 0.00271318
 0.0841818 0.532909 0.334909 0.0458182 0.00218182
 0.115287 0.27431 0.454777 0.147771 0.00785563
 0 0 0 0 0
pf_pred 
 0.295909 0.480095 0.200044 0.023938 1.37114e-05
 0.274143 0.573252 0.120961 0.0283815 0.0032623
 0.145074 0.655605 0.173169 0.0208975 0.00525444
 0.247345 0.477134 0.239812 0.0312338 0.00447583
 0.269154 0.492139 0.173572 0.0569057 0.00822933
 0.139733 0.590104 0.203081 0.0491096 0.0179723
 0.258754 0.396677 0.269041 0.0572468 0.0182816
 0.193515 0.577443 0.147212 0.0643141 0.0175163
 0.245669 0.490768 0.213448 0.0326231 0.0174909
 0.237412 0.55264 0.159764 0.0409317 0.00925263
 0.132253 0.608076 0.210771 0.0375092 0.0113903
 0.14125 0.500051 0.290467 0.0558211 0.0124105
 0.224774 0.478568 0.211335 0.0696181 0.0157045
 0.218132 0.626023 0.120065 0.0258719 0.00990774
 0.280107 0.629001 0.0842676 0.00520357 0.00142009
 0.311733 0.62294 0.0626936 0.00245828 0.00017557
 0.206743 0.645016 0.140734 0.00721821 0.000288697
 0.228995 0.529004 0.214586 0.0260805 0.00133419
 0.211562 0.548222 0.188678 0.0458831 0.00565543
 0.271512 0.481525 0.19468 0.041358 0.0109243
 0.241081 0.552092 0.157499 0.0391634 0.0101645
 0.205222 0.525329 0.216417 0.0406563 0.0123752
 0.254361 0.467358 0.208948 0.0560088 0.0133252
 0.248259 0.525116 0.164371 0.0470973 0.0151555
 0.11143 0.605722 0.221786 0.044657 0.0164048
 0.13612 0.380585 0.37069 0.0888463 0.0237587
 0.0849994 0.47504 0.240244 0.154193 0.0455235
pobs_RECLAS
 0 0 0 0 0
 0 0 0 0 0
 0 0 0 0 0
 0 0 0 0 0
 0.835266 0.146461 0.0176864 0.000547809 3.91292e-05
 0.385257 0.428462 0.181853 0.0044286 0
 0.867414 0.0963971 0.0333333 0.00285562 0
 0.441836 0.489002 0.0689373 0.000224442 0
 0.779404 0.147425 0.0564933 0.0165055 0.000172143
 0.814271 0.122319 0.05973 0.00367925 0
 0.40263 0.566651 0.0304383 0.000280538 0
 0.475488 0.404961 0.113038 0.00651328 0
 0.955842 0.0263864 0.0167828 0.000988607 0
 0.975058 0.0227948 0.00214734 0 0
 0.738997 0.206755 0.0527124 0.00153531 0
 0.850938 0.134255 0.0134407 0.00136685 0
 0.542534 0.407297 0.0501686 0 0
 0.764087 0.199537 0.0359546 0.000420521 0
 0.470689 0.182191 0.310203 0.0369168 0
 0.84361 0.089868 0.0606195 0.00523954 0.000663233
 0.607945 0.314616 0.071237 0.00620181 0
 0.523733 0.453247 0.0230204 0 0
 0.530135 0.295979 0.169645 0.0042399 0
 0.562478 0.366248 0.0663022 0.0049721 0
 0.250443 0.683176 0.0655157 0.000865301 0
 0.195077 0.31981 0.436473 0.0351445 0.0134964
 0.195077 0.31981 0.436473 0.0351445 0.0134964
ppred_RECLAS
 0.679006 0.2383 0.0738569 0.00883248 5.08005e-06
 0.646911 0.294465 0.0464657 0.0109008 0.00125821
 0.468737 0.436661 0.0822281 0.0098793 0.00249379
 0.614768 0.266861 0.102992 0.0134435 0.00193474
 0.635694 0.264787 0.0722959 0.0237707 0.00345245
 0.441545 0.414189 0.108378 0.0262433 0.00964483
 0.635273 0.218826 0.113842 0.0242743 0.00778514
 0.539062 0.354587 0.0683134 0.0298685 0.00816912
 0.619287 0.271151 0.0886989 0.0135616 0.00730153
 0.599952 0.310333 0.0682352 0.0175057 0.00397397
 0.434275 0.429788 0.11034 0.0196166 0.00598141
 0.458724 0.352563 0.152804 0.0293553 0.00655353
 0.61196 0.269064 0.0848438 0.02783 0.00630262
 0.637259 0.315259 0.0367284 0.00776918 0.00298464
 0.715015 0.262948 0.0204632 0.00123568 0.000338222
 0.689864 0.288304 0.0209538 0.000818939 5.87221e-05
 0.55969 0.376218 0.0608483 0.00311801 0.000125221
 0.593525 0.30208 0.0925587 0.0112579 0.00057834
 0.565743 0.325693 0.0852386 0.0207564 0.00256924
 0.646634 0.254293 0.0780638 0.016604 0.00440436
 0.600248 0.310247 0.0681051 0.0169752 0.00442471
 0.554529 0.31952 0.101098 0.0190344 0.00581867
 0.624973 0.257507 0.0881783 0.0236831 0.00565861
 0.612827 0.290888 0.0697768 0.0200336 0.00647422
 0.37524 0.459654 0.129367 0.0261078 0.00963193
 0.444792 0.280698 0.210389 0.050546 0.0135748
 0.316528 0.398918 0.15515 0.0998104 0.0295943
pobs_PELACES
 0 0 0 0 0
 0 0 0 0 0
 0 0 0 0 0
 0 0 0 0 0
 0 0 0 0 0
 0 0 0 0 0
 0 0 0 0 0
 0 0 0 0 0
 0 0 0 0 0
 0 0 0 0 0
 0.450072 0.473896 0.0757376 0.000293798 0
 0 0 0 0 0
 0.463077 0.371075 0.160297 0.00555027 0
 0.529543 0.364841 0.0842815 0.0213345 0
 0.631943 0.363953 0.00410389 0 0
 0.735681 0.248677 0.0153453 0.000297389 0
 0.695825 0.281241 0.0229344 0 0
 0.275771 0.60734 0.115278 0.00161068 0
 0 0 0 0 0
 0.896147 0.0623911 0.0374545 0.00400742 0
 0.803859 0.145111 0.0509908 3.86294e-05 0
 0.739449 0.233085 0.0266225 0.000797448 4.60066e-05
 0.878498 0.100942 0.0204185 0.000141795 0
 0.694673 0.275183 0.0284847 0.00165964 0
 0.469039 0.446079 0.0841089 0.000773354 0
 0.822795 0.102175 0.0682046 0.00682512 0
 0 0 0 0 0
ppred_PELACES
 0.780528 0.172502 0.0421121 0.00485511 2.7754e-06
 0.747616 0.218107 0.0273712 0.00619516 0.000710729
 0.6226 0.325525 0.045339 0.0052253 0.0013106
 0.700624 0.21797 0.071118 0.00899962 0.00128767
 0.704841 0.22273 0.0530349 0.0169472 0.00244744
 0.548725 0.35138 0.0756876 0.0177305 0.00647768
 0.723445 0.177525 0.0778193 0.0160826 0.00512792
 0.648009 0.283751 0.0443866 0.0187545 0.00509876
 0.725322 0.207673 0.0546245 0.00806476 0.00431591
 0.695824 0.246047 0.0445693 0.0110625 0.00249645
 0.566236 0.348245 0.0699134 0.0119758 0.0036292
 0.590077 0.288479 0.0990247 0.0183478 0.00407122
 0.753059 0.186538 0.0435959 0.0137197 0.0030873
 0.816707 0.167657 0.0122479 0.00245292 0.000935657
 0.869996 0.12377 0.00581264 0.000331309 9.0027e-05
 0.796262 0.192771 0.0105433 0.000395816 2.82032e-05
 0.678175 0.284008 0.0359698 0.00177609 7.08916e-05
 0.698002 0.236074 0.0586756 0.00689622 0.000352154
 0.666489 0.262085 0.0564829 0.0133065 0.00163735
 0.739868 0.197461 0.0497401 0.0102325 0.00269815
 0.68188 0.255777 0.0477936 0.0115552 0.00299455
 0.644958 0.266673 0.0713798 0.0130297 0.00395997
 0.713344 0.207748 0.0596863 0.015532 0.0036894
 0.6997 0.235408 0.0474497 0.0132011 0.0042413
 0.465049 0.410696 0.0980331 0.0191853 0.00703703
 0.54444 0.249417 0.15915 0.0370893 0.0099033
 0.40723 0.371107 0.122612 0.0764998 0.0225514
pobs_pel_tallas
 0 0 0 0 0 0 0 0 0 0 0 0 0 0 0 0 0 0 0 0 0 0 0 0 0 0 0 0 0 0 0 0 0 0 0 0
 0 0 0 0 0 0 0 0 0 0 0 0 0 0 0 0 0 0 0 0 0 0 0 0 0 0 0 0 0 0 0 0 0 0 0 0
 0 0 0 0 0 0 0 0 0 0 0 0 0 0 0 0 0 0 0 0 0 0 0 0 0 0 0 0 0 0 0 0 0 0 0 0
 0 0 0 0 0 0 0 0 0 0 0 0 0 0 0 0 0 0 0 0 0 0 0 0 0 0 0 0 0 0 0 0 0 0 0 0
 0 0 0 0 0 0 0 0 0 0 0 0 0 0 0 0 0 0 0 0 0 0 0 0 0 0 0 0 0 0 0 0 0 0 0 0
 0 0 0 0 0 0 0 0 0 0 0 0 0 0 0 0 0 0 0 0 0 0 0 0 0 0 0 0 0 0 0 0 0 0 0 0
 0 0 0 0 0 0 0 0 0 0 0 0 0 0 0 0 0 0 0 0 0 0 0 0 0 0 0 0 0 0 0 0 0 0 0 0
 0 0 0 0 0 0 0 0 0 0 0 0 0 0 0 0 0 0 0 0 0 0 0 0 0 0 0 0 0 0 0 0 0 0 0 0
 0 0 0 0 0 0 0 0 0 0 0 0 0 0 0 0 0 0 0 0 0 0 0 0 0 0 0 0 0 0 0 0 0 0 0 0
 0 0 0 0 0 0 0 0 0 0 0 0 0 0 0 0 0 0 0 0 0 0 0 0 0 0 0 0 0 0 0 0 0 0 0 0
 0 0 0 0 0 0 0 0 1.78061e-05 0.00172719 0.00360574 0.0105946 0.0120993 0.0124554 0.0147524 0.0171206 0.0266825 0.0428682 0.0675386 0.121331 0.153587 0.119568 0.100827 0.0573624 0.0630603 0.0341343 0.0324427 0.0444173 0.0211091 0.0280891 0.0125444 0.00206551 0 0 0 0
 0 0 0 0 0 0 0 0 0 0 0 0 0 0 0 0 0 0 0 0 0 0 0 0 0 0 0 0 0 0 0 0 0 0 0 0
 0 0 0 0 0 0 0.0133647 0.0140871 0.0187388 0.0205184 0.03894 0.0496705 0.03968 0.0493445 0.0407372 0.0367815 0.0215668 0.0243155 0.0234873 0.0199281 0.019796 0.0243948 0.0301388 0.0376714 0.0412746 0.0863199 0.0771752 0.113111 0.0741005 0.0525337 0.0229764 0.00759418 0.00175318 0 0 0
 0 0 0 0 0 0 0 0 0 0 0.00219441 0.00772107 0.0458388 0.0604681 0.0671733 0.0775358 0.0609151 0.0617685 0.073594 0.0568108 0.0755445 0.0548602 0.0670107 0.0636378 0.0643287 0.046367 0.0373049 0.0286899 0.0247887 0.0153202 0.00654259 0.00121912 0.000365735 0 0 0
 0 0 0 0 0 0 0 0 0 0 0 0 0.000112435 0.00938835 0.0111873 0.0202946 0.0414886 0.0713402 0.111592 0.104902 0.108894 0.110636 0.117776 0.105296 0.107544 0.0401394 0.0192827 0.0124803 0.00416011 0.0028671 0.000618394 0 0 0 0 0
 0 0 0 0 0 0 0 0 0 0 0.00291406 0.0102884 0.027416 0.0768956 0.0749926 0.110853 0.0956884 0.0897413 0.0766577 0.0534642 0.0500743 0.0551293 0.0594112 0.0620874 0.0668451 0.0424026 0.0208742 0.0120726 0.0048766 0.00582813 0.00118941 0.000297354 0 0 0 0
 0 0.00264628 0.0354308 0.0461629 0.0458689 0.0383711 0.0214643 0.0164657 0.0346957 0.0420465 0.0363128 0.0245516 0.0311673 0.0291091 0.0169068 0.0133784 0.00837989 0.0085269 0.0148486 0.0160247 0.0276389 0.0546898 0.0760071 0.122758 0.109233 0.0665981 0.0333725 0.0166128 0.00676272 0.00308733 0.000882094 0 0 0 0 0
 0 0 0 0 0 0 0 0.000805153 0.000690131 0.00759144 0.0133425 0.0154129 0.00931677 0.000345066 0.00356568 0.00563607 0.00851162 0.0253048 0.0502646 0.0516448 0.0657925 0.0565908 0.0611916 0.0827007 0.0866115 0.110766 0.145733 0.0935128 0.0569358 0.0249597 0.0138026 0.00621118 0.00161031 0.00115022 0 0
 0 0 0 0 0 0 0 0 0 0 0 0 0 0 0 0 0 0 0 0 0 0 0 0 0 0 0 0 0 0 0 0 0 0 0 0
 0.00147267 0.00158595 0.00478618 0.00569244 0.00954404 0.0108468 0.00647125 0.017049 0.0510054 0.094081 0.124002 0.0959785 0.0687766 0.0820023 0.061753 0.0591476 0.0492212 0.0479892 0.0443925 0.0268479 0.0217502 0.0140895 0.0121071 0.0120363 0.00920419 0.00665534 0.0049561 0.00860946 0.00930331 0.0156896 0.0114698 0.00855282 0.00243557 0.00046729 0 2.83206e-05
 0 0 0 0 0.000772559 0.00158375 0.000888443 0.00281984 0.00712685 0.0440552 0.0773331 0.111326 0.0921469 0.0852325 0.0710754 0.0886704 0.0786465 0.0553345 0.0373146 0.0185414 0.00753245 0.00457741 0.012979 0.0271748 0.0457355 0.0583668 0.034881 0.0177882 0.00938659 0.00492506 0.0015258 0.00185414 0.000309023 5.79419e-05 3.86279e-05 0
 0 0.00173294 0.00326652 0 0.00397197 0.00683976 0.00946217 0.0152591 0.00757587 0.0136028 0.0228656 0.0392903 0.0559909 0.0764795 0.0681675 0.0726916 0.0566044 0.0477403 0.0527397 0.0444891 0.0609904 0.0582453 0.0661739 0.0445044 0.0529084 0.0360697 0.0280645 0.0235558 0.0158879 0.00826598 0.00280645 0.00217768 0.000904811 0.00058276 9.20147e-05 0
 0 0 0 0 0 0 0 0 0 0 0 0 0 0 0 0 0 0 0 0 0 0 0 0 0 0 0 0 0 0 0 0 0 0 0 0
 0 0 0 0 0 0 0 0 0 0 0 0 0 0 0 0 0 0 0 0 0 0 0 0 0 0 0 0 0 0 0 0 0 0 0 0
 0 0 0 0 0 0 0 0 0 0 0 0 0 0 0 0 0 0 0 0 0 0 0 0 0 0 0 0 0 0 0 0 0 0 0 0
 0 0 0 0 0 0 0 0 0 0 0 0 0 0 0 0 0 0 0 0 0 0 0 0 0 0 0 0 0 0 0 0 0 0 0 0
 0 0 0 0 0 0 0 0 0 0 0 0 0 0 0 0 0 0 0 0 0 0 0 0 0 0 0 0 0 0 0 0 0 0 0 0
ppred_pel_tallas
 1.00822e-16 3.40544e-05 0.000199875 0.000950119 0.00365802 0.0114072 0.0288137 0.0589565 0.0977267 0.131243 0.142817 0.125969 0.0901613 0.052595 0.0254805 0.0111471 0.00587295 0.00527562 0.00666539 0.00885262 0.011338 0.0138089 0.0159748 0.0175681 0.0183914 0.0183615 0.0175257 0.0160438 0.0141441 0.0120675 0.0100199 0.00814378 0.00651301 0.00514489 0.00402105 0.00310752
 1.00706e-16 3.26211e-05 0.000191456 0.000910085 0.00350386 0.0109265 0.0275994 0.0564725 0.0936106 0.12572 0.136819 0.120708 0.0864584 0.0505619 0.0247324 0.0112225 0.0064878 0.00634317 0.00820891 0.010919 0.0139427 0.0169056 0.0194447 0.0212261 0.0220105 0.0217081 0.0203992 0.0183088 0.0157469 0.0130356 0.010445 0.00815563 0.00625175 0.00473839 0.00357062 0.00268247
 1.00991e-16 2.71742e-05 0.000159468 0.000757989 0.00291822 0.00910012 0.0229864 0.0470346 0.0779705 0.104729 0.114009 0.100666 0.0722833 0.0426352 0.021532 0.0109145 0.00789431 0.00903052 0.0121777 0.0163059 0.0208417 0.025278 0.0290819 0.0317553 0.0329395 0.0324986 0.0305504 0.0274287 0.0235952 0.0195307 0.0156393 0.0121928 0.00932005 0.00703188 0.00526419 0.00392066
 1.01451e-16 3.05721e-05 0.000179426 0.000852895 0.00328367 0.0102398 0.0258649 0.0529236 0.0877285 0.117822 0.128228 0.11314 0.0810617 0.0474548 0.0233051 0.0107345 0.0064339 0.006494 0.00850785 0.0113884 0.0146365 0.0178905 0.0207904 0.0229964 0.0242525 0.024442 0.0236092 0.021938 0.0196983 0.0171791 0.0146302 0.0122279 0.0100696 0.00818759 0.00657417 0.00520401
 1.01523e-16 3.07561e-05 0.000180506 0.000858028 0.00330343 0.0103014 0.0260206 0.0532421 0.0882566 0.118532 0.129 0.113822 0.0815528 0.0477463 0.0234554 0.0108147 0.00649485 0.00656152 0.00859045 0.0114838 0.0147337 0.0179707 0.0208283 0.0229633 0.0241217 0.0241946 0.0232398 0.0214575 0.0191345 0.0165723 0.014027 0.0116737 0.00960109 0.00782833 0.00633232 0.00507353
 1.02101e-16 2.3954e-05 0.00014056 0.000668092 0.00257208 0.0080207 0.0202599 0.0414563 0.0687252 0.0923168 0.100513 0.0887898 0.0638415 0.0378292 0.0194262 0.0103757 0.00816564 0.00979014 0.0133682 0.0179751 0.0230565 0.0280857 0.0324939 0.035742 0.0374327 0.0374007 0.0357462 0.0327964 0.0290152 0.0248895 0.0208312 0.017121 0.0138983 0.0111883 0.00894594 0.00709799
 1.01955e-16 3.15656e-05 0.000185262 0.00088065 0.00339054 0.0105731 0.0267068 0.0546457 0.0905818 0.12165 0.132383 0.11678 0.0836129 0.048834 0.02377 0.0105923 0.0058656 0.0055422 0.00714 0.00956098 0.0123379 0.0151663 0.0177531 0.0198195 0.0211497 0.0216348 0.0212908 0.0202429 0.0186852 0.0168292 0.0148602 0.0129123 0.0110648 0.00935429 0.00779213 0.00638054
 1.01606e-16 2.82804e-05 0.000165966 0.000788891 0.00303721 0.00947121 0.0239237 0.0489521 0.0811476 0.108991 0.118636 0.104721 0.0751287 0.0441799 0.0220655 0.0107823 0.00730201 0.00802956 0.0107347 0.0143727 0.0184021 0.0223744 0.0258267 0.028326 0.0295579 0.0293982 0.0279394 0.0254582 0.0223405 0.0189875 0.0157353 0.012808 0.0103111 0.00825364 0.00658603 0.00523622
 1.01322e-16 3.16486e-05 0.000185747 0.000882947 0.00339938 0.0106006 0.0267764 0.0547884 0.0908191 0.121971 0.132739 0.117108 0.08388 0.0490543 0.0239963 0.0108931 0.00630866 0.00618756 0.0080342 0.010727 0.0137621 0.0167876 0.0194595 0.0214562 0.0225392 0.0226052 0.0217063 0.0200283 0.0178383 0.0154187 0.0130108 0.010781 0.00881601 0.00713703 0.00572524 0.00454514
 1.0121e-16 3.03639e-05 0.000178201 0.000847067 0.00326122 0.0101698 0.0256881 0.052562 0.0871299 0.117021 0.127362 0.11239 0.0805573 0.0472246 0.0233126 0.0109387 0.00682551 0.00709417 0.0093484 0.0124896 0.0159888 0.0194424 0.0224454 0.02462 0.0256912 0.0255487 0.0242701 0.022094 0.0193544 0.0164008 0.0135277 0.0109344 0.00871748 0.00689034 0.00541426 0.00422938
 1.01688e-16 2.47175e-05 0.000145042 0.000689403 0.00265414 0.00827659 0.0209062 0.0427787 0.070917 0.0952595 0.103714 0.0916078 0.0658482 0.0389788 0.0199438 0.0105342 0.00814981 0.00968238 0.0131878 0.0177145 0.0227003 0.0276182 0.0319022 0.0350177 0.0365729 0.0364081 0.0346293 0.0315699 0.0276997 0.0235113 0.0194217 0.015715 0.0125318 0.00989591 0.00775749 0.00603617
 1.02321e-16 2.57547e-05 0.000151137 0.00071839 0.00276576 0.0086247 0.0217855 0.0445773 0.0738965 0.0992554 0.108047 0.0953959 0.0684846 0.040366 0.0203353 0.0102296 0.00731266 0.00833015 0.0112642 0.0151641 0.0195219 0.0238968 0.0278208 0.0308453 0.0326301 0.0330162 0.0320555 0.0299823 0.0271436 0.0239115 0.0206076 0.0174592 0.0145922 0.0120511 0.00983058 0.00790497
 1.01296e-16 3.28572e-05 0.000192844 0.000916694 0.00352932 0.0110059 0.0277999 0.0568824 0.0942893 0.126629 0.1378 0.121557 0.0870291 0.0508206 0.0247196 0.0109831 0.00603019 0.00564015 0.00722013 0.0096163 0.0123311 0.0150381 0.0174273 0.019211 0.0201768 0.0202342 0.0194319 0.0179385 0.0159942 0.0138521 0.0117264 0.00976317 0.00803614 0.0065604 0.00531573 0.00426825
 1.00357e-16 3.56317e-05 0.000209135 0.000994147 0.00382754 0.0119358 0.030149 0.0616886 0.102255 0.137323 0.149429 0.131792 0.0943077 0.0549714 0.0265516 0.0114767 0.00584205 0.00505253 0.00628642 0.0082966 0.0105653 0.0127776 0.0146492 0.015924 0.0164212 0.0160777 0.0149629 0.0132587 0.0112125 0.00907952 0.00707232 0.00533129 0.003919 0.00283385 0.00203346 0.00145823
 1.00139e-16 3.79536e-05 0.000222771 0.00105898 0.00407718 0.0127143 0.0321153 0.0657116 0.108922 0.146271 0.159152 0.140336 0.100353 0.0583569 0.0279275 0.0116276 0.00527357 0.00395336 0.00465995 0.00608714 0.00773304 0.00933627 0.0106813 0.0115786 0.0118957 0.0115885 0.0107113 0.00940237 0.00784864 0.00624232 0.00474331 0.00345681 0.00242893 0.00165687 0.00110642 0.000729879
 1.00228e-16 3.47412e-05 0.000203905 0.000969277 0.00373177 0.0116372 0.0293947 0.0601454 0.0996978 0.133892 0.145701 0.128521 0.0920026 0.0536993 0.026071 0.0114974 0.00618356 0.00565688 0.0071651 0.00947829 0.0120629 0.0145705 0.016676 0.0180857 0.0185929 0.0181278 0.0167741 0.014746 0.0123332 0.00983451 0.00749843 0.00548892 0.00387844 0.00266363 0.00179247 0.00119189
 1.00668e-16 2.95958e-05 0.000173689 0.000825605 0.00317857 0.00991203 0.0250372 0.0512303 0.0849237 0.114062 0.124151 0.109581 0.0785958 0.0461796 0.0229911 0.0111119 0.00736415 0.00797692 0.0106106 0.0141707 0.0180955 0.0219269 0.0251967 0.0274699 0.0284349 0.027976 0.0261998 0.023403 0.0199941 0.016398 0.0129719 0.00995563 0.00746233 0.00549993 0.0040091 0.00290107
 1.01164e-16 3.04585e-05 0.000178757 0.000849712 0.00327141 0.0102015 0.0257684 0.0527261 0.0874017 0.117385 0.127756 0.112733 0.0807913 0.0473389 0.0233265 0.010875 0.00669355 0.00689014 0.00906335 0.0121182 0.015536 0.0189277 0.0219033 0.0240973 0.0252394 0.025215 0.0240879 0.0220756 0.0194891 0.016657 0.0138602 0.0112932 0.00905703 0.00717594 0.00562567 0.00436082
 1.01421e-16 2.90854e-05 0.000170694 0.000811372 0.00312378 0.00974116 0.0246055 0.050347 0.0834591 0.112093 0.122006 0.10768 0.0772155 0.0453356 0.0225106 0.0107819 0.00702319 0.00752948 0.0100085 0.0133998 0.0171753 0.0209145 0.0241875 0.026591 0.0278284 0.0277765 0.0265107 0.0242763 0.0214212 0.0183108 0.0152549 0.012465 0.0100473 0.00802188 0.00635544 0.00499279
 1.01249e-16 3.22825e-05 0.000189469 0.000900646 0.00346753 0.0108132 0.0273132 0.0558867 0.0926391 0.124414 0.135394 0.119442 0.0855333 0.0499838 0.0243812 0.0109497 0.00617746 0.00592269 0.00763871 0.0101865 0.0130646 0.0159329 0.0184635 0.020351 0.0213693 0.021421 0.0205567 0.0189543 0.0168686 0.0145686 0.0122836 0.0101716 0.00831366 0.00672905 0.00539859 0.00428751
 1.01299e-16 2.97562e-05 0.000174633 0.0008301 0.00319589 0.00996604 0.0251735 0.0515092 0.0853851 0.114679 0.124817 0.110153 0.0789722 0.0463332 0.0229427 0.010883 0.00694889 0.00734435 0.00972199 0.0129999 0.0166469 0.0202482 0.0233837 0.0256607 0.0267926 0.026664 0.0253542 0.0231098 0.0202765 0.0172161 0.014234 0.0115368 0.00922528 0.00731405 0.00576409 0.00451454
 1.01733e-16 2.81468e-05 0.000165183 0.000785171 0.00302289 0.00942656 0.0238109 0.0487212 0.0807644 0.108475 0.118071 0.104216 0.0747505 0.0439263 0.0218819 0.0106001 0.00706371 0.00769452 0.0102782 0.0137872 0.0177023 0.0216018 0.0250497 0.027634 0.0290476 0.0291567 0.0280267 0.0258942 0.0231001 0.0200054 0.0169182 0.014052 0.011518 0.00934478 0.00750979 0.00596953
 1.01622e-16 3.11263e-05 0.000182681 0.00086837 0.00334325 0.0104256 0.0263343 0.0538839 0.0893198 0.119958 0.130549 0.115179 0.082504 0.0482615 0.0236308 0.0107656 0.00628952 0.00621706 0.00809623 0.0108252 0.013908 0.0169962 0.0197472 0.0218394 0.0230321 0.0232175 0.0224411 0.0208803 0.018793 0.0164526 0.014093 0.0118762 0.00988757 0.00815101 0.00665333 0.00536694
 1.01403e-16 3.05325e-05 0.000179192 0.000851778 0.00327936 0.0102264 0.025831 0.0528543 0.0876142 0.11767 0.128066 0.113005 0.080984 0.0474466 0.0233698 0.0108785 0.00667244 0.00684877 0.00899922 0.0120258 0.0154094 0.018762 0.0216965 0.0238512 0.0249613 0.0249176 0.0237893 0.0217979 0.0192562 0.0164914 0.01378 0.0113093 0.00917107 0.00738004 0.00590352 0.00469013
 1.02514e-16 2.03078e-05 0.000119148 0.000566285 0.00218008 0.00679824 0.0171722 0.035139 0.058256 0.0782643 0.085241 0.0753647 0.0543325 0.0324838 0.017214 0.0100531 0.0089247 0.0113197 0.0156506 0.0210924 0.0270769 0.0330082 0.0382246 0.0420948 0.044151 0.0441943 0.0423348 0.0389479 0.0345687 0.0297614 0.0250053 0.0206294 0.016801 0.0135561 0.0108497 0.00860395
 1.04078e-16 2.37632e-05 0.000139449 0.00066283 0.00255185 0.00795765 0.0201005 0.0411294 0.0681808 0.0915776 0.099688 0.0880115 0.0631754 0.0372217 0.0187259 0.00938447 0.00667761 0.00761389 0.010351 0.0140407 0.0182511 0.0226152 0.0267351 0.0302149 0.0327325 0.0341017 0.0342994 0.0334479 0.0317648 0.0294992 0.026878 0.0240761 0.0212135 0.0183705 0.0156072 0.0129788
 1.05544e-16 1.7785e-05 0.00010434 0.000495897 0.00190908 0.00595315 0.0150375 0.030771 0.0510151 0.0685383 0.074653 0.0660151 0.0476179 0.0285216 0.015212 0.00904176 0.00820911 0.0105359 0.0146517 0.019852 0.025653 0.0315394 0.0369289 0.041255 0.0440823 0.0451988 0.0446509 0.0427069 0.0397688 0.0362631 0.0325496 0.028873 0.0253599 0.0220505 0.018942 0.0160256
pSPR Fmed_Fpbrs
0.510537   0.421781 0.421781
Fs Fmed_Fpbrs
0.68   1.005 1.005
SSBpbr Bo_Bmed_Bpbrs
895466  412395  332917 332917
Ro
34752.2
SPR SPRFo_SPRFmed_SPRFpbrs
720791 367991 304016
log_Ro
10.276
likeval ReclasPelacesDesembMPH_pf_preclas_ppelaces_ptallas_desvR_qrecl_qpela
 65.2173 15.7279 0.00934353 0.000475173 323.66 222.579 83.261 0 16.6835 5.51819e-07 7.49823e-05 0 0 0 0
q_reclas_q_pelaces
0.900087 3.4279
M
0.7
N
 35924 10553 3385.02 398.801 0.228239
 43549.6 16155.7 2600.22 600.257 68.937
 21283.2 19758 4235.95 505.177 126.942
 30257.3 9036.85 3242.77 413.463 59.1827
 55206.1 14515.2 3515.26 1124.8 162.451
 39214.3 27246.5 6901.54 1637.66 598.72
 76763.1 18360.4 8925.57 1859.81 593.26
 72535.9 36714.2 6991.3 3000.43 816.412
 96892.7 33537.9 11005.2 1653.55 885.746
 116139 44402.6 9440.06 2373.05 535.889
 64382.5 54415 14617.9 2562.46 777.511
 45396.5 28763 12794.9 2419.94 537.559
 47099.6 20518.4 7343.04 2390.28 538.86
 25719.2 20036.4 3412.97 730.983 279.844
 14582.6 9391.91 1132.58 69.567 18.9801
 12952.7 5141.9 414.467 16.0458 1.14522
 9770.39 5587.28 943.597 47.6677 1.90497
 11129.9 4370.46 1325.55 158.273 8.08904
 12068.6 5141.53 1301.95 310.667 38.2534
 19232.9 5652.28 1687.87 351.943 92.8698
 25731.2 8978.6 1813.66 441.211 114.379
 31390 12421.3 3650.44 671.309 204.105
 52044.4 15067.8 4852.84 1274.33 302.847
 74654.3 24794.5 5580.98 1566.34 503.48
 42636.8 35615.7 9274.5 1827.61 670.604
 48169.7 20514.2 14145.5 3316.87 885.94
 27182.2 23256.2 8348.3 5243.02 1546.14
pred_Ctot
 2452.28 3978.67 1657.82 198.381 0.11363
 2719.57 5686.81 1199.97 281.552 32.3629
 2238.94 10118 2672.52 322.512 81.0918
 740.297 1428.05 717.749 93.4818 13.396
 243.36 444.976 156.938 51.4523 7.44069
 1617.16 6829.39 2350.29 568.354 207.997
 2039.5 3126.6 2120.57 451.218 144.095
 3609.91 10771.9 2746.15 1199.74 326.756
 5402.06 10791.6 4693.55 717.355 384.61
 4733.88 11019.4 3185.63 816.161 184.493
 4674.89 21494.3 7450.34 1325.88 402.624
 2948.46 10438.1 6063.24 1165.21 259.057
 4898.81 10430.1 4605.9 1517.28 342.268
 4982.03 14298 2742.23 590.9 226.288
 3101.07 6963.67 932.925 57.6087 15.7218
 1233.53 2464.98 248.079 9.72743 0.694733
 701.349 2188.13 477.419 24.4868 0.979367
 560.499 1294.81 525.231 63.8359 3.26562
 495.217 1283.26 441.651 107.402 13.2381
 831.56 1474.76 596.246 126.667 33.4577
 517.021 1184.02 337.772 83.9898 21.7988
 754.538 1931.47 795.695 149.48 45.4996
 1524.22 2800.58 1252.09 335.625 79.8495
 2114.28 4472.1 1399.85 401.1 129.07
 955.536 5194.17 1901.85 382.942 140.674
 963.414 2693.65 2623.62 628.825 168.156
 581.004 3247.09 1642.16 1053.97 311.171
F
 0.0991331 0.70081 1.02976 1.05584 1.05725
 0.0903425 0.638666 0.938443 0.962214 0.963499
 0.156609 1.10713 1.62679 1.668 1.67023
 0.0345429 0.244197 0.358819 0.367908 0.368399
 0.00614631 0.0434506 0.0638456 0.0654628 0.0655502
 0.0588462 0.416007 0.611272 0.626756 0.627593
 0.0375604 0.265529 0.390163 0.400046 0.40058
 0.0714065 0.5048 0.741743 0.760532 0.761547
 0.0803057 0.567712 0.834186 0.855316 0.856458
 0.0581457 0.411055 0.603996 0.619295 0.620122
 0.105751 0.747595 1.0985 1.12633 1.12783
 0.0941154 0.665338 0.977635 1.0024 1.00374
 0.154715 1.09374 1.60712 1.64783 1.65003
 0.30739 2.17306 3.19305 3.27393 3.2783
 0.342408 2.42061 3.5568 3.64689 3.65176
 0.140816 0.995479 1.46274 1.49979 1.50179
 0.104488 0.738665 1.08538 1.11287 1.11436
 0.0722843 0.511006 0.750863 0.769882 0.77091
 0.0585455 0.413881 0.608148 0.623553 0.624385
 0.0617755 0.436715 0.641701 0.657955 0.658834
 0.0282904 0.199996 0.29387 0.301314 0.301716
 0.0339278 0.239849 0.352429 0.361356 0.361839
 0.0414744 0.293199 0.43082 0.441733 0.442323
 0.0400818 0.283354 0.416355 0.426901 0.427471
 0.0315998 0.223391 0.328247 0.336561 0.337011
 0.0281582 0.199061 0.292496 0.299905 0.300306
 0.0301185 0.212919 0.312859 0.320784 0.321212
Np
 23911.2 10806.2 3341.17 1741.7 652.228
YTP_r0W_actual
 5229.03 82476 57968.2 43634.4 14002.7
YTP_p0W_proyectada
 12749.2 102759 138992 58585.6 55144.9
 12749.2 84780.3 49753.8 33654.6 13997.6
CTP_r0_actual
 581.004 3247.09 1642.16 1053.97 311.171
CTP_p0_proyectada
 1554.77 4757.36 4426.51 1460.99 1239.21
 1554.77 3925.01 1584.51 839.268 314.554
Wmedp
 8.2 21.6 31.4 40.1 44.5
nmprior
 10.6 11 7 0
nm_flota  nm_reclas  nm_pelaces    nm_pelaL
inf 20.3174 18.3979 58.9761
cv_recla  cv_pelaces  cv_mph
0.699378 0.434437 0.593279
 ------------------------------------------------
Talla a la edad & desviaci?n 
 7.2 14.2025 17.0495 18.207 18.6776
 1.08 2.13037 2.55742 2.73105 2.80164
