years
 1997 1998 1999 2000 2001 2002 2003 2004 2005 2006 2007 2008 2009 2010 2011 2012 2013 2014 2015 2016 2017 2018 2019 2020 2021 2022 2023
reclasobs
 0 0 0 370054 412103 1.49427e+06 250295 1.28982e+06 931140 785840 897777 1.04006e+06 184774 17550 25797 100020 73551 82996 120727 218422 84188 347160 605670 569463 516374 1.08416e+06 1.08416e+06
reclaspred
 378767 104684 324337 239109 356466 430311 951244 638251 714606 652043 516777 346703 211780 98642.2 70024.7 72545.9 91567.1 125341 131545 189498 276295 250082 437606 614410 798592 773109 639804
pelacesobs
 0 0 0 0 0 0 0 0 0 2.06254e+06 1.5e+06 0 1.87456e+06 323000 250000 174000 83755 137374 0 501740 490994 745055 786931 1.00524e+06 1.33801e+06 1.41789e+06 0
pelacespred
 1.05612e+06 254544 489721 547052 700049 699163 1.77663e+06 1.47928e+06 1.46907e+06 1.35095e+06 958138 662131 404626 157097 110859 122715 161732 223417 241290 339261 547795 484627 693337 1.08857e+06 1.40651e+06 1.49642e+06 1.26355e+06
mphobs
 0 0 0 0 0 112323 0 153150 637223 0 255016 313432 73983 77613 109348 50772 17779 17303 59886 28197 0 207744 136588 643089 65757 0 0
mphpred
 111558 68097.8 84434.8 104281 112028 177557 268587 319455 274983 279469 262630 184711 113578 60016.9 29270.3 25750.8 31585 43874.3 54268.3 61770.5 93704.4 111042 138175 202085 310915 351683 325637
desembarqueobs
 350755 77701 442110 56441 14545 235359 269955 359681 431902 328805 639364 411747 362871 311530 167758 66681 60226 58785 57116 73181 50977 67692 138656 160484 209506 203330 203330
desembarquepred
 350761 77701.1 442108 56442.2 14545.1 235396 269983 359685 431934 328826 639583 411998 363203 311975 167799 66692.2 60244.7 58786.4 57112.5 73179.7 50977.3 67686.9 138656 160486 209497 203317 203323
Reclutas
 50664.7 65303.5 39205.5 63775.2 110492 79237.1 129092 120803 147417 145457 67774.9 40021.6 43010.2 23771.4 18491.2 22694.7 18716.9 20845.5 23204.1 43293.1 53964.7 66185.7 115263 166819 86692.6 90554.4 43154.5
log_desv_Rt
 -0.117939 0.135877 -0.374351 0.112197 0.661771 0.329277 0.81736 0.750989 0.950094 0.936715 0.173024 -0.353748 -0.281731 -0.874685 -1.12587 -0.921035 -1.11374 -1.00603 -0.898838 -0.275176 -0.0548385 0.149296 0.704049 1.07374 0.4192 0.462782 -0.278382
SSB
 670365 409209 507380 626641 673191 1.06696e+06 1.61397e+06 1.91965e+06 1.65241e+06 1.67937e+06 1.57818e+06 1.10995e+06 682507 360650 175889 154740 189799 263647 326106 371187 563083 667267 830311 1.21436e+06 1.86833e+06 2.11331e+06 1.9568e+06
BT
 2.17764e+06 587579 1.11878e+06 1.0395e+06 1.2647e+06 1.43754e+06 3.36485e+06 3.05724e+06 3.02599e+06 2.73688e+06 2.29541e+06 1.56596e+06 1.08234e+06 582059 341302 274900 339026 447093 481385 667348 1.02239e+06 931542 1.3381e+06 2.07907e+06 2.67899e+06 2.85519e+06 2.44236e+06
Ftot
 0.453317 0.37597 0.548689 0.105318 0.0202794 0.196537 0.122996 0.239159 0.266889 0.211251 0.433855 0.403073 0.642159 1.12733 1.05051 0.410383 0.29258 0.19801 0.168961 0.177505 0.080869 0.106377 0.128478 0.117499 0.0954573 0.0926919 0.102924
BD_Bspro_t
 0.944846 0.747087 0.707533 0.583541 0.716298 0.839631 0.810408 0.818553 0.770026 0.737292 0.703856 0.554749 0.440561 0.329271 0.213245 0.229479 0.343139 0.507033 0.615118 0.695051 0.79062 0.853835 0.857947 0.865303 0.880028 0.860939 0.847129
BD_Bspro
 0.566969 0.346093 0.429122 0.529989 0.569359 0.902396 1.36504 1.62356 1.39755 1.42034 1.33476 0.938756 0.577238 0.305024 0.14876 0.130873 0.160524 0.222982 0.275807 0.313936 0.476233 0.564349 0.702244 1.02706 1.58016 1.78736 1.65498
BD_Bo
 0.273868 0.167176 0.207283 0.256005 0.275023 0.435892 0.659365 0.784245 0.675069 0.686081 0.644743 0.453456 0.278828 0.147338 0.0718569 0.0632167 0.0775395 0.107709 0.133226 0.151643 0.230039 0.272602 0.339211 0.496108 0.76328 0.863363 0.799422
BD_Brms
 0.945237 0.576998 0.715422 0.883585 0.949222 1.50445 2.27576 2.70677 2.32996 2.36796 2.22529 1.56507 0.962357 0.508528 0.248009 0.218188 0.267622 0.37175 0.45982 0.523386 0.793965 0.940869 1.17077 1.71228 2.63441 2.97984 2.75915
S_f
 0.182358 1 1 1 1
 0.182358 1 1 1 1
 0.182358 1 1 1 1
 0.182358 1 1 1 1
 0.182358 1 1 1 1
 0.182358 1 1 1 1
 0.182358 1 1 1 1
 0.182358 1 1 1 1
 0.182358 1 1 1 1
 0.182358 1 1 1 1
 0.182358 1 1 1 1
 0.182358 1 1 1 1
 0.182358 1 1 1 1
 0.182358 1 1 1 1
 0.182358 1 1 1 1
 0.182358 1 1 1 1
 0.182358 1 1 1 1
 0.182358 1 1 1 1
 0.182358 1 1 1 1
 0.182358 1 1 1 1
 0.182358 1 1 1 1
 0.182358 1 1 1 1
 0.182358 1 1 1 1
 0.182358 1 1 1 1
 0.182358 1 1 1 1
 0.182358 1 1 1 1
 0.182358 1 1 1 1
Scru_reclas
 0.955012 1 1 1 1
 0.955012 1 1 1 1
 0.955012 1 1 1 1
 0.955012 1 1 1 1
 0.955012 1 1 1 1
 0.955012 1 1 1 1
 0.955012 1 1 1 1
 0.955012 1 1 1 1
 0.955012 1 1 1 1
 0.955012 1 1 1 1
 0.955012 1 1 1 1
 0.955012 1 1 1 1
 0.955012 1 1 1 1
 0.955012 1 1 1 1
 0.955012 1 1 1 1
 0.955012 1 1 1 1
 0.955012 1 1 1 1
 0.955012 1 1 1 1
 0.955012 1 1 1 1
 0.955012 1 1 1 1
 0.955012 1 1 1 1
 0.955012 1 1 1 1
 0.955012 1 1 1 1
 0.955012 1 1 1 1
 0.955012 1 1 1 1
 0.955012 1 1 1 1
 0.955012 1 1 1 1
Scru_pelaces
 1 1 1 1 1
 1 1 1 1 1
 1 1 1 1 1
 1 1 1 1 1
 1 1 1 1 1
 1 1 1 1 1
 1 1 1 1 1
 1 1 1 1 1
 1 1 1 1 1
 1 1 1 1 1
 1 1 1 1 1
 1 1 1 1 1
 1 1 1 1 1
 1 1 1 1 1
 1 1 1 1 1
 1 1 1 1 1
 1 1 1 1 1
 1 1 1 1 1
 1 1 1 1 1
 1 1 1 1 1
 1 1 1 1 1
 1 1 1 1 1
 1 1 1 1 1
 1 1 1 1 1
 1 1 1 1 1
 1 1 1 1 1
 1 1 1 1 1
pf_obs 
 0.256992 0.487395 0.22802 0.0275931 0
 0.321318 0.546541 0.124235 0.00734118 0.000564706
 0.182869 0.594174 0.210203 0.0122559 0.00049798
 0.330522 0.361315 0.267642 0.0388342 0.00168674
 0.649043 0.306663 0.0425973 0.00169635 0
 0.582887 0.30429 0.105238 0.00758474 0
 0.465427 0.430635 0.0974691 0.00646863 0
 0.296916 0.608066 0.0921331 0.00288517 0
 0.311714 0.524322 0.152257 0.0117073 0
 0.15457 0.633149 0.183074 0.0267441 0.00246327
 0.131901 0.49318 0.331252 0.0422183 0.00144891
 0.196976 0.569456 0.194076 0.0375587 0.00193317
 0.518974 0.381816 0.0799577 0.0180837 0.00116848
 0.0928022 0.601141 0.25162 0.0475244 0.00691264
 0.122501 0.610282 0.24278 0.0234846 0.000952079
 0.383417 0.481906 0.127806 0.00687128 0
 0.0376549 0.599619 0.316969 0.0457579 0
 0.0361596 0.667082 0.258105 0.0386534 0
 0.158088 0.579412 0.248529 0.0139706 0
 0.0477256 0.309471 0.559284 0.082774 0.000745712
 0.0406174 0.521527 0.379366 0.0568643 0.0016247
 0.151134 0.462217 0.34131 0.0453401 0
 0.294876 0.26143 0.354403 0.0886775 0.000613685
 0.281977 0.475581 0.204845 0.0348837 0.00271318
 0.0841818 0.532909 0.334909 0.0458182 0.00218182
 0.115287 0.27431 0.454777 0.147771 0.00785563
 0 0 0 0 0
pf_pred 
 0.337021 0.466745 0.17538 0.0208422 1.16857e-05
 0.31237 0.533294 0.108655 0.0408271 0.00485464
 0.175569 0.616944 0.160917 0.0327857 0.0137841
 0.292402 0.426524 0.210335 0.0548615 0.0158771
 0.315045 0.482221 0.122203 0.0602631 0.0202673
 0.169051 0.596596 0.164989 0.041811 0.027553
 0.262722 0.405485 0.238217 0.0658791 0.0276966
 0.204902 0.535944 0.142528 0.0837337 0.032892
 0.239427 0.465731 0.198741 0.052853 0.0432477
 0.213334 0.520466 0.163006 0.0695595 0.0336352
 0.113708 0.550626 0.22208 0.0695537 0.0440326
 0.111147 0.411948 0.296286 0.119499 0.0611197
 0.192926 0.365891 0.20447 0.147062 0.0896502
 0.173207 0.529935 0.134583 0.0752085 0.0870676
 0.247423 0.503047 0.159937 0.0406177 0.0489758
 0.321195 0.510613 0.112425 0.035744 0.020023
 0.215351 0.595552 0.142243 0.0313184 0.0155351
 0.226572 0.489671 0.215374 0.0514402 0.016944
 0.223006 0.495573 0.178172 0.0783662 0.0248824
 0.321566 0.427337 0.160152 0.057579 0.0333663
 0.264358 0.543159 0.121243 0.0454376 0.0258027
 0.241777 0.509232 0.183842 0.0410367 0.0241125
 0.306493 0.449001 0.164213 0.0592839 0.0210088
 0.290032 0.511177 0.128704 0.047071 0.0230155
 0.124181 0.615529 0.187409 0.0471857 0.0256952
 0.153161 0.379597 0.32838 0.099981 0.0388814
 0.0858529 0.464929 0.201362 0.174194 0.0736616
pobs_RECLAS
 0 0 0 0 0
 0 0 0 0 0
 0 0 0 0 0
 0 0 0 0 0
 0.835266 0.146461 0.0176864 0.000547809 3.91292e-05
 0.385257 0.428462 0.181853 0.0044286 0
 0.867414 0.0963971 0.0333333 0.00285562 0
 0.441836 0.489002 0.0689373 0.000224442 0
 0.779404 0.147425 0.0564933 0.0165055 0.000172143
 0.814271 0.122319 0.05973 0.00367925 0
 0.40263 0.566651 0.0304383 0.000280538 0
 0.475488 0.404961 0.113038 0.00651328 0
 0.955842 0.0263864 0.0167828 0.000988607 0
 0.975058 0.0227948 0.00214734 0 0
 0.738997 0.206755 0.0527124 0.00153531 0
 0.850938 0.134255 0.0134407 0.00136685 0
 0.542534 0.407297 0.0501686 0 0
 0.764087 0.199537 0.0359546 0.000420521 0
 0.470689 0.182191 0.310203 0.0369168 0
 0.84361 0.089868 0.0606195 0.00523954 0.000663233
 0.607945 0.314616 0.071237 0.00620181 0
 0.523733 0.453247 0.0230204 0 0
 0.530135 0.295979 0.169645 0.0042399 0
 0.562478 0.366248 0.0663022 0.0049721 0
 0.250443 0.683176 0.0655157 0.000865301 0
 0.195077 0.31981 0.436473 0.0351445 0.0134964
 0.195077 0.31981 0.436473 0.0351445 0.0134964
ppred_RECLAS
 0.732742 0.188153 0.0706984 0.00840185 4.71071e-06
 0.708885 0.225775 0.0460001 0.0172845 0.00205526
 0.53661 0.346767 0.0904469 0.0184279 0.00774765
 0.685125 0.1898 0.0935976 0.024413 0.00706518
 0.706841 0.20639 0.0523027 0.0257925 0.00867435
 0.51854 0.345674 0.0955963 0.0242257 0.0159645
 0.652556 0.191086 0.11226 0.0310457 0.0130521
 0.577706 0.284651 0.0756998 0.0444727 0.0174696
 0.626056 0.228982 0.0977134 0.0259858 0.0212632
 0.589656 0.271487 0.0850278 0.0362839 0.0175449
 0.408584 0.367428 0.148192 0.0464127 0.0293826
 0.401808 0.277238 0.199399 0.080422 0.0411332
 0.567323 0.196156 0.109618 0.0788406 0.0480619
 0.548396 0.289456 0.0735104 0.0410797 0.0475573
 0.653624 0.231529 0.0736115 0.0186944 0.0225412
 0.71777 0.2123 0.0467433 0.0148614 0.00832506
 0.593865 0.308258 0.073625 0.0162104 0.008041
 0.607992 0.248187 0.109161 0.0260722 0.00858795
 0.602676 0.253416 0.0911103 0.0400734 0.0127239
 0.714797 0.179646 0.0673252 0.0242053 0.0140267
 0.653938 0.255514 0.0570351 0.0213748 0.0121381
 0.626742 0.250685 0.0905016 0.0202015 0.0118701
 0.699708 0.19442 0.0711051 0.0256702 0.00909691
 0.682789 0.228392 0.0575044 0.0210311 0.0102832
 0.42732 0.402482 0.122543 0.0308538 0.0168016
 0.487615 0.229677 0.198688 0.0604941 0.0235254
 0.330855 0.340323 0.147395 0.127508 0.0539194
pobs_PELACES
 0 0 0 0 0
 0 0 0 0 0
 0 0 0 0 0
 0 0 0 0 0
 0 0 0 0 0
 0 0 0 0 0
 0 0 0 0 0
 0 0 0 0 0
 0 0 0 0 0
 0 0 0 0 0
 0.450072 0.473896 0.0757376 0.000293798 0
 0 0 0 0 0
 0.463077 0.371075 0.160297 0.00555027 0
 0.529543 0.364841 0.0842815 0.0213345 0
 0.631943 0.363953 0.00410389 0 0
 0.735681 0.248677 0.0153453 0.000297389 0
 0.695825 0.281241 0.0229344 0 0
 0.275771 0.60734 0.115278 0.00161068 0
 0 0 0 0 0
 0.896147 0.0623911 0.0374545 0.00400742 0
 0.803859 0.145111 0.0509908 3.86294e-05 0
 0.739449 0.233085 0.0266225 0.000797448 4.60066e-05
 0.878498 0.100942 0.0204185 0.000141795 0
 0.694673 0.275183 0.0284847 0.00165964 0
 0.469039 0.446079 0.0841089 0.000773354 0
 0.822795 0.102175 0.0682046 0.00682512 0
 0 0 0 0 0
ppred_PELACES
 0.764395 0.165869 0.0623253 0.00740678 4.1528e-06
 0.738358 0.202917 0.041343 0.0155346 0.00184718
 0.584381 0.311019 0.0811228 0.0165282 0.00694895
 0.70096 0.180255 0.0888906 0.0231852 0.00670987
 0.717398 0.198957 0.0504191 0.0248636 0.00836197
 0.543205 0.327965 0.0906988 0.0229846 0.0151466
 0.670293 0.181331 0.10653 0.0294608 0.0123858
 0.604422 0.266643 0.0709108 0.0416592 0.0163644
 0.653255 0.212327 0.0906062 0.0240957 0.0197166
 0.614336 0.255159 0.0799139 0.0341016 0.0164897
 0.448502 0.342629 0.13819 0.0432801 0.0273995
 0.439511 0.259764 0.186831 0.0753532 0.0385406
 0.620163 0.172201 0.0962309 0.0692125 0.0421925
 0.632836 0.235334 0.0597656 0.0333987 0.0386651
 0.72402 0.184474 0.0586511 0.0148951 0.0179601
 0.748417 0.189246 0.0416675 0.0132476 0.00742105
 0.62362 0.285674 0.0682309 0.0150228 0.00745189
 0.631426 0.23335 0.102635 0.0245136 0.00807458
 0.624396 0.239563 0.0861298 0.0378828 0.0120283
 0.733553 0.167832 0.0628978 0.0226135 0.0131042
 0.669129 0.244298 0.0545315 0.0204366 0.0116053
 0.644053 0.239058 0.0863043 0.0192646 0.0113196
 0.716386 0.183622 0.067156 0.0242445 0.00859168
 0.699382 0.216445 0.0544966 0.019931 0.00974536
 0.444972 0.390076 0.118765 0.0299028 0.0162837
 0.505373 0.221717 0.191802 0.0583975 0.0227101
 0.347393 0.331912 0.143752 0.124357 0.0525868
pobs_pel_tallas
 0 0 0 0 0 0 0 0 0 0 0 0 0 0 0 0 0 0 0 0 0 0 0 0 0 0 0 0 0 0 0 0 0 0 0 0
 0 0 0 0 0 0 0 0 0 0 0 0 0 0 0 0 0 0 0 0 0 0 0 0 0 0 0 0 0 0 0 0 0 0 0 0
 0 0 0 0 0 0 0 0 0 0 0 0 0 0 0 0 0 0 0 0 0 0 0 0 0 0 0 0 0 0 0 0 0 0 0 0
 0 0 0 0 0 0 0 0 0 0 0 0 0 0 0 0 0 0 0 0 0 0 0 0 0 0 0 0 0 0 0 0 0 0 0 0
 0 0 0 0 0 0 0 0 0 0 0 0 0 0 0 0 0 0 0 0 0 0 0 0 0 0 0 0 0 0 0 0 0 0 0 0
 0 0 0 0 0 0 0 0 0 0 0 0 0 0 0 0 0 0 0 0 0 0 0 0 0 0 0 0 0 0 0 0 0 0 0 0
 0 0 0 0 0 0 0 0 0 0 0 0 0 0 0 0 0 0 0 0 0 0 0 0 0 0 0 0 0 0 0 0 0 0 0 0
 0 0 0 0 0 0 0 0 0 0 0 0 0 0 0 0 0 0 0 0 0 0 0 0 0 0 0 0 0 0 0 0 0 0 0 0
 0 0 0 0 0 0 0 0 0 0 0 0 0 0 0 0 0 0 0 0 0 0 0 0 0 0 0 0 0 0 0 0 0 0 0 0
 0 0 0 0 0 0 0 0 0 0 0 0 0 0 0 0 0 0 0 0 0 0 0 0 0 0 0 0 0 0 0 0 0 0 0 0
 0 0 0 0 0 0 0 0 1.78061e-05 0.00172719 0.00360574 0.0105946 0.0120993 0.0124554 0.0147524 0.0171206 0.0266825 0.0428682 0.0675386 0.121331 0.153587 0.119568 0.100827 0.0573624 0.0630603 0.0341343 0.0324427 0.0444173 0.0211091 0.0280891 0.0125444 0.00206551 0 0 0 0
 0 0 0 0 0 0 0 0 0 0 0 0 0 0 0 0 0 0 0 0 0 0 0 0 0 0 0 0 0 0 0 0 0 0 0 0
 0 0 0 0 0 0 0.0133647 0.0140871 0.0187388 0.0205184 0.03894 0.0496705 0.03968 0.0493445 0.0407372 0.0367815 0.0215668 0.0243155 0.0234873 0.0199281 0.019796 0.0243948 0.0301388 0.0376714 0.0412746 0.0863199 0.0771752 0.113111 0.0741005 0.0525337 0.0229764 0.00759418 0.00175318 0 0 0
 0 0 0 0 0 0 0 0 0 0 0.00219441 0.00772107 0.0458388 0.0604681 0.0671733 0.0775358 0.0609151 0.0617685 0.073594 0.0568108 0.0755445 0.0548602 0.0670107 0.0636378 0.0643287 0.046367 0.0373049 0.0286899 0.0247887 0.0153202 0.00654259 0.00121912 0.000365735 0 0 0
 0 0 0 0 0 0 0 0 0 0 0 0 0.000112435 0.00938835 0.0111873 0.0202946 0.0414886 0.0713402 0.111592 0.104902 0.108894 0.110636 0.117776 0.105296 0.107544 0.0401394 0.0192827 0.0124803 0.00416011 0.0028671 0.000618394 0 0 0 0 0
 0 0 0 0 0 0 0 0 0 0 0.00291406 0.0102884 0.027416 0.0768956 0.0749926 0.110853 0.0956884 0.0897413 0.0766577 0.0534642 0.0500743 0.0551293 0.0594112 0.0620874 0.0668451 0.0424026 0.0208742 0.0120726 0.0048766 0.00582813 0.00118941 0.000297354 0 0 0 0
 0 0.00264628 0.0354308 0.0461629 0.0458689 0.0383711 0.0214643 0.0164657 0.0346957 0.0420465 0.0363128 0.0245516 0.0311673 0.0291091 0.0169068 0.0133784 0.00837989 0.0085269 0.0148486 0.0160247 0.0276389 0.0546898 0.0760071 0.122758 0.109233 0.0665981 0.0333725 0.0166128 0.00676272 0.00308733 0.000882094 0 0 0 0 0
 0 0 0 0 0 0 0 0.000805153 0.000690131 0.00759144 0.0133425 0.0154129 0.00931677 0.000345066 0.00356568 0.00563607 0.00851162 0.0253048 0.0502646 0.0516448 0.0657925 0.0565908 0.0611916 0.0827007 0.0866115 0.110766 0.145733 0.0935128 0.0569358 0.0249597 0.0138026 0.00621118 0.00161031 0.00115022 0 0
 0 0 0 0 0 0 0 0 0 0 0 0 0 0 0 0 0 0 0 0 0 0 0 0 0 0 0 0 0 0 0 0 0 0 0 0
 0.00147267 0.00158595 0.00478618 0.00569244 0.00954404 0.0108468 0.00647125 0.017049 0.0510054 0.094081 0.124002 0.0959785 0.0687766 0.0820023 0.061753 0.0591476 0.0492212 0.0479892 0.0443925 0.0268479 0.0217502 0.0140895 0.0121071 0.0120363 0.00920419 0.00665534 0.0049561 0.00860946 0.00930331 0.0156896 0.0114698 0.00855282 0.00243557 0.00046729 0 2.83206e-05
 0 0 0 0 0.000772559 0.00158375 0.000888443 0.00281984 0.00712685 0.0440552 0.0773331 0.111326 0.0921469 0.0852325 0.0710754 0.0886704 0.0786465 0.0553345 0.0373146 0.0185414 0.00753245 0.00457741 0.012979 0.0271748 0.0457355 0.0583668 0.034881 0.0177882 0.00938659 0.00492506 0.0015258 0.00185414 0.000309023 5.79419e-05 3.86279e-05 0
 0 0.00173294 0.00326652 0 0.00397197 0.00683976 0.00946217 0.0152591 0.00757587 0.0136028 0.0228656 0.0392903 0.0559909 0.0764795 0.0681675 0.0726916 0.0566044 0.0477403 0.0527397 0.0444891 0.0609904 0.0582453 0.0661739 0.0445044 0.0529084 0.0360697 0.0280645 0.0235558 0.0158879 0.00826598 0.00280645 0.00217768 0.000904811 0.00058276 9.20147e-05 0
 0 0 0 0 0 0 0 0 0 0 0 0 0 0 0 0 0 0 0 0 0 0 0 0 0 0 0 0 0 0 0 0 0 0 0 0
 0 0 0 0 0 0 0 0 0 0 0 0 0 0 0 0 0 0 0 0 0 0 0 0 0 0 0 0 0 0 0 0 0 0 0 0
 0 0 0 0 0 0 0 0 0 0 0 0 0 0 0 0 0 0 0 0 0 0 0 0 0 0 0 0 0 0 0 0 0 0 0 0
 0 0 0 0 0 0 0 0 0 0 0 0 0 0 0 0 0 0 0 0 0 0 0 0 0 0 0 0 0 0 0 0 0 0 0 0
 0 0 0 0 0 0 0 0 0 0 0 0 0 0 0 0 0 0 0 0 0 0 0 0 0 0 0 0 0 0 0 0 0 0 0 0
ppred_pel_tallas
 1.01194e-16 3.33507e-05 0.000195744 0.000930481 0.00358241 0.0111714 0.0282181 0.0577379 0.0957067 0.128531 0.139865 0.123365 0.0882972 0.0515073 0.0249537 0.0109186 0.00575883 0.00518623 0.00657183 0.00875757 0.0112628 0.0137892 0.0160588 0.0178107 0.018847 0.0190738 0.0185184 0.0173133 0.0156573 0.0137647 0.0118227 0.00996567 0.00827063 0.00676786 0.00545852 0.00433078
 1.01274e-16 3.22168e-05 0.000189083 0.000898811 0.00346046 0.0107911 0.0272575 0.0557728 0.0924505 0.124161 0.13512 0.119203 0.0853685 0.0499001 0.0243637 0.0109809 0.00624869 0.00603439 0.00779525 0.0103908 0.0133142 0.0162176 0.0187648 0.020644 0.0216265 0.0216171 0.0206742 0.0189865 0.0168214 0.0144587 0.0121346 0.0100092 0.0081612 0.00660366 0.00530978 0.00423728
 1.02146e-16 2.55071e-05 0.000149682 0.000711468 0.0027391 0.00854156 0.0215755 0.0441478 0.0731852 0.0983021 0.107015 0.0944976 0.0678681 0.0400597 0.0202858 0.0103753 0.00762653 0.00882045 0.0119546 0.0160722 0.0206425 0.0251917 0.0292151 0.0322334 0.0338898 0.0340289 0.0327277 0.0302622 0.0270297 0.0234496 0.0198794 0.0165654 0.0136347 0.011118 0.00898732 0.00719103
 1.02431e-16 3.05852e-05 0.000179507 0.000853285 0.00328518 0.0102445 0.0258769 0.0529477 0.0877674 0.117871 0.128273 0.11316 0.0810344 0.0473544 0.0230994 0.010379 0.00587085 0.00565886 0.00734247 0.00985911 0.0127533 0.0157228 0.0184724 0.0207189 0.0222392 0.0229155 0.0227531 0.021866 0.0204368 0.0186669 0.0167338 0.0147677 0.0128485 0.011018 0.00929738 0.00770111
 1.02026e-16 3.13027e-05 0.000183717 0.0008733 0.00336224 0.0104848 0.0264838 0.0541897 0.0898265 0.120638 0.131286 0.115823 0.0829531 0.0484986 0.0236993 0.0107164 0.00615003 0.00598894 0.00776732 0.0103818 0.0133438 0.0163182 0.0189789 0.0210208 0.0222162 0.0224637 0.0218075 0.0204157 0.0185309 0.0164082 0.0142623 0.0122384 0.0104087 0.00878854 0.0073609 0.00609906
 1.02892e-16 2.37124e-05 0.000139143 0.000661364 0.00254618 0.00793995 0.0200559 0.0410387 0.0680324 0.0913846 0.0994945 0.0878801 0.0631666 0.0373876 0.0191236 0.0100939 0.00780669 0.00928541 0.0126738 0.0170719 0.0219561 0.0268381 0.0311903 0.0345083 0.0364145 0.0367404 0.0355592 0.0331511 0.0299215 0.0262992 0.0226484 0.0192189 0.0161391 0.0134409 0.0110992 0.00906847
 1.03163e-16 2.92481e-05 0.000171656 0.000815964 0.00314148 0.0097964 0.024745 0.0506317 0.0839288 0.112717 0.122667 0.108222 0.0775133 0.0453279 0.02217 0.0100634 0.00583913 0.00576046 0.00753851 0.0101608 0.013191 0.0163338 0.0192959 0.0217913 0.0235897 0.0245603 0.0246916 0.024077 0.0228778 0.0212756 0.0194328 0.0174712 0.0154709 0.0134818 0.0115399 0.00967931
 1.0329e-16 2.63792e-05 0.000154806 0.000735837 0.00283294 0.00883422 0.0223147 0.0456598 0.0756902 0.101662 0.11066 0.0976853 0.0700908 0.0412375 0.0206347 0.0101509 0.00696937 0.00774705 0.0104157 0.0140138 0.0180486 0.0221115 0.0257753 0.0286333 0.0303794 0.0308739 0.030169 0.0284802 0.0261206 0.0234191 0.0206516 0.0180031 0.0155647 0.0133556 0.0113571 0.00954128
 1.03105e-16 2.85064e-05 0.000167299 0.000795242 0.00306169 0.00954755 0.0241164 0.049346 0.0817985 0.109859 0.119565 0.105504 0.0756084 0.044298 0.0218223 0.0101681 0.00625984 0.00646359 0.00854538 0.0114997 0.014865 0.0183028 0.0214705 0.0240383 0.0257502 0.0264755 0.0262304 0.0251585 0.0234824 0.0214428 0.0192476 0.0170435 0.0149143 0.0128956 0.0109987 0.00922893
 1.0316e-16 2.6811e-05 0.000157342 0.000747896 0.00287938 0.00897903 0.0226804 0.0464081 0.0769302 0.103326 0.112468 0.0992725 0.0712107 0.0418584 0.0208752 0.0101535 0.00682442 0.00748596 0.0100367 0.0135068 0.0174103 0.0213534 0.0249261 0.0277367 0.0294876 0.0300393 0.0294336 0.0278693 0.0256391 0.0230537 0.0203759 0.0177856 0.0153759 0.0131733 0.0111689 0.00934421
 1.04841e-16 1.95835e-05 0.000114902 0.000546113 0.00210243 0.00655613 0.0165605 0.033887 0.0561791 0.0754699 0.0821869 0.072639 0.0523123 0.0311663 0.016318 0.00922662 0.0078773 0.00984864 0.013627 0.0184596 0.0238686 0.0293699 0.0344217 0.0384949 0.0411789 0.0422674 0.0417921 0.0399914 0.0372306 0.0339036 0.030349 0.0268046 0.0234033 0.0201992 0.0172047 0.0144227
 1.07127e-16 1.91882e-05 0.000112588 0.000535131 0.00206018 0.00642437 0.0162276 0.0332053 0.0550469 0.073943 0.0805082 0.0711178 0.0511354 0.0303027 0.015571 0.00834534 0.00663041 0.00804708 0.0111316 0.0152012 0.0198809 0.0248192 0.0296176 0.0338695 0.0372331 0.0394934 0.040589 0.0405959 0.0396791 0.0380332 0.0358343 0.0332178 0.0302824 0.0271089 0.0237814 0.0203993
 1.05772e-16 2.70617e-05 0.000158821 0.000754947 0.00290656 0.00906379 0.0228945 0.0468454 0.0776527 0.104289 0.113497 0.100136 0.0717327 0.0419693 0.0205687 0.00940919 0.00556606 0.00559102 0.00737651 0.00999655 0.0130579 0.0162967 0.0194487 0.0222525 0.024493 0.0260397 0.0268629 0.0270198 0.0266195 0.0257821 0.024607 0.0231596 0.0214773 0.0195867 0.0175223 0.0153376
 1.0388e-16 2.76168e-05 0.000162075 0.000770401 0.00296604 0.00924927 0.023363 0.0478046 0.0792443 0.106431 0.115841 0.102233 0.0732987 0.0430133 0.0213165 0.0101444 0.00652829 0.00695389 0.00925453 0.0124413 0.0160387 0.0196799 0.0229904 0.0256147 0.0272857 0.0278811 0.0274447 0.0261611 0.024297 0.0221295 0.0198864 0.0177148 0.0156802 0.0137888 0.0120182 0.0103446
 1.02244e-16 3.15909e-05 0.00018541 0.000881351 0.00339324 0.0105815 0.026728 0.0546893 0.0906542 0.121748 0.132491 0.116877 0.0836889 0.0488905 0.0238197 0.0106512 0.00594782 0.00565797 0.00729477 0.00975353 0.0125582 0.0153941 0.0179588 0.0199681 0.0212072 0.0215759 0.0211062 0.0199439 0.0183035 0.0164122 0.0144628 0.0125869 0.0108525 0.00927847 0.00785635 0.00657018
 1.01456e-16 3.26549e-05 0.000191657 0.000911046 0.00350757 0.010938 0.0276286 0.056532 0.0937086 0.125849 0.136953 0.120811 0.0865001 0.0505212 0.0245918 0.0109566 0.00605828 0.0057035 0.0073154 0.0097458 0.012497 0.0152398 0.0176606 0.0194688 0.0204501 0.020514 0.0197115 0.0182142 0.0162663 0.0141233 0.0120008 0.0100443 0.00832523 0.00685572 0.00561247 0.00455938
 1.01927e-16 2.72171e-05 0.000159723 0.000759211 0.00292294 0.00911485 0.0230235 0.0471104 0.078095 0.104892 0.114178 0.100795 0.0723315 0.0425741 0.0213368 0.0105491 0.00730569 0.00815491 0.010956 0.0147037 0.0188708 0.0230121 0.0266626 0.0293828 0.0308473 0.0309174 0.0296684 0.0273593 0.0243597 0.0210585 0.0177859 0.0147677 0.0121179 0.00986019 0.00796354 0.00637505
 1.02753e-16 2.75554e-05 0.000161714 0.000768686 0.00295943 0.00922868 0.023311 0.0476982 0.0790678 0.106195 0.115584 0.102007 0.0731387 0.042924 0.0212815 0.0101448 0.00655446 0.00700755 0.00934645 0.0125886 0.0162628 0.020003 0.0234314 0.0261828 0.0279736 0.0286597 0.0282602 0.0269371 0.0249419 0.0225487 0.019997 0.0174601 0.0150399 0.0127838 0.0107074 0.00881592
 1.03165e-16 2.72491e-05 0.000159915 0.000760133 0.0029265 0.00912597 0.0230516 0.0471674 0.0781883 0.105014 0.1143 0.100879 0.0723398 0.0424749 0.0210951 0.0101161 0.00661409 0.00712684 0.00951983 0.0128171 0.0165444 0.0203295 0.0237869 0.0265473 0.0283267 0.0289863 0.0285554 0.0272087 0.0252094 0.0228392 0.0203388 0.0178751 0.0155391 0.0133635 0.0113504 0.00949465
 1.02337e-16 3.20059e-05 0.000187848 0.000892945 0.00343789 0.0107207 0.0270797 0.0554087 0.0918461 0.123347 0.134226 0.118398 0.0847554 0.0494681 0.0240166 0.0105964 0.00571787 0.00527195 0.00674052 0.00901434 0.0116306 0.0142978 0.0167409 0.0186999 0.0199755 0.0204691 0.0201998 0.0192878 0.0179154 0.016278 0.0145424 0.0128246 0.0111877 0.00965514 0.00822922 0.00690764
 1.02099e-16 2.91998e-05 0.000171367 0.000814576 0.00313612 0.00977966 0.0247027 0.0505458 0.083788 0.112533 0.12248 0.108088 0.0774865 0.0454502 0.022485 0.010633 0.00674869 0.00710853 0.00941346 0.0126099 0.0161884 0.0197563 0.0229158 0.0252928 0.0266109 0.026752 0.0257795 0.0239117 0.0214594 0.0187478 0.0160507 0.0135522 0.0113419 0.00943477 0.00780171 0.00639878
 1.02494e-16 2.81062e-05 0.000164947 0.000784056 0.00301861 0.00941322 0.0237771 0.0486519 0.0806489 0.108318 0.117894 0.104046 0.0745985 0.0437768 0.0216964 0.0103279 0.00665026 0.00708691 0.00943243 0.0126791 0.0163405 0.0200385 0.0233849 0.0260084 0.027626 0.0281024 0.0274736 0.0259244 0.023731 0.0211898 0.018556 0.0160089 0.0136478 0.0115082 0.00958926 0.00787712
 1.02248e-16 3.1258e-05 0.000183456 0.000872061 0.00335747 0.01047 0.0264463 0.0541128 0.0896986 0.120465 0.131095 0.115647 0.0828111 0.0483838 0.0235844 0.0105663 0.00593052 0.00567043 0.00732763 0.00981107 0.012651 0.0155359 0.0181651 0.0202538 0.021584 0.0220494 0.0216736 0.0205925 0.0190105 0.0171473 0.015191 0.0132735 0.0114669 0.00979822 0.00826911 0.0068742
 1.01985e-16 3.05178e-05 0.000179108 0.000851382 0.00327784 0.0102216 0.0258191 0.0528297 0.0875727 0.117613 0.128 0.112937 0.080914 0.0473632 0.0232504 0.0106926 0.00638523 0.00642466 0.00840741 0.0112484 0.0144508 0.0176568 0.0205121 0.0226844 0.0239262 0.0241288 0.023343 0.0217559 0.0196363 0.0172673 0.0148878 0.01266 0.0106648 0.00891945 0.00740375 0.00608505
 1.03602e-16 1.94315e-05 0.000114005 0.00054184 0.00208597 0.00650476 0.0164308 0.033622 0.0557411 0.0748858 0.0815617 0.0721125 0.0519898 0.0310874 0.0164828 0.0096424 0.00858345 0.0109115 0.0151164 0.0204199 0.0262912 0.0321725 0.0374405 0.0414941 0.04388 0.044391 0.0431047 0.040344 0.0365809 0.0323172 0.0279809 0.0238684 0.0201361 0.0168292 0.0139277 0.0113879
 1.05863e-16 2.20586e-05 0.000129444 0.00061527 0.00236875 0.00738664 0.0186582 0.0381781 0.0632882 0.0850059 0.0925339 0.0816942 0.0586386 0.0345448 0.0173738 0.00870279 0.00619803 0.00709253 0.00969185 0.0132308 0.0173354 0.0216938 0.0259609 0.0297821 0.0328527 0.034971 0.0360637 0.0361743 0.0354264 0.033976 0.0319733 0.0295443 0.0267931 0.0238142 0.0207063 0.0175785
 1.08879e-16 1.51741e-05 8.90162e-05 0.000423053 0.00162863 0.00507858 0.0128284 0.0262507 0.0435216 0.0584731 0.0636959 0.0563404 0.0406712 0.0244255 0.0131476 0.00800722 0.00748698 0.0097508 0.013652 0.0186094 0.0242239 0.030061 0.0356186 0.0403961 0.0439928 0.0461862 0.0469623 0.0464853 0.0450253 0.0428713 0.0402615 0.0373515 0.0342217 0.0309092 0.027447 0.0238909
pSPR Fmed_Fpbrs
0.431985   0.339735 0.339735
Fs Fmed_Fpbrs
0.68   1.005 1.005
SSBpbr Bo_Bmed_Bpbrs
2.44777e+06  935010  709203 709203
Ro
57006.7
SPR SPRFo_SPRFmed_SPRFpbrs
1.18237e+06 510765 401691
log_Ro
10.7709
likeval ReclasPelacesDesembMPH_pf_preclas_ppelaces_ptallas_desvR_qrecl_qpela
 67.8598 28.2261 0.0180413 0.000507572 330.54 231.853 83.3852 0 16.8562 7.22142e-05 0 0 0 0 0
q_reclas_q_pelaces
0.299936 1
M
0.7
N
 50664.7 14954.1 5619 667.765 0.3744
 65303.5 23163.2 4719.34 1773.29 210.857
 39205.5 30279.9 7897.87 1609.14 676.528
 63775.2 17615.1 8686.71 2265.75 655.713
 110492 31067.4 7873.01 3882.49 1305.73
 79237.1 54666 15117.9 3831.14 2524.67
 129092 37962.7 22302.6 6167.81 2593.04
 120803 62683.5 16670 9793.41 3847.02
 147417 57428.7 24506.5 6517.24 5332.81
 145457 69727.4 21838.1 9318.96 4506.15
 67774.9 69502.3 28031.9 8779.37 5557.98
 40021.6 31095.9 22365.2 9020.39 4613.62
 43010.2 18465.7 10319.2 7421.88 4524.45
 23771.4 18998 4824.74 2696.2 3121.35
 18491.2 9610.97 3055.68 776.023 935.708
 22694.7 7581.61 1669.29 530.728 297.303
 18716.9 10457.3 2497.63 549.918 272.78
 20845.5 8811.65 3875.66 925.67 304.908
 23204.1 9984.44 3589.69 1578.86 501.312
 43293.1 11173.2 4187.34 1505.47 872.399
 53964.7 20813.9 4646.03 1741.18 988.763
 66185.7 26405.8 9532.95 2127.92 1250.33
 115263 32235.4 11789.5 4256.2 1508.3
 166819 55912.5 14077.6 5148.62 2517.44
 86692.6 81083.6 24687.3 6215.77 3384.83
 90554.4 42307.3 36599.1 11143.2 4333.47
 43154.5 44214.3 19149.4 16565.7 7005.14
pred_Ctot
 2904.75 4022.82 1511.58 179.637 0.100718
 3124.36 5334.07 1086.78 408.358 48.5567
 2700.17 9488.3 2474.82 504.228 211.992
 873.429 1274.06 628.288 163.876 47.4261
 293.378 449.056 113.798 56.1184 18.8734
 2010.33 7094.61 1962.02 497.209 327.655
 2061.8 3182.17 1869.49 517.008 217.358
 3716.85 9721.84 2585.41 1518.9 596.649
 5050.42 9824.05 4192.21 1114.87 912.258
 3962.02 9666.07 3027.34 1291.86 624.672
 3724.65 18036.4 7274.49 2278.32 1442.34
 2048.39 7592 5460.42 2202.31 1126.41
 3441.31 6526.56 3647.22 2623.21 1599.13
 3214.61 9835.26 2497.77 1395.82 1615.92
 2344.11 4765.93 1515.27 384.818 464.003
 1181.94 1878.97 413.705 131.532 73.6815
 701.517 1940.04 463.362 102.021 50.6064
 532.772 1151.43 506.44 120.959 39.8429
 507.232 1127.19 405.257 178.246 56.5955
 993.539 1320.34 494.819 177.901 103.092
 568.614 1168.29 260.783 97.7327 55.4995
 915.474 1928.17 696.105 155.383 91.3006
 1922.13 2815.85 1029.84 371.791 131.754
 2546.39 4487.98 1129.98 413.269 202.069
 1076.98 5338.28 1625.33 409.226 222.846
 1092.61 2707.93 2342.57 713.236 277.369
 577.695 3128.46 1354.95 1172.13 495.661
F
 0.0826661 0.453317 0.453317 0.453317 0.453317
 0.0685614 0.37597 0.37597 0.37597 0.37597
 0.100058 0.548689 0.548689 0.548689 0.548689
 0.0192056 0.105318 0.105318 0.105318 0.105318
 0.00369811 0.0202794 0.0202794 0.0202794 0.0202794
 0.0358401 0.196537 0.196537 0.196537 0.196537
 0.0224293 0.122996 0.122996 0.122996 0.122996
 0.0436126 0.239159 0.239159 0.239159 0.239159
 0.0486695 0.266889 0.266889 0.266889 0.266889
 0.0385234 0.211251 0.211251 0.211251 0.211251
 0.079117 0.433855 0.433855 0.433855 0.433855
 0.0735037 0.403073 0.403073 0.403073 0.403073
 0.117103 0.642159 0.642159 0.642159 0.642159
 0.205578 1.12733 1.12733 1.12733 1.12733
 0.191569 1.05051 1.05051 1.05051 1.05051
 0.0748369 0.410383 0.410383 0.410383 0.410383
 0.0533544 0.29258 0.29258 0.29258 0.29258
 0.0361087 0.19801 0.19801 0.19801 0.19801
 0.0308115 0.168961 0.168961 0.168961 0.168961
 0.0323695 0.177505 0.177505 0.177505 0.177505
 0.0147471 0.080869 0.080869 0.080869 0.080869
 0.0193987 0.106377 0.106377 0.106377 0.106377
 0.023429 0.128478 0.128478 0.128478 0.128478
 0.0214269 0.117499 0.117499 0.117499 0.117499
 0.0174074 0.0954573 0.0954573 0.0954573 0.0954573
 0.0169031 0.0926919 0.0926919 0.0926919 0.0926919
 0.0187691 0.102924 0.102924 0.102924 0.102924
Np
 45731.9 18906.9 3822.93 3600.68 1842.94
YTP_r0W_actual
 5199.26 79462.9 47829.6 48526.3 22304.8
YTP_p0W_proyectada
 45640.7 219098 299987 165924 230650
 45640.7 196965 57895.1 69637.8 39553.6
CTP_r0_actual
 577.695 3128.46 1354.95 1172.13 495.661
CTP_p0_proyectada
 5565.93 10143.4 9553.72 4137.75 5183.13
 5565.93 9118.75 1843.79 1736.6 888.845
Wmedp
 8.2 21.6 31.4 40.1 44.5
nmprior
 10.6 11 7 0
nm_flota  nm_reclas  nm_pelaces    nm_pelaL
inf 12.2257 20.4614 68.4397
cv_recla  cv_pelaces  cv_mph
0.713406 0.581991 0.613172
 ------------------------------------------------
Talla a la edad & desviaci?n 
 7.2 14.2025 17.0495 18.207 18.6776
 1.08 2.13037 2.55742 2.73105 2.80164
