    unsorted:	 2.226841920e-06 0.001699953163 0.008237197673 9.864621455 11.27168431 25.52237349 52.46119186 66.70495860 87.46536138 161.7695746 166.4009693 208.2914009 275.3082298 424.3420849 445.8653910 507.7685937 605.1877362 670.7255075 710.5181846 787.3944691 842.0601864 817.2892239 1000.630101 1041.482316 1167.439253 1299.109352 1369.660781 1596.916003 1653.029426 1986.252501 2092.193942 2647.905450 2763.606452 3153.941862 3318.667090 3403.401450 4170.464599 4486.949594 4507.967076 4868.274398 5195.526164 181953.0497 116731.2242 376934.9565 384722.0270 405862.3034 424031.3243 341515.2566 452331.1566 459088.8147 272289.4085 536093.0171 545092.5933 611069.8063 665776.4223 746351.9969 791339.6870 882949.7664 1030573.480 1150323.853 1244625.617 1421970.920 1560310.290 1811090.830 1988663.148 2219888.115 2406995.853 2581513.268 2670409.763 34649195.39
      sorted:	 2.226841920e-06 0.001699953163 0.008237197673 9.864621455 11.27168431 25.52237349 52.46119186 66.70495860 87.46536138 161.7695746 166.4009693 208.2914009 275.3082298 424.3420849 445.8653910 507.7685937 605.1877362 670.7255075 710.5181846 787.3944691 817.2892239 842.0601864 1000.630101 1041.482316 1167.439253 1299.109352 1369.660781 1596.916003 1653.029426 1986.252501 2092.193942 2647.905450 2763.606452 3153.941862 3318.667090 3403.401450 4170.464599 4486.949594 4507.967076 4868.274398 5195.526164 116731.2242 181953.0497 272289.4085 341515.2566 376934.9565 384722.0270 405862.3034 424031.3243 452331.1566 459088.8147 536093.0171 545092.5933 611069.8063 665776.4223 746351.9969 791339.6870 882949.7664 1030573.480 1150323.853 1244625.617 1421970.920 1560310.290 1811090.830 1988663.148 2219888.115 2406995.853 2581513.268 2670409.763 34649195.39
