years
 1997 1998 1999 2000 2001 2002 2003 2004 2005 2006 2007 2008 2009 2010 2011 2012 2013 2014 2015 2016 2017 2018 2019 2020 2021 2022
reclasobs
 0 0 0 370054 412103 1.49427e+06 250295 1.28982e+06 931140 785840 897777 1.04006e+06 184774 17550 25797 100020 73551 82996 120727 218422 84188 347160 605670 569463 516374 1.08416e+06
reclaspred
 375908 103923 320794 238978 357574 427496 947447 634130 709457 643713 506601 339814 208756 97537 69521.7 71918.1 90746.3 123884 129530 187930 272486 245601 430095 598140 716195 644545
pelacesobs
 0 0 0 0 0 0 0 0 0 2.06254e+06 1.5e+06 0 1.87456e+06 323000 250000 174000 83755 137374 0 501740 490994 745055 786931 1.00524e+06 1.33801e+06 1.41789e+06
pelacespred
 1.06776e+06 258860 498232 560492 717291 719348 1.81237e+06 1.5127e+06 1.49676e+06 1.37222e+06 973684 673840 412193 161005 112950 124889 164463 226990 245162 344791 554264 490678 701390 1.08796e+06 1.30554e+06 1.30819e+06
mphobs
 0 0 0 0 0 112323 0 153150 637223 0 255016 313432 73983 77613 109348 50772 17779 17303 59886 28197 0 207744 136588 643089 65757 0
mphpred
 679610 415249 514868 639271 690277 1.09424e+06 1.65797e+06 1.96205e+06 1.68679e+06 1.70982e+06 1.60165e+06 1.12796e+06 695096 367973 179787 157247 192961 267921 331210 376916 571572 674941 840441 1.22506e+06 1.83939e+06 1.91323e+06
desembarqueobs
 350755 77701 442110 56441 14545 235359 269955 359681 431902 328805 639364 411747 362871 311530 167758 66681 60226 58785 57116 73181 50977 67692 138656 160484 209506 203330
desembarquepred
 350761 77701 442108 56442.1 14545.1 235394 269982 359684 431933 328826 639580 411995 363203 311973 167800 66692 60244.2 58786.2 57112.4 73179.6 50977.2 67686.8 138656 160486 209498 203324
Reclutas
 51067.8 65906.5 39781.1 65704.9 113032 81382.9 130335 122660 148936 146215 68131.4 40209.3 42983.5 23665 18456.8 22986.1 18937.5 21082.9 23472.7 43925.2 54257.1 67047.1 116173 163707 63668 68597.9
log_desv_Rt
 -0.106759 0.148324 -0.356522 0.145261 0.687755 0.359252 0.830191 0.769499 0.963606 0.945165 0.181525 -0.345815 -0.279096 -0.875916 -1.12448 -0.905023 -1.09877 -0.991453 -0.884076 -0.257425 -0.0461798 0.165482 0.715168 1.05817 0.113768 0.188349
SSB
 679610 415249 514868 639271 690277 1.09424e+06 1.65797e+06 1.96205e+06 1.68679e+06 1.70982e+06 1.60165e+06 1.12796e+06 695096 367973 179787 157247 192961 267921 331210 376916 571572 674941 840441 1.22506e+06 1.83939e+06 1.91323e+06
BT
 2.19885e+06 595189 1.13439e+06 1.06349e+06 1.29551e+06 1.47354e+06 3.42873e+06 3.11729e+06 3.07567e+06 2.77503e+06 2.32357e+06 1.5871e+06 1.09601e+06 589360 345334 278845 343920 453489 488320 677249 1.03396e+06 942357 1.35249e+06 2.07809e+06 2.49887e+06 2.52145e+06
Ftot
 0.444732 0.369387 0.538867 0.102915 0.0197177 0.191185 0.119393 0.233591 0.260773 0.20713 0.426814 0.395998 0.628592 1.10017 1.0242 0.402905 0.286987 0.194419 0.166125 0.174374 0.0795209 0.105039 0.126693 0.116443 0.0975894 0.104414
BD_Bspro_t
 0.945728 0.749859 0.710619 0.588286 0.7213 0.842999 0.814401 0.821712 0.773692 0.740837 0.707091 0.558886 0.445316 0.334086 0.217181 0.23273 0.347508 0.511775 0.619298 0.698566 0.793144 0.855247 0.859392 0.86622 0.878162 0.848601
BD_Bspro
 0.579077 0.353822 0.438705 0.544705 0.588166 0.932369 1.41271 1.67181 1.43727 1.45689 1.36472 0.961102 0.592272 0.31354 0.153192 0.133986 0.164417 0.228288 0.282215 0.32116 0.487021 0.575098 0.716117 1.04384 1.56729 1.63021
BD_Bo
 0.28725 0.175513 0.217619 0.2702 0.291759 0.462501 0.700773 0.829297 0.712954 0.72269 0.676967 0.476754 0.293796 0.155531 0.0759906 0.0664637 0.0815587 0.113242 0.139992 0.159311 0.241586 0.285277 0.355229 0.517795 0.777454 0.808662
BD_Brms
 0.99624 0.608714 0.754744 0.937107 1.01188 1.60404 2.43042 2.87616 2.47266 2.50643 2.34785 1.65347 1.01894 0.539411 0.26355 0.230509 0.282861 0.392745 0.48552 0.552521 0.837868 0.989395 1.232 1.79582 2.69636 2.8046
S_f
 0.185497 1 1 1 1
 0.185497 1 1 1 1
 0.185497 1 1 1 1
 0.185497 1 1 1 1
 0.185497 1 1 1 1
 0.185497 1 1 1 1
 0.185497 1 1 1 1
 0.185497 1 1 1 1
 0.185497 1 1 1 1
 0.185497 1 1 1 1
 0.185497 1 1 1 1
 0.185497 1 1 1 1
 0.185497 1 1 1 1
 0.185497 1 1 1 1
 0.185497 1 1 1 1
 0.185497 1 1 1 1
 0.185497 1 1 1 1
 0.185497 1 1 1 1
 0.185497 1 1 1 1
 0.185497 1 1 1 1
 0.185497 1 1 1 1
 0.185497 1 1 1 1
 0.185497 1 1 1 1
 0.185497 1 1 1 1
 0.185497 1 1 1 1
 0.185497 1 1 1 1
Scru_reclas
 1 1 1 1 1
 1 1 1 1 1
 1 1 1 1 1
 1 1 1 1 1
 1 1 1 1 1
 1 1 1 1 1
 1 1 1 1 1
 1 1 1 1 1
 1 1 1 1 1
 1 1 1 1 1
 1 1 1 1 1
 1 1 1 1 1
 1 1 1 1 1
 1 1 1 1 1
 1 1 1 1 1
 1 1 1 1 1
 1 1 1 1 1
 1 1 1 1 1
 1 1 1 1 1
 1 1 1 1 1
 1 1 1 1 1
 1 1 1 1 1
 1 1 1 1 1
 1 1 1 1 1
 1 1 1 1 1
 1 1 1 1 1
Scru_pelaces
 1 1 1 1 1
 1 1 1 1 1
 1 1 1 1 1
 1 1 1 1 1
 1 1 1 1 1
 1 1 1 1 1
 1 1 1 1 1
 1 1 1 1 1
 1 1 1 1 1
 1 1 1 1 1
 1 1 1 1 1
 1 1 1 1 1
 1 1 1 1 1
 1 1 1 1 1
 1 1 1 1 1
 1 1 1 1 1
 1 1 1 1 1
 1 1 1 1 1
 1 1 1 1 1
 1 1 1 1 1
 1 1 1 1 1
 1 1 1 1 1
 1 1 1 1 1
 1 1 1 1 1
 1 1 1 1 1
 1 1 1 1 1
pf_obs 
 0.256992 0.487395 0.22802 0.0275931 0
 0.321318 0.546541 0.124235 0.00734118 0.000564706
 0.182869 0.594174 0.210203 0.0122559 0.00049798
 0.330522 0.361315 0.267642 0.0388342 0.00168674
 0.649043 0.306663 0.0425973 0.00169635 0
 0.582887 0.30429 0.105238 0.00758474 0
 0.465427 0.430635 0.0974691 0.00646863 0
 0.296916 0.608066 0.0921331 0.00288517 0
 0.311714 0.524322 0.152257 0.0117073 0
 0.15457 0.633149 0.183074 0.0267441 0.00246327
 0.131901 0.49318 0.331252 0.0422183 0.00144891
 0.196976 0.569456 0.194076 0.0375587 0.00193317
 0.518974 0.381816 0.0799577 0.0180837 0.00116848
 0.0928022 0.601141 0.25162 0.0475244 0.00691264
 0.122501 0.610282 0.24278 0.0234846 0.000952079
 0.383417 0.481906 0.127806 0.00687128 0
 0.0376549 0.599619 0.316969 0.0457579 0
 0.0361596 0.667082 0.258105 0.0386534 0
 0.158088 0.579412 0.248529 0.0139706 0
 0.0477256 0.309471 0.559284 0.082774 0.000745712
 0.0406174 0.521527 0.379366 0.0568643 0.0016247
 0.151134 0.462217 0.34131 0.0453401 0
 0.294876 0.26143 0.354403 0.0886775 0.000613685
 0.281977 0.475581 0.204845 0.0348837 0.00271318
 0.0841818 0.532909 0.334909 0.0458182 0.00218182
 0.115287 0.27431 0.454777 0.147771 0.00785563
pf_pred 
 0.338618 0.465595 0.174978 0.0207974 1.14532e-05
 0.314974 0.529487 0.109496 0.0411501 0.00489369
 0.177942 0.613801 0.160971 0.0332881 0.0139979
 0.29835 0.421828 0.208933 0.0547933 0.0160958
 0.317782 0.481744 0.120524 0.0596959 0.0202543
 0.171534 0.594024 0.16555 0.0414177 0.0274747
 0.262152 0.405369 0.238393 0.0664385 0.0276479
 0.207034 0.530677 0.144099 0.0847435 0.0334456
 0.240629 0.463718 0.19786 0.0537268 0.0440662
 0.214223 0.517435 0.163866 0.0699186 0.0345575
 0.114594 0.547136 0.222752 0.0705428 0.0449761
 0.111835 0.408868 0.296181 0.120582 0.0625338
 0.192739 0.363124 0.204459 0.148109 0.0915693
 0.172371 0.525455 0.135925 0.0765332 0.0897163
 0.246689 0.496893 0.162797 0.0421123 0.0515076
 0.325091 0.503 0.113393 0.0371511 0.0213645
 0.217516 0.593392 0.140927 0.0317698 0.0163945
 0.228732 0.48696 0.215603 0.0512045 0.0175
 0.225356 0.492854 0.177915 0.0787725 0.0251018
 0.325244 0.424206 0.159408 0.0575448 0.033597
 0.265688 0.541889 0.120973 0.0454592 0.0259913
 0.245528 0.504879 0.184188 0.0411187 0.0242861
 0.309083 0.447716 0.162746 0.0593724 0.021083
 0.287616 0.512059 0.129811 0.0471866 0.0233273
 0.0967135 0.629231 0.19699 0.0499385 0.0271269
 0.138005 0.324455 0.374451 0.117228 0.0458611
pobs_RECLAS
 0 0 0 0 0
 0 0 0 0 0
 0 0 0 0 0
 0 0 0 0 0
 0.835266 0.146461 0.0176864 0.000547809 3.91292e-05
 0.385257 0.428462 0.181853 0.0044286 0
 0.867414 0.0963971 0.0333333 0.00285562 0
 0.441836 0.489002 0.0689373 0.000224442 0
 0.779404 0.147425 0.0564933 0.0165055 0.000172143
 0.814271 0.122319 0.05973 0.00367925 0
 0.40263 0.566651 0.0304383 0.000280538 0
 0.475488 0.404961 0.113038 0.00651328 0
 0.955842 0.0263864 0.0167828 0.000988607 0
 0.975058 0.0227948 0.00214734 0 0
 0.738997 0.206755 0.0527124 0.00153531 0
 0.850938 0.134255 0.0134407 0.00136685 0
 0.542534 0.407297 0.0501686 0 0
 0.764087 0.199537 0.0359546 0.000420521 0
 0.470689 0.182191 0.310203 0.0369168 0
 0.84361 0.089868 0.0606195 0.00523954 0.000663233
 0.607945 0.314616 0.071237 0.00620181 0
 0.523733 0.453247 0.0230204 0 0
 0.530135 0.295979 0.169645 0.0042399 0
 0.562478 0.366248 0.0663022 0.0049721 0
 0.250443 0.683176 0.0655157 0.000865301 0
 0.195077 0.31981 0.436473 0.0351445 0.0134964
ppred_RECLAS
 0.7396 0.183315 0.0688925 0.00818838 4.50937e-06
 0.717169 0.218612 0.045208 0.0169899 0.00202049
 0.547602 0.337789 0.0885861 0.0183192 0.00770339
 0.697372 0.181938 0.0901147 0.0236328 0.00694226
 0.715384 0.20098 0.0502816 0.0249047 0.00844993
 0.530053 0.336959 0.0939082 0.0234942 0.015585
 0.658381 0.187683 0.110375 0.0307606 0.0128008
 0.58782 0.275844 0.0749023 0.0440493 0.0173849
 0.634234 0.223359 0.0953033 0.0258786 0.0212254
 0.597846 0.264819 0.0838651 0.0357838 0.0176862
 0.417572 0.359911 0.146528 0.0464037 0.0295856
 0.410316 0.271462 0.196645 0.0800587 0.0415184
 0.573774 0.191726 0.107952 0.0781999 0.0483476
 0.55318 0.283683 0.0733829 0.0413188 0.048436
 0.658478 0.225272 0.073806 0.0190921 0.0233516
 0.727017 0.20345 0.0458647 0.0150267 0.00864139
 0.603783 0.300469 0.0713598 0.0160869 0.00830151
 0.617718 0.241364 0.106864 0.0253797 0.00867395
 0.612754 0.246378 0.0889402 0.0393785 0.0125484
 0.723992 0.173521 0.0652058 0.0235387 0.0137428
 0.661974 0.249448 0.0556874 0.0209263 0.0119646
 0.638184 0.242121 0.0883296 0.0197189 0.0116467
 0.708251 0.189054 0.0687217 0.0250708 0.00890257
 0.686487 0.225352 0.0571285 0.0207664 0.0102661
 0.367119 0.440866 0.13802 0.0349891 0.0190062
 0.464586 0.20153 0.232584 0.0728141 0.0284859
pobs_PELACES
 0 0 0 0 0
 0 0 0 0 0
 0 0 0 0 0
 0 0 0 0 0
 0 0 0 0 0
 0 0 0 0 0
 0 0 0 0 0
 0 0 0 0 0
 0 0 0 0 0
 0 0 0 0 0
 0.450072 0.473896 0.0757376 0.000293798 0
 0 0 0 0 0
 0.463077 0.371075 0.160297 0.00555027 0
 0.529543 0.364841 0.0842815 0.0213345 0
 0.631943 0.363953 0.00410389 0 0
 0.735681 0.248677 0.0153453 0.000297389 0
 0.695825 0.281241 0.0229344 0 0
 0.275771 0.60734 0.115278 0.00161068 0
 0 0 0 0 0
 0.896147 0.0623911 0.0374545 0.00400742 0
 0.803859 0.145111 0.0509908 3.86294e-05 0
 0.739449 0.233085 0.0266225 0.000797448 4.60066e-05
 0.878498 0.100942 0.0204185 0.000141795 0
 0.694673 0.275183 0.0284847 0.00165964 0
 0.469039 0.446079 0.0841089 0.000773354 0
 0.822795 0.102175 0.0682046 0.00682512 0
ppred_PELACES
 0.761955 0.167577 0.0629781 0.00748542 4.12224e-06
 0.736867 0.203387 0.0420595 0.0158066 0.00187977
 0.583177 0.311227 0.0816201 0.0168787 0.00709763
 0.703178 0.178448 0.0883858 0.0231794 0.00680908
 0.716462 0.200219 0.0500912 0.0248104 0.00841793
 0.542831 0.327797 0.0913548 0.0228554 0.0151612
 0.665561 0.183738 0.108055 0.0301141 0.0125317
 0.602944 0.265722 0.072154 0.042433 0.016747
 0.650336 0.213526 0.0911079 0.0247393 0.020291
 0.611155 0.256055 0.0810896 0.0345995 0.0171009
 0.445708 0.342524 0.139449 0.044162 0.0281564
 0.436293 0.259504 0.187982 0.076532 0.0396895
 0.61449 0.173411 0.0976403 0.0707299 0.0437292
 0.624627 0.238321 0.0616488 0.0347118 0.040691
 0.717442 0.186379 0.0610633 0.0157958 0.0193199
 0.747974 0.187832 0.0423436 0.0138731 0.00797799
 0.622081 0.286593 0.0680642 0.015344 0.00791813
 0.62998 0.233622 0.103437 0.0245656 0.00839573
 0.623295 0.239672 0.0865193 0.0383066 0.0122069
 0.733259 0.167695 0.0630166 0.0227484 0.0132814
 0.66674 0.245931 0.0549022 0.0206312 0.0117959
 0.644678 0.237775 0.0867444 0.0193651 0.0114376
 0.715237 0.184527 0.067076 0.0244704 0.00868939
 0.693183 0.220539 0.0559083 0.0203228 0.0100468
 0.373234 0.436606 0.136686 0.034651 0.0188226
 0.471573 0.1989 0.229549 0.0718638 0.0281141
pobs_pel_tallas
 0 0 0 0 0 0 0 0 0 0 0 0 0 0 0 0 0 0 0 0 0 0 0 0 0 0 0 0 0 0 0 0 0 0 0 0
 0 0 0 0 0 0 0 0 0 0 0 0 0 0 0 0 0 0 0 0 0 0 0 0 0 0 0 0 0 0 0 0 0 0 0 0
 0 0 0 0 0 0 0 0 0 0 0 0 0 0 0 0 0 0 0 0 0 0 0 0 0 0 0 0 0 0 0 0 0 0 0 0
 0 0 0 0 0 0 0 0 0 0 0 0 0 0 0 0 0 0 0 0 0 0 0 0 0 0 0 0 0 0 0 0 0 0 0 0
 0 0 0 0 0 0 0 0 0 0 0 0 0 0 0 0 0 0 0 0 0 0 0 0 0 0 0 0 0 0 0 0 0 0 0 0
 0 0 0 0 0 0 0 0 0 0 0 0 0 0 0 0 0 0 0 0 0 0 0 0 0 0 0 0 0 0 0 0 0 0 0 0
 0 0 0 0 0 0 0 0 0 0 0 0 0 0 0 0 0 0 0 0 0 0 0 0 0 0 0 0 0 0 0 0 0 0 0 0
 0 0 0 0 0 0 0 0 0 0 0 0 0 0 0 0 0 0 0 0 0 0 0 0 0 0 0 0 0 0 0 0 0 0 0 0
 0 0 0 0 0 0 0 0 0 0 0 0 0 0 0 0 0 0 0 0 0 0 0 0 0 0 0 0 0 0 0 0 0 0 0 0
 0 0 0 0 0 0 0 0 0 0 0 0 0 0 0 0 0 0 0 0 0 0 0 0 0 0 0 0 0 0 0 0 0 0 0 0
 0 0 0 0 0 0 0 0 1.78061e-05 0.00172719 0.00360574 0.0105946 0.0120993 0.0124554 0.0147524 0.0171206 0.0266825 0.0428682 0.0675386 0.121331 0.153587 0.119568 0.100827 0.0573624 0.0630603 0.0341343 0.0324427 0.0444173 0.0211091 0.0280891 0.0125444 0.00206551 0 0 0 0
 0 0 0 0 0 0 0 0 0 0 0 0 0 0 0 0 0 0 0 0 0 0 0 0 0 0 0 0 0 0 0 0 0 0 0 0
 0 0 0 0 0 0 0.0133647 0.0140871 0.0187388 0.0205184 0.03894 0.0496705 0.03968 0.0493445 0.0407372 0.0367815 0.0215668 0.0243155 0.0234873 0.0199281 0.019796 0.0243948 0.0301388 0.0376714 0.0412746 0.0863199 0.0771752 0.113111 0.0741005 0.0525337 0.0229764 0.00759418 0.00175318 0 0 0
 0 0 0 0 0 0 0 0 0 0 0.00219441 0.00772107 0.0458388 0.0604681 0.0671733 0.0775358 0.0609151 0.0617685 0.073594 0.0568108 0.0755445 0.0548602 0.0670107 0.0636378 0.0643287 0.046367 0.0373049 0.0286899 0.0247887 0.0153202 0.00654259 0.00121912 0.000365735 0 0 0
 0 0 0 0 0 0 0 0 0 0 0 0 0.000112435 0.00938835 0.0111873 0.0202946 0.0414886 0.0713402 0.111592 0.104902 0.108894 0.110636 0.117776 0.105296 0.107544 0.0401394 0.0192827 0.0124803 0.00416011 0.0028671 0.000618394 0 0 0 0 0
 0 0 0 0 0 0 0 0 0 0 0.00291406 0.0102884 0.027416 0.0768956 0.0749926 0.110853 0.0956884 0.0897413 0.0766577 0.0534642 0.0500743 0.0551293 0.0594112 0.0620874 0.0668451 0.0424026 0.0208742 0.0120726 0.0048766 0.00582813 0.00118941 0.000297354 0 0 0 0
 0 0.00264628 0.0354308 0.0461629 0.0458689 0.0383711 0.0214643 0.0164657 0.0346957 0.0420465 0.0363128 0.0245516 0.0311673 0.0291091 0.0169068 0.0133784 0.00837989 0.0085269 0.0148486 0.0160247 0.0276389 0.0546898 0.0760071 0.122758 0.109233 0.0665981 0.0333725 0.0166128 0.00676272 0.00308733 0.000882094 0 0 0 0 0
 0 0 0 0 0 0 0 0.000805153 0.000690131 0.00759144 0.0133425 0.0154129 0.00931677 0.000345066 0.00356568 0.00563607 0.00851162 0.0253048 0.0502646 0.0516448 0.0657925 0.0565908 0.0611916 0.0827007 0.0866115 0.110766 0.145733 0.0935128 0.0569358 0.0249597 0.0138026 0.00621118 0.00161031 0.00115022 0 0
 0 0 0 0 0 0 0 0 0 0 0 0 0 0 0 0 0 0 0 0 0 0 0 0 0 0 0 0 0 0 0 0 0 0 0 0
 0.00147267 0.00158595 0.00478618 0.00569244 0.00954404 0.0108468 0.00647125 0.017049 0.0510054 0.094081 0.124002 0.0959785 0.0687766 0.0820023 0.061753 0.0591476 0.0492212 0.0479892 0.0443925 0.0268479 0.0217502 0.0140895 0.0121071 0.0120363 0.00920419 0.00665534 0.0049561 0.00860946 0.00930331 0.0156896 0.0114698 0.00855282 0.00243557 0.00046729 0 2.83206e-05
 0 0 0 0 0.000772559 0.00158375 0.000888443 0.00281984 0.00712685 0.0440552 0.0773331 0.111326 0.0921469 0.0852325 0.0710754 0.0886704 0.0786465 0.0553345 0.0373146 0.0185414 0.00753245 0.00457741 0.012979 0.0271748 0.0457355 0.0583668 0.034881 0.0177882 0.00938659 0.00492506 0.0015258 0.00185414 0.000309023 5.79419e-05 3.86279e-05 0
 0 0.00173294 0.00326652 0 0.00397197 0.00683976 0.00946217 0.0152591 0.00757587 0.0136028 0.0228656 0.0392903 0.0559909 0.0764795 0.0681675 0.0726916 0.0566044 0.0477403 0.0527397 0.0444891 0.0609904 0.0582453 0.0661739 0.0445044 0.0529084 0.0360697 0.0280645 0.0235558 0.0158879 0.00826598 0.00280645 0.00217768 0.000904811 0.00058276 9.20147e-05 0
 0 0 0 0 0 0 0 0 0 0 0 0 0 0 0 0 0 0 0 0 0 0 0 0 0 0 0 0 0 0 0 0 0 0 0 0
 0 0 0 0 0 0 0 0 0 0 0 0 0 0 0 0 0 0 0 0 0 0 0 0 0 0 0 0 0 0 0 0 0 0 0 0
 0 0 0 0 0 0 0 0 0 0 0 0 0 0 0 0 0 0 0 0 0 0 0 0 0 0 0 0 0 0 0 0 0 0 0 0
 0 0 0 0 0 0 0 0 0 0 0 0 0 0 0 0 0 0 0 0 0 0 0 0 0 0 0 0 0 0 0 0 0 0 0 0
ppred_pel_tallas
 1.01207e-16 3.32444e-05 0.000195119 0.000927513 0.00357098 0.0111358 0.0281281 0.0575537 0.0954015 0.128121 0.139419 0.122974 0.08802 0.0513514 0.0248891 0.0109089 0.00578063 0.00523034 0.0066377 0.00884757 0.0113789 0.0139315 0.0162245 0.0179945 0.0190417 0.019271 0.01871 0.0174926 0.0158196 0.0139076 0.0119456 0.0100695 0.00835689 0.00683855 0.00551561 0.00437612
 1.01295e-16 3.21518e-05 0.000188702 0.000896997 0.00345347 0.0107693 0.0272025 0.0556602 0.092264 0.123911 0.134847 0.118964 0.0851981 0.049803 0.024321 0.0109696 0.0062535 0.00604875 0.00781796 0.0104228 0.0133569 0.0162721 0.0188315 0.0207227 0.0217159 0.0217156 0.0207794 0.0190962 0.0169329 0.0145694 0.0122421 0.0101112 0.0082556 0.00668886 0.00538464 0.00430123
 1.02172e-16 2.54547e-05 0.000149374 0.000710002 0.00273346 0.00852397 0.0215311 0.0440568 0.0730345 0.0980998 0.106795 0.0943039 0.0677302 0.0399807 0.0202502 0.0103644 0.00762762 0.00882789 0.0119671 0.0160903 0.0206673 0.0252243 0.0292565 0.0322842 0.0339501 0.0340985 0.0328059 0.030348 0.0271213 0.0235451 0.0199765 0.0166615 0.0137272 0.0112047 0.00906622 0.00726078
 1.02428e-16 3.06819e-05 0.000180074 0.000855984 0.00329557 0.0102769 0.0259587 0.0531152 0.0880449 0.118244 0.128678 0.113516 0.0812861 0.0474953 0.0231567 0.0103853 0.00584717 0.00561303 0.00727459 0.00976678 0.0126348 0.0155784 0.0183057 0.0205357 0.022048 0.0227252 0.0225724 0.0217019 0.0202938 0.0185469 0.0166365 0.0146911 0.0127899 0.0109743 0.00926559 0.00767871
 1.02023e-16 3.12619e-05 0.000183478 0.000872161 0.00335785 0.0104711 0.0264493 0.054119 0.0897094 0.120481 0.131115 0.115674 0.0828477 0.0484407 0.0236779 0.0107183 0.00616707 0.00601866 0.00781034 0.0104394 0.0134166 0.0164048 0.0190762 0.0211236 0.0223182 0.0225585 0.0218894 0.0204809 0.0185778 0.0164374 0.0142761 0.0122404 0.0104028 0.00877812 0.00734884 0.00608736
 1.02898e-16 2.36961e-05 0.000139048 0.000660908 0.00254443 0.00793448 0.0200421 0.0410104 0.0679856 0.0913217 0.0994261 0.0878197 0.0631233 0.0373624 0.0191114 0.0100886 0.00780405 0.00928338 0.0126718 0.0170699 0.0219548 0.0268384 0.0311933 0.0345154 0.0364269 0.0367591 0.0355846 0.0331827 0.0299584 0.0263397 0.0226904 0.0192601 0.0161776 0.0134752 0.0111283 0.00909202
 1.03215e-16 2.90419e-05 0.000170445 0.000810206 0.00311931 0.00972726 0.0245703 0.0502745 0.0833367 0.111922 0.121803 0.107462 0.0769739 0.0450225 0.0220394 0.010036 0.00586768 0.00582565 0.00763782 0.010298 0.01337 0.0165564 0.0195601 0.0220914 0.0239167 0.0249038 0.0250405 0.0244214 0.0232095 0.0215886 0.0197231 0.0177361 0.0157089 0.0136919 0.0117219 0.00983358
 1.03352e-16 2.63147e-05 0.000154427 0.000734036 0.00282601 0.0088126 0.0222601 0.0455481 0.075505 0.101413 0.110389 0.0974463 0.0699193 0.0411366 0.0205843 0.0101263 0.00695323 0.00773032 0.010395 0.0139887 0.0180208 0.0220847 0.0257548 0.0286258 0.030392 0.0309134 0.03024 0.0285848 0.0262575 0.0235839 0.0208371 0.0182005 0.0157647 0.0135496 0.0115379 0.00970352
 1.03162e-16 2.83791e-05 0.000166552 0.00079169 0.00304801 0.0095049 0.0240087 0.0491256 0.0814332 0.109369 0.119032 0.105035 0.0752751 0.0441085 0.0217398 0.010148 0.00627237 0.00649617 0.00859578 0.0115697 0.0149569 0.018418 0.0216085 0.0241972 0.0259265 0.026665 0.0264285 0.0253611 0.0236859 0.0216443 0.0194446 0.0172337 0.0150952 0.0130648 0.0111538 0.00936786
 1.03223e-16 2.66724e-05 0.000156528 0.000744026 0.00286448 0.00893256 0.0225631 0.046168 0.0765322 0.102792 0.111887 0.098761 0.0708468 0.0416507 0.0207831 0.010128 0.00683247 0.00751323 0.0100803 0.0135684 0.0174928 0.0214591 0.0250562 0.0278909 0.0296646 0.0302362 0.0296472 0.0280954 0.0258734 0.0232914 0.0206124 0.0180159 0.0155953 0.0133775 0.0113542 0.00950794
 1.04925e-16 1.94617e-05 0.000114187 0.000542714 0.00208935 0.00651531 0.0164574 0.0336761 0.0558294 0.0750004 0.0816762 0.0721889 0.0519912 0.030981 0.016232 0.00919559 0.00787078 0.00985244 0.0136371 0.0184767 0.0238952 0.0294097 0.034479 0.0385739 0.0412838 0.0424012 0.0419565 0.0401858 0.0374523 0.0341474 0.0306078 0.02707 0.0236665 0.0204517 0.0174393 0.0146337
 1.07238e-16 1.90479e-05 0.000111764 0.000531214 0.0020451 0.00637735 0.0161088 0.0329622 0.054644 0.073402 0.0799197 0.0705992 0.0507651 0.0300887 0.015471 0.00830796 0.0066203 0.00804755 0.0111377 0.0152133 0.0199019 0.0248535 0.0296704 0.0339465 0.0373401 0.0396351 0.0407685 0.0408138 0.039933 0.0383178 0.0361415 0.0335376 0.0306041 0.0274216 0.0240755 0.0206671
 1.05917e-16 2.68144e-05 0.000157369 0.000748043 0.00287997 0.0089809 0.0226851 0.046417 0.0769426 0.103336 0.112461 0.0992236 0.0710829 0.0415974 0.0204019 0.00935935 0.00557347 0.00562922 0.00743939 0.0100865 0.0131797 0.0164548 0.0196465 0.0224918 0.0247736 0.0263602 0.0272203 0.0274095 0.0270358 0.0262179 0.0250536 0.0236073 0.0219155 0.0200051 0.0179112 0.0156892
 1.04047e-16 2.7259e-05 0.000159974 0.000760412 0.00292758 0.00912933 0.0230601 0.0471847 0.0782169 0.105052 0.114341 0.100914 0.0723607 0.0424793 0.0210824 0.0100843 0.00655801 0.00703736 0.00938497 0.0126234 0.0162792 0.0199832 0.023357 0.0260408 0.0277637 0.0284011 0.0279957 0.0267322 0.0248783 0.0227118 0.0204612 0.0182735 0.0162143 0.0142896 0.0124778 0.0107564
 1.02374e-16 3.13041e-05 0.000183727 0.000873347 0.00336242 0.0104854 0.0264853 0.0541926 0.089831 0.120643 0.131289 0.115819 0.0829365 0.0484612 0.0236297 0.010599 0.00596523 0.0057155 0.00738647 0.00988304 0.0127313 0.0156155 0.0182307 0.02029 0.0215756 0.021985 0.0215485 0.0204111 0.0187864 0.0169015 0.0149488 0.0130598 0.0113028 0.0096974 0.00823662 0.0069065
 1.01512e-16 3.26355e-05 0.000191543 0.000910506 0.00350549 0.0109316 0.0276123 0.0564985 0.0936529 0.125775 0.136871 0.120739 0.0864467 0.0504872 0.02457 0.0109382 0.00603606 0.0056727 0.00727313 0.00969082 0.01243 0.0151639 0.0175814 0.019394 0.0203888 0.0204753 0.0197026 0.0182398 0.0163272 0.014217 0.0121215 0.0101843 0.00847583 0.00700841 0.00575984 0.00469562
 1.01957e-16 2.715e-05 0.000159329 0.000757338 0.00291572 0.00909235 0.0229667 0.0469941 0.0779023 0.104634 0.113897 0.100548 0.0721562 0.042475 0.0212948 0.010541 0.00731616 0.00817776 0.0109903 0.0147507 0.0189314 0.0230863 0.0267492 0.0294793 0.0309503 0.0310233 0.0297738 0.0274618 0.0244577 0.0211518 0.0178746 0.0148522 0.0121984 0.00993671 0.00803547 0.00644156
 1.02781e-16 2.74924e-05 0.000161344 0.000766927 0.00295266 0.00920755 0.0232576 0.047589 0.0788869 0.105952 0.115319 0.101775 0.0729731 0.0428292 0.021239 0.0101321 0.00655633 0.00701733 0.00936266 0.012612 0.0162947 0.0200449 0.0234843 0.0262472 0.0280497 0.0287468 0.0283572 0.0270422 0.0250528 0.0226628 0.0201115 0.0175719 0.0151462 0.0128821 0.0107958 0.00889316
 1.03193e-16 2.72011e-05 0.000159633 0.000758793 0.00292134 0.00910988 0.0230109 0.0470842 0.0780504 0.104829 0.114099 0.100702 0.0722135 0.0424023 0.0210621 0.0101053 0.00661375 0.00713165 0.00952842 0.0128298 0.0165624 0.0203537 0.0238186 0.0265873 0.0283759 0.029045 0.0286236 0.0272856 0.0252938 0.0229294 0.0204324 0.0179697 0.0156318 0.0134517 0.0114319 0.00956762
 1.02352e-16 3.1993e-05 0.000187773 0.000892587 0.00343651 0.0107164 0.0270689 0.0553865 0.0918093 0.123298 0.134173 0.118351 0.0847213 0.0494482 0.0240068 0.0105918 0.0057152 0.00526939 0.00673743 0.00901063 0.0116265 0.014294 0.0167382 0.0186994 0.0199784 0.0204767 0.0202128 0.0193068 0.0179403 0.0163082 0.0145769 0.012862 0.0112265 0.00969372 0.00826614 0.00694171
 1.0212e-16 2.90957e-05 0.000170756 0.000811669 0.00312493 0.00974476 0.0246146 0.0503655 0.0834892 0.112132 0.122044 0.107705 0.0772149 0.0452974 0.0224214 0.010623 0.00676905 0.0071502 0.00947574 0.0126949 0.0162981 0.0198906 0.0230721 0.0254662 0.0267945 0.0269382 0.025961 0.0240827 0.0216159 0.0188879 0.0161743 0.0136601 0.0114356 0.00951563 0.00787107 0.00645768
 1.02509e-16 2.81334e-05 0.000165107 0.000784815 0.00302154 0.00942233 0.0238002 0.0486991 0.0807269 0.108423 0.118008 0.104145 0.074668 0.043814 0.0217081 0.0103225 0.00663229 0.00705731 0.00939009 0.0126228 0.0162699 0.0199554 0.0232928 0.0259131 0.0275344 0.0280213 0.0274089 0.0258801 0.0237085 0.021188 0.0185717 0.0160378 0.0136849 0.0115491 0.00963018 0.0079153
 1.0226e-16 3.12079e-05 0.000183162 0.000870663 0.00335209 0.0104532 0.0264039 0.0540261 0.0895549 0.120272 0.130885 0.115463 0.0826807 0.0483106 0.0235544 0.0105625 0.00594186 0.00569272 0.00736066 0.00985591 0.0127084 0.0156056 0.0182454 0.0203417 0.0216756 0.0221405 0.0217605 0.0206721 0.0190815 0.0172091 0.0152444 0.0133194 0.0115068 0.0098332 0.00829996 0.00690139
 1.02034e-16 3.02477e-05 0.000177521 0.00084384 0.0032488 0.0101311 0.0255903 0.0523617 0.0867972 0.116572 0.126868 0.111942 0.080209 0.0469662 0.0230847 0.0106656 0.00643645 0.00653048 0.00856591 0.0114653 0.0147309 0.0180005 0.0209135 0.0231312 0.0244014 0.0246131 0.0238176 0.0222052 0.0200495 0.0176385 0.0152153 0.012945 0.0109104 0.00912897 0.00758052 0.00623217
 1.04153e-16 1.63054e-05 9.56473e-05 0.000454556 0.00174988 0.00545668 0.0137835 0.0282058 0.0467652 0.0628373 0.0684662 0.0605987 0.0438295 0.0264898 0.01456 0.00932209 0.00916526 0.0121201 0.0169289 0.0229013 0.0294998 0.0361142 0.0420496 0.0466333 0.0493565 0.0499847 0.0486013 0.0455633 0.0413948 0.0366533 0.0318149 0.0272102 0.0230144 0.0192802 0.0159884 0.0130944
 1.07107e-16 2.05839e-05 0.000120788 0.000574124 0.00221033 0.00689263 0.0174103 0.0356247 0.0590555 0.0793207 0.0863451 0.0762303 0.0547167 0.032235 0.0162152 0.00813199 0.00581385 0.00668887 0.0091911 0.0126269 0.0166716 0.0210583 0.0254843 0.0296257 0.0331877 0.0359504 0.0377932 0.0386897 0.0386826 0.0378506 0.0362841 0.0340751 0.0313228 0.0281431 0.0246757 0.0210804
pSPR Fmed_Fpbrs
0.430622   0.338335 0.338335
Fs Fmed_Fpbrs
0.68   1.005 1.005
SSBpbr Bo_Bmed_Bpbrs
2.36592e+06  900519  682175 682175
Ro
56821.4
SPR SPRFo_SPRFmed_SPRFpbrs
1.17361e+06 505382 397073
log_Ro
10.7677
likeval ReclasPelacesDesembMPH_pf_preclas_ppelaces_ptallas_desvR_qrecl_qpela
 66.7934 27.4271 0.0178793 0.0032829 330.372 214.486 83.9611 0 16.2713 7.76717e-05 0 0 0 0 0
q_reclas_q_pelaces
0.286831 1
M
0.7
N
 51067.8 15170.7 5701.38 677.652 0.373185
 65906.5 23351.4 4828.97 1814.8 215.822
 39781.1 30560.8 8014.65 1657.39 696.949
 65704.9 17875.5 8853.83 2321.94 682.082
 113032 32011.1 8008.62 3966.7 1345.87
 81382.9 55924.9 15585.9 3899.31 2586.63
 130335 39005.4 22938.7 6392.85 2660.34
 122660 63304.6 17189.7 10109.1 3989.73
 148936 58328 24887.5 6757.93 5542.79
 146215 70467.2 22316.1 9521.9 4706.22
 68131.4 69871.4 28446.3 9008.6 5743.62
 40209.3 31257.7 22642.8 9218.42 4780.67
 42983.5 18553.2 10446.5 7567.36 4678.58
 23665 18995.8 4913.81 2766.76 3243.34
 18456.8 9582.32 3139.46 812.114 993.297
 22986.1 7579.5 1708.68 559.815 321.933
 18937.5 10592.6 2515.68 567.12 292.657
 21082.9 8916.57 3947.83 937.588 320.437
 23472.7 10098.6 3645.49 1614.05 514.337
 43925.2 11302.5 4247.25 1533.22 895.153
 54257.1 21118.4 4714.52 1771.62 1012.93
 67047.1 26548.8 9685.42 2162.2 1277.07
 116173 32652.2 11869.2 4330.06 1537.59
 163707 56349.9 14285.1 5192.68 2567.06
 63668 79557.6 24906.7 6314.04 3429.82
 68597.9 31049.4 35833.8 11218.3 4388.76
pred_Ctot
 2922.06 4017.79 1509.95 179.469 0.098834
 3151.37 5297.61 1095.52 411.715 48.9623
 2737.19 9441.82 2476.14 512.056 215.324
 894.506 1264.71 626.418 164.28 48.258
 296.838 449.993 112.58 55.7615 18.9194
 2043.45 7076.51 1972.17 493.403 327.302
 2055.7 3178.76 1869.4 520.988 216.805
 3750.03 9612.21 2610.09 1534.97 605.804
 5072.01 9774.34 4170.54 1132.46 928.835
 3972.35 9594.85 3038.58 1296.51 640.802
 3746.78 17889.2 7283.11 2306.48 1470.54
 2056.72 7519.35 5446.96 2217.58 1150.04
 3425.2 6453.15 3633.49 2632.07 1627.3
 3178.88 9690.52 2506.74 1411.44 1654.56
 2321.99 4677.06 1532.35 396.386 484.821
 1195.59 1849.88 417.026 136.63 78.5721
 708.237 1932.1 458.863 103.443 53.3809
 538.185 1145.77 507.292 120.479 41.1758
 513.17 1122.3 405.14 179.377 57.1606
 1007.32 1313.82 493.707 178.224 104.054
 571.839 1166.3 260.369 97.8415 55.941
 931.456 1915.35 698.753 155.992 92.1338
 1943.21 2814.8 1023.19 373.275 132.549
 2518.88 4484.5 1136.85 413.25 204.295
 822.277 5349.84 1674.85 424.587 230.638
 947.378 2227.32 2570.53 804.745 314.828
F
 0.0824964 0.444732 0.444732 0.444732 0.444732
 0.0685201 0.369387 0.369387 0.369387 0.369387
 0.0999582 0.538867 0.538867 0.538867 0.538867
 0.0190905 0.102915 0.102915 0.102915 0.102915
 0.00365758 0.0197177 0.0197177 0.0197177 0.0197177
 0.0354643 0.191185 0.191185 0.191185 0.191185
 0.0221471 0.119393 0.119393 0.119393 0.119393
 0.0433304 0.233591 0.233591 0.233591 0.233591
 0.0483725 0.260773 0.260773 0.260773 0.260773
 0.0384219 0.20713 0.20713 0.20713 0.20713
 0.0791727 0.426814 0.426814 0.426814 0.426814
 0.0734565 0.395998 0.395998 0.395998 0.395998
 0.116602 0.628592 0.628592 0.628592 0.628592
 0.204077 1.10017 1.10017 1.10017 1.10017
 0.189986 1.0242 1.0242 1.0242 1.0242
 0.0747377 0.402905 0.402905 0.402905 0.402905
 0.0532352 0.286987 0.286987 0.286987 0.286987
 0.0360642 0.194419 0.194419 0.194419 0.194419
 0.0308156 0.166125 0.166125 0.166125 0.166125
 0.0323459 0.174374 0.174374 0.174374 0.174374
 0.0147509 0.0795209 0.0795209 0.0795209 0.0795209
 0.0194845 0.105039 0.105039 0.105039 0.105039
 0.0235011 0.126693 0.126693 0.126693 0.126693
 0.0215998 0.116443 0.116443 0.116443 0.116443
 0.0181025 0.0975894 0.0975894 0.0975894 0.0975894
 0.0193685 0.104414 0.104414 0.104414 0.104414
Np
 41957.3 17291.7 6073.25 2524.81 3443.51
YTP_r0W_actual
 8526.4 56574 90739.9 33316.4 14167.2
YTP_p0W_proyectada
 42537 348067 210352 310028 155892
 42537 180139 91974.3 48830.2 73905.7
CTP_r0_actual
 947.378 2227.32 2570.53 804.745 314.828
CTP_p0_proyectada
 5187.44 16114.2 6699.09 7731.36 3503.2
 5187.44 8339.78 2929.12 1217.71 1660.8
Wmedp
 8.2 21.6 31.4 40.1 44.5
nmprior
 10.6 11 7 0
nm_flota  nm_reclas  nm_pelaces    nm_pelaL
inf 12.7833 19.3627 63.351
cv_recla  cv_pelaces  cv_mph
0.723001 0.573694 1.55942
 ------------------------------------------------
Talla a la edad & desviaci?n 
 7.2 14.2025 17.0495 18.207 18.6776
 1.08 2.13037 2.55742 2.73105 2.80164
