years
 1997 1998 1999 2000 2001 2002 2003 2004 2005 2006 2007 2008 2009 2010 2011 2012 2013 2014 2015 2016 2017 2018 2019 2020 2021 2022 2023
reclasobs
 0 0 0 370054 412103 1.49427e+06 250295 1.28982e+06 931140 785840 897777 1.04006e+06 184774 17550 25797 100020 73551 82996 120727 218422 84188 347160 605670 569463 516374 1.08416e+06 1.08416e+06
reclaspred
 378769 104685 324337 239108 356464 430308 951237 638248 714605 652045 516779 346705 211780 98642.3 70024.6 72545.8 91566.9 125341 131545 189498 276295 250083 437606 614412 798595 773112 639807
pelacesobs
 0 0 0 0 0 0 0 0 0 2.06254e+06 1.5e+06 0 1.87456e+06 323000 250000 174000 83755 137374 0 501740 490994 745055 786931 1.00524e+06 1.33801e+06 1.41789e+06 0
pelacespred
 1.05611e+06 254541 489713 547041 700036 699147 1.77659e+06 1.47925e+06 1.46905e+06 1.35093e+06 958126 662122 404621 157095 110857 122713 161729 223413 241285 339256 547787 484620 693327 1.08856e+06 1.40649e+06 1.4964e+06 1.26354e+06
mphobs
 0 0 0 0 0 112323 0 153150 637223 0 255016 313432 73983 77613 109348 50772 17779 17303 59886 28197 0 207744 136588 643089 65757 0 0
mphpred
 670360 409205 507373 626630 673179 1.06694e+06 1.61394e+06 1.91961e+06 1.65238e+06 1.67934e+06 1.57816e+06 1.10994e+06 682498 360645 175886 154737 189795 263642 326100 371181 563075 667259 830299 1.21434e+06 1.86831e+06 2.11329e+06 1.95678e+06
desembarqueobs
 350755 77701 442110 56441 14545 235359 269955 359681 431902 328805 639364 411747 362871 311530 167758 66681 60226 58785 57116 73181 50977 67692 138656 160484 209506 203330 203330
desembarquepred
 350761 77701.1 442108 56442.2 14545.1 235396 269983 359685 431934 328826 639583 411998 363203 311975 167799 66692.2 60244.7 58786.4 57112.5 73179.7 50977.3 67686.9 138656 160486 209497 203317 203323
Reclutas
 50664.3 65302.8 39205 63774.1 110489 79235.7 129090 120801 147416 145457 67774.8 40021.6 43010.3 23771.4 18491.1 22694.5 18716.7 20845.2 23203.8 43292.6 53964.1 66184.8 115262 166817 86691.9 90553.5 43154.1
log_desv_Rt
 -0.117937 0.135877 -0.374355 0.112188 0.661762 0.329268 0.817352 0.750986 0.950097 0.936722 0.173032 -0.353739 -0.28172 -0.874676 -1.12587 -0.921037 -1.11374 -1.00604 -0.898841 -0.275176 -0.0548396 0.149293 0.704047 1.07374 0.419202 0.462783 -0.278381
SSB
 670360 409205 507373 626630 673179 1.06694e+06 1.61394e+06 1.91961e+06 1.65238e+06 1.67934e+06 1.57816e+06 1.10994e+06 682498 360645 175886 154737 189795 263642 326100 371181 563075 667259 830299 1.21434e+06 1.86831e+06 2.11329e+06 1.95678e+06
BT
 2.17762e+06 587573 1.11877e+06 1.03948e+06 1.26467e+06 1.43751e+06 3.36478e+06 3.05718e+06 3.02595e+06 2.73685e+06 2.29539e+06 1.56595e+06 1.08233e+06 582053 341298 274896 339021 447086 481378 667338 1.02238e+06 931530 1.33808e+06 2.07905e+06 2.67896e+06 2.85516e+06 2.44234e+06
Ftot
 0.453321 0.375975 0.548698 0.10532 0.0202798 0.196541 0.122998 0.239164 0.266895 0.211254 0.43386 0.403078 0.642168 1.12735 1.05053 0.410391 0.292585 0.198013 0.168964 0.177508 0.0808701 0.106378 0.128479 0.1175 0.0954586 0.092693 0.102925
BD_Bspro_t
 0.944845 0.747085 0.70753 0.583537 0.716294 0.839628 0.810405 0.81855 0.770023 0.737289 0.703853 0.554746 0.440557 0.329268 0.213242 0.229476 0.343135 0.507028 0.615114 0.695047 0.790618 0.853834 0.857946 0.865302 0.880027 0.860938 0.847128
BD_Bspro
 0.56697 0.346093 0.429121 0.529985 0.569354 0.902387 1.36502 1.62355 1.39753 1.42033 1.33476 0.938754 0.577236 0.305023 0.148759 0.130872 0.160523 0.22298 0.275805 0.313934 0.476231 0.564347 0.702242 1.02705 1.58016 1.78735 1.65498
BD_Bo
 0.27387 0.167177 0.207283 0.256005 0.275022 0.43589 0.659361 0.78424 0.675066 0.686081 0.644746 0.453457 0.278829 0.147339 0.0718568 0.0632166 0.0775394 0.107709 0.133225 0.151643 0.23004 0.272603 0.339212 0.496109 0.763282 0.863366 0.799425
BD_Brms
 0.945244 0.577001 0.715424 0.883582 0.949218 1.50445 2.27574 2.70675 2.32994 2.36796 2.2253 1.56508 0.962359 0.508529 0.248009 0.218188 0.267622 0.371749 0.459818 0.523385 0.793966 0.940871 1.17077 1.71229 2.63441 2.97985 2.75916
S_f
 0.182358 1 1 1 1
 0.182358 1 1 1 1
 0.182358 1 1 1 1
 0.182358 1 1 1 1
 0.182358 1 1 1 1
 0.182358 1 1 1 1
 0.182358 1 1 1 1
 0.182358 1 1 1 1
 0.182358 1 1 1 1
 0.182358 1 1 1 1
 0.182358 1 1 1 1
 0.182358 1 1 1 1
 0.182358 1 1 1 1
 0.182358 1 1 1 1
 0.182358 1 1 1 1
 0.182358 1 1 1 1
 0.182358 1 1 1 1
 0.182358 1 1 1 1
 0.182358 1 1 1 1
 0.182358 1 1 1 1
 0.182358 1 1 1 1
 0.182358 1 1 1 1
 0.182358 1 1 1 1
 0.182358 1 1 1 1
 0.182358 1 1 1 1
 0.182358 1 1 1 1
 0.182358 1 1 1 1
Scru_reclas
 0.955006 1 1 1 1
 0.955006 1 1 1 1
 0.955006 1 1 1 1
 0.955006 1 1 1 1
 0.955006 1 1 1 1
 0.955006 1 1 1 1
 0.955006 1 1 1 1
 0.955006 1 1 1 1
 0.955006 1 1 1 1
 0.955006 1 1 1 1
 0.955006 1 1 1 1
 0.955006 1 1 1 1
 0.955006 1 1 1 1
 0.955006 1 1 1 1
 0.955006 1 1 1 1
 0.955006 1 1 1 1
 0.955006 1 1 1 1
 0.955006 1 1 1 1
 0.955006 1 1 1 1
 0.955006 1 1 1 1
 0.955006 1 1 1 1
 0.955006 1 1 1 1
 0.955006 1 1 1 1
 0.955006 1 1 1 1
 0.955006 1 1 1 1
 0.955006 1 1 1 1
 0.955006 1 1 1 1
Scru_pelaces
 1 1 1 1 1
 1 1 1 1 1
 1 1 1 1 1
 1 1 1 1 1
 1 1 1 1 1
 1 1 1 1 1
 1 1 1 1 1
 1 1 1 1 1
 1 1 1 1 1
 1 1 1 1 1
 1 1 1 1 1
 1 1 1 1 1
 1 1 1 1 1
 1 1 1 1 1
 1 1 1 1 1
 1 1 1 1 1
 1 1 1 1 1
 1 1 1 1 1
 1 1 1 1 1
 1 1 1 1 1
 1 1 1 1 1
 1 1 1 1 1
 1 1 1 1 1
 1 1 1 1 1
 1 1 1 1 1
 1 1 1 1 1
 1 1 1 1 1
pf_obs 
 0.256992 0.487395 0.22802 0.0275931 0
 0.321318 0.546541 0.124235 0.00734118 0.000564706
 0.182869 0.594174 0.210203 0.0122559 0.00049798
 0.330522 0.361315 0.267642 0.0388342 0.00168674
 0.649043 0.306663 0.0425973 0.00169635 0
 0.582887 0.30429 0.105238 0.00758474 0
 0.465427 0.430635 0.0974691 0.00646863 0
 0.296916 0.608066 0.0921331 0.00288517 0
 0.311714 0.524322 0.152257 0.0117073 0
 0.15457 0.633149 0.183074 0.0267441 0.00246327
 0.131901 0.49318 0.331252 0.0422183 0.00144891
 0.196976 0.569456 0.194076 0.0375587 0.00193317
 0.518974 0.381816 0.0799577 0.0180837 0.00116848
 0.0928022 0.601141 0.25162 0.0475244 0.00691264
 0.122501 0.610282 0.24278 0.0234846 0.000952079
 0.383417 0.481906 0.127806 0.00687128 0
 0.0376549 0.599619 0.316969 0.0457579 0
 0.0361596 0.667082 0.258105 0.0386534 0
 0.158088 0.579412 0.248529 0.0139706 0
 0.0477256 0.309471 0.559284 0.082774 0.000745712
 0.0406174 0.521527 0.379366 0.0568643 0.0016247
 0.151134 0.462217 0.34131 0.0453401 0
 0.294876 0.26143 0.354403 0.0886775 0.000613685
 0.281977 0.475581 0.204845 0.0348837 0.00271318
 0.0841818 0.532909 0.334909 0.0458182 0.00218182
 0.115287 0.27431 0.454777 0.147771 0.00785563
 0 0 0 0 0
pf_pred 
 0.33702 0.466746 0.17538 0.0208422 1.16857e-05
 0.312369 0.533295 0.108655 0.040827 0.00485463
 0.175568 0.616945 0.160917 0.0327856 0.013784
 0.292401 0.426525 0.210335 0.0548614 0.015877
 0.315044 0.482222 0.122204 0.0602631 0.0202672
 0.169051 0.596596 0.164989 0.0418111 0.0275529
 0.262722 0.405486 0.238217 0.065879 0.0276966
 0.204903 0.535945 0.142528 0.083733 0.0328917
 0.239428 0.465732 0.19874 0.0528524 0.043247
 0.213335 0.520468 0.163005 0.0695583 0.0336344
 0.113709 0.550628 0.222079 0.0695527 0.0440315
 0.111148 0.41195 0.296286 0.119498 0.0611182
 0.192928 0.365893 0.20447 0.147061 0.0896483
 0.173207 0.529938 0.134582 0.0752075 0.0870656
 0.247424 0.503049 0.159936 0.0406169 0.0489742
 0.321195 0.510616 0.112423 0.0357431 0.0200222
 0.215351 0.595553 0.142243 0.0313179 0.0155346
 0.226572 0.489672 0.215373 0.05144 0.0169435
 0.223006 0.495574 0.178172 0.0783658 0.0248821
 0.321566 0.427338 0.160151 0.0575787 0.0333659
 0.264358 0.54316 0.121242 0.0454373 0.0258023
 0.241776 0.509233 0.183842 0.0410365 0.0241123
 0.306492 0.449002 0.164213 0.0592839 0.0210087
 0.290032 0.511178 0.128704 0.0470709 0.0230155
 0.124181 0.61553 0.187408 0.0471855 0.0256951
 0.153161 0.379598 0.32838 0.0999806 0.0388812
 0.0858527 0.46493 0.201363 0.174194 0.0736611
pobs_RECLAS
 0 0 0 0 0
 0 0 0 0 0
 0 0 0 0 0
 0 0 0 0 0
 0.835266 0.146461 0.0176864 0.000547809 3.91292e-05
 0.385257 0.428462 0.181853 0.0044286 0
 0.867414 0.0963971 0.0333333 0.00285562 0
 0.441836 0.489002 0.0689373 0.000224442 0
 0.779404 0.147425 0.0564933 0.0165055 0.000172143
 0.814271 0.122319 0.05973 0.00367925 0
 0.40263 0.566651 0.0304383 0.000280538 0
 0.475488 0.404961 0.113038 0.00651328 0
 0.955842 0.0263864 0.0167828 0.000988607 0
 0.975058 0.0227948 0.00214734 0 0
 0.738997 0.206755 0.0527124 0.00153531 0
 0.850938 0.134255 0.0134407 0.00136685 0
 0.542534 0.407297 0.0501686 0 0
 0.764087 0.199537 0.0359546 0.000420521 0
 0.470689 0.182191 0.310203 0.0369168 0
 0.84361 0.089868 0.0606195 0.00523954 0.000663233
 0.607945 0.314616 0.071237 0.00620181 0
 0.523733 0.453247 0.0230204 0 0
 0.530135 0.295979 0.169645 0.0042399 0
 0.562478 0.366248 0.0663022 0.0049721 0
 0.250443 0.683176 0.0655157 0.000865301 0
 0.195077 0.31981 0.436473 0.0351445 0.0134964
 0.195077 0.31981 0.436473 0.0351445 0.0134964
ppred_RECLAS
 0.732741 0.188154 0.0706987 0.00840188 4.71071e-06
 0.708884 0.225776 0.0460001 0.0172845 0.00205526
 0.536609 0.346769 0.090447 0.0184279 0.00774763
 0.685123 0.189801 0.0935979 0.024413 0.00706516
 0.706839 0.206391 0.052303 0.0257926 0.00867436
 0.518539 0.345674 0.0955965 0.0242258 0.0159645
 0.652556 0.191086 0.11226 0.0310457 0.0130521
 0.577707 0.284651 0.0756995 0.0444723 0.0174695
 0.626058 0.228982 0.0977124 0.0259854 0.0212628
 0.589657 0.271488 0.085027 0.0362832 0.0175445
 0.408585 0.36743 0.148192 0.046412 0.0293818
 0.401809 0.277239 0.199398 0.0804213 0.0411321
 0.567325 0.196157 0.109617 0.0788398 0.0480608
 0.548398 0.289457 0.0735099 0.0410791 0.047556
 0.653626 0.231529 0.0736106 0.018694 0.0225404
 0.71777 0.212301 0.0467428 0.0148611 0.00832472
 0.593865 0.308259 0.073625 0.0162102 0.00804071
 0.607992 0.248188 0.109161 0.0260721 0.00858773
 0.602676 0.253417 0.0911102 0.0400732 0.0127237
 0.714797 0.179646 0.0673251 0.0242052 0.0140265
 0.653937 0.255515 0.0570351 0.0213747 0.012138
 0.626741 0.250686 0.090502 0.0202015 0.01187
 0.699707 0.19442 0.0711053 0.0256703 0.00909687
 0.682789 0.228392 0.0575044 0.0210311 0.0102832
 0.427319 0.402483 0.122543 0.0308537 0.0168015
 0.487614 0.229678 0.198688 0.0604939 0.0235253
 0.330854 0.340324 0.147395 0.127508 0.0539192
pobs_PELACES
 0 0 0 0 0
 0 0 0 0 0
 0 0 0 0 0
 0 0 0 0 0
 0 0 0 0 0
 0 0 0 0 0
 0 0 0 0 0
 0 0 0 0 0
 0 0 0 0 0
 0 0 0 0 0
 0.450072 0.473896 0.0757376 0.000293798 0
 0 0 0 0 0
 0.463077 0.371075 0.160297 0.00555027 0
 0.529543 0.364841 0.0842815 0.0213345 0
 0.631943 0.363953 0.00410389 0 0
 0.735681 0.248677 0.0153453 0.000297389 0
 0.695825 0.281241 0.0229344 0 0
 0.275771 0.60734 0.115278 0.00161068 0
 0 0 0 0 0
 0.896147 0.0623911 0.0374545 0.00400742 0
 0.803859 0.145111 0.0509908 3.86294e-05 0
 0.739449 0.233085 0.0266225 0.000797448 4.60066e-05
 0.878498 0.100942 0.0204185 0.000141795 0
 0.694673 0.275183 0.0284847 0.00165964 0
 0.469039 0.446079 0.0841089 0.000773354 0
 0.822795 0.102175 0.0682046 0.00682512 0
 0 0 0 0 0
ppred_PELACES
 0.764395 0.165869 0.0623252 0.00740677 4.15278e-06
 0.738359 0.202917 0.0413428 0.0155346 0.00184717
 0.584381 0.311019 0.0811225 0.0165281 0.0069489
 0.700959 0.180255 0.0888905 0.0231851 0.00670982
 0.717398 0.198957 0.0504192 0.0248636 0.00836193
 0.543206 0.327964 0.0906987 0.0229846 0.0151465
 0.670295 0.18133 0.106529 0.0294606 0.0123857
 0.604425 0.266642 0.0709101 0.0416586 0.0163642
 0.653258 0.212326 0.0906048 0.0240952 0.0197161
 0.614339 0.255159 0.0799128 0.0341008 0.0164892
 0.448504 0.342629 0.138189 0.0432793 0.0273986
 0.439514 0.259764 0.18683 0.0753523 0.0385395
 0.620167 0.172201 0.0962299 0.0692113 0.0421913
 0.63284 0.235333 0.0597647 0.0333979 0.0386638
 0.724024 0.184473 0.0586499 0.0148946 0.0179593
 0.748419 0.189247 0.0416668 0.0132472 0.0074207
 0.623622 0.285674 0.0682307 0.0150225 0.00745159
 0.631427 0.23335 0.102635 0.0245134 0.00807433
 0.624397 0.239563 0.0861293 0.0378824 0.0120281
 0.733554 0.167831 0.0628973 0.0226133 0.013104
 0.669129 0.244298 0.0545313 0.0204364 0.0116052
 0.644053 0.239059 0.0863043 0.0192645 0.0113195
 0.716387 0.183621 0.0671559 0.0242445 0.0085916
 0.699383 0.216445 0.0544963 0.019931 0.00974529
 0.444973 0.390076 0.118765 0.0299026 0.0162836
 0.505374 0.221717 0.191802 0.0583972 0.0227099
 0.347393 0.331912 0.143752 0.124356 0.0525864
pobs_pel_tallas
 0 0 0 0 0 0 0 0 0 0 0 0 0 0 0 0 0 0 0 0 0 0 0 0 0 0 0 0 0 0 0 0 0 0 0 0
 0 0 0 0 0 0 0 0 0 0 0 0 0 0 0 0 0 0 0 0 0 0 0 0 0 0 0 0 0 0 0 0 0 0 0 0
 0 0 0 0 0 0 0 0 0 0 0 0 0 0 0 0 0 0 0 0 0 0 0 0 0 0 0 0 0 0 0 0 0 0 0 0
 0 0 0 0 0 0 0 0 0 0 0 0 0 0 0 0 0 0 0 0 0 0 0 0 0 0 0 0 0 0 0 0 0 0 0 0
 0 0 0 0 0 0 0 0 0 0 0 0 0 0 0 0 0 0 0 0 0 0 0 0 0 0 0 0 0 0 0 0 0 0 0 0
 0 0 0 0 0 0 0 0 0 0 0 0 0 0 0 0 0 0 0 0 0 0 0 0 0 0 0 0 0 0 0 0 0 0 0 0
 0 0 0 0 0 0 0 0 0 0 0 0 0 0 0 0 0 0 0 0 0 0 0 0 0 0 0 0 0 0 0 0 0 0 0 0
 0 0 0 0 0 0 0 0 0 0 0 0 0 0 0 0 0 0 0 0 0 0 0 0 0 0 0 0 0 0 0 0 0 0 0 0
 0 0 0 0 0 0 0 0 0 0 0 0 0 0 0 0 0 0 0 0 0 0 0 0 0 0 0 0 0 0 0 0 0 0 0 0
 0 0 0 0 0 0 0 0 0 0 0 0 0 0 0 0 0 0 0 0 0 0 0 0 0 0 0 0 0 0 0 0 0 0 0 0
 0 0 0 0 0 0 0 0 1.78061e-05 0.00172719 0.00360574 0.0105946 0.0120993 0.0124554 0.0147524 0.0171206 0.0266825 0.0428682 0.0675386 0.121331 0.153587 0.119568 0.100827 0.0573624 0.0630603 0.0341343 0.0324427 0.0444173 0.0211091 0.0280891 0.0125444 0.00206551 0 0 0 0
 0 0 0 0 0 0 0 0 0 0 0 0 0 0 0 0 0 0 0 0 0 0 0 0 0 0 0 0 0 0 0 0 0 0 0 0
 0 0 0 0 0 0 0.0133647 0.0140871 0.0187388 0.0205184 0.03894 0.0496705 0.03968 0.0493445 0.0407372 0.0367815 0.0215668 0.0243155 0.0234873 0.0199281 0.019796 0.0243948 0.0301388 0.0376714 0.0412746 0.0863199 0.0771752 0.113111 0.0741005 0.0525337 0.0229764 0.00759418 0.00175318 0 0 0
 0 0 0 0 0 0 0 0 0 0 0.00219441 0.00772107 0.0458388 0.0604681 0.0671733 0.0775358 0.0609151 0.0617685 0.073594 0.0568108 0.0755445 0.0548602 0.0670107 0.0636378 0.0643287 0.046367 0.0373049 0.0286899 0.0247887 0.0153202 0.00654259 0.00121912 0.000365735 0 0 0
 0 0 0 0 0 0 0 0 0 0 0 0 0.000112435 0.00938835 0.0111873 0.0202946 0.0414886 0.0713402 0.111592 0.104902 0.108894 0.110636 0.117776 0.105296 0.107544 0.0401394 0.0192827 0.0124803 0.00416011 0.0028671 0.000618394 0 0 0 0 0
 0 0 0 0 0 0 0 0 0 0 0.00291406 0.0102884 0.027416 0.0768956 0.0749926 0.110853 0.0956884 0.0897413 0.0766577 0.0534642 0.0500743 0.0551293 0.0594112 0.0620874 0.0668451 0.0424026 0.0208742 0.0120726 0.0048766 0.00582813 0.00118941 0.000297354 0 0 0 0
 0 0.00264628 0.0354308 0.0461629 0.0458689 0.0383711 0.0214643 0.0164657 0.0346957 0.0420465 0.0363128 0.0245516 0.0311673 0.0291091 0.0169068 0.0133784 0.00837989 0.0085269 0.0148486 0.0160247 0.0276389 0.0546898 0.0760071 0.122758 0.109233 0.0665981 0.0333725 0.0166128 0.00676272 0.00308733 0.000882094 0 0 0 0 0
 0 0 0 0 0 0 0 0.000805153 0.000690131 0.00759144 0.0133425 0.0154129 0.00931677 0.000345066 0.00356568 0.00563607 0.00851162 0.0253048 0.0502646 0.0516448 0.0657925 0.0565908 0.0611916 0.0827007 0.0866115 0.110766 0.145733 0.0935128 0.0569358 0.0249597 0.0138026 0.00621118 0.00161031 0.00115022 0 0
 0 0 0 0 0 0 0 0 0 0 0 0 0 0 0 0 0 0 0 0 0 0 0 0 0 0 0 0 0 0 0 0 0 0 0 0
 0.00147267 0.00158595 0.00478618 0.00569244 0.00954404 0.0108468 0.00647125 0.017049 0.0510054 0.094081 0.124002 0.0959785 0.0687766 0.0820023 0.061753 0.0591476 0.0492212 0.0479892 0.0443925 0.0268479 0.0217502 0.0140895 0.0121071 0.0120363 0.00920419 0.00665534 0.0049561 0.00860946 0.00930331 0.0156896 0.0114698 0.00855282 0.00243557 0.00046729 0 2.83206e-05
 0 0 0 0 0.000772559 0.00158375 0.000888443 0.00281984 0.00712685 0.0440552 0.0773331 0.111326 0.0921469 0.0852325 0.0710754 0.0886704 0.0786465 0.0553345 0.0373146 0.0185414 0.00753245 0.00457741 0.012979 0.0271748 0.0457355 0.0583668 0.034881 0.0177882 0.00938659 0.00492506 0.0015258 0.00185414 0.000309023 5.79419e-05 3.86279e-05 0
 0 0.00173294 0.00326652 0 0.00397197 0.00683976 0.00946217 0.0152591 0.00757587 0.0136028 0.0228656 0.0392903 0.0559909 0.0764795 0.0681675 0.0726916 0.0566044 0.0477403 0.0527397 0.0444891 0.0609904 0.0582453 0.0661739 0.0445044 0.0529084 0.0360697 0.0280645 0.0235558 0.0158879 0.00826598 0.00280645 0.00217768 0.000904811 0.00058276 9.20147e-05 0
 0 0 0 0 0 0 0 0 0 0 0 0 0 0 0 0 0 0 0 0 0 0 0 0 0 0 0 0 0 0 0 0 0 0 0 0
 0 0 0 0 0 0 0 0 0 0 0 0 0 0 0 0 0 0 0 0 0 0 0 0 0 0 0 0 0 0 0 0 0 0 0 0
 0 0 0 0 0 0 0 0 0 0 0 0 0 0 0 0 0 0 0 0 0 0 0 0 0 0 0 0 0 0 0 0 0 0 0 0
 0 0 0 0 0 0 0 0 0 0 0 0 0 0 0 0 0 0 0 0 0 0 0 0 0 0 0 0 0 0 0 0 0 0 0 0
 0 0 0 0 0 0 0 0 0 0 0 0 0 0 0 0 0 0 0 0 0 0 0 0 0 0 0 0 0 0 0 0 0 0 0 0
ppred_pel_tallas
 1.01194e-16 3.33507e-05 0.000195744 0.000930481 0.00358241 0.0111714 0.0282181 0.0577379 0.0957068 0.128531 0.139865 0.123365 0.0882973 0.0515074 0.0249537 0.0109186 0.00575882 0.00518622 0.00657182 0.00875756 0.0112627 0.0137892 0.0160587 0.0178106 0.0188469 0.0190738 0.0185184 0.0173133 0.0156573 0.0137647 0.0118227 0.00996565 0.00827061 0.00676785 0.00545851 0.00433077
 1.01274e-16 3.22168e-05 0.000189084 0.000898811 0.00346046 0.0107911 0.0272575 0.0557728 0.0924506 0.124161 0.13512 0.119203 0.0853686 0.0499002 0.0243637 0.0109809 0.00624869 0.00603438 0.00779524 0.0103908 0.0133142 0.0162175 0.0187648 0.020644 0.0216264 0.0216171 0.0206741 0.0189865 0.0168214 0.0144587 0.0121346 0.0100092 0.00816117 0.00660363 0.00530976 0.00423726
 1.02146e-16 2.55072e-05 0.000149682 0.000711468 0.00273911 0.00854157 0.0215755 0.0441478 0.0731853 0.0983022 0.107015 0.0944977 0.0678682 0.0400598 0.0202858 0.0103753 0.00762652 0.00882044 0.0119546 0.0160722 0.0206425 0.0251916 0.0292151 0.0322334 0.0338897 0.0340289 0.0327276 0.0302622 0.0270296 0.0234495 0.0198794 0.0165654 0.0136347 0.011118 0.00898729 0.007191
 1.02431e-16 3.05852e-05 0.000179507 0.000853285 0.00328518 0.0102445 0.0258768 0.0529477 0.0877674 0.117871 0.128273 0.11316 0.0810344 0.0473544 0.0230994 0.010379 0.00587086 0.00565887 0.00734248 0.00985913 0.0127533 0.0157228 0.0184725 0.0207189 0.0222393 0.0229155 0.0227531 0.021866 0.0204368 0.0186669 0.0167338 0.0147677 0.0128485 0.011018 0.00929736 0.0077011
 1.02026e-16 3.13027e-05 0.000183717 0.0008733 0.00336224 0.0104848 0.0264838 0.0541897 0.0898265 0.120638 0.131286 0.115823 0.0829531 0.0484986 0.0236993 0.0107164 0.00615003 0.00598895 0.00776733 0.0103818 0.0133438 0.0163182 0.0189789 0.0210208 0.0222162 0.0224637 0.0218075 0.0204157 0.018531 0.0164082 0.0142623 0.0122384 0.0104087 0.00878855 0.0073609 0.00609906
 1.02892e-16 2.37124e-05 0.000139144 0.000661365 0.00254619 0.00793996 0.0200559 0.0410388 0.0680326 0.0913848 0.0994947 0.0878802 0.0631667 0.0373877 0.0191237 0.0100939 0.00780668 0.00928539 0.0126738 0.0170718 0.021956 0.0268381 0.0311903 0.0345083 0.0364144 0.0367403 0.0355591 0.033151 0.0299215 0.0262992 0.0226484 0.0192189 0.0161391 0.0134409 0.0110992 0.00906846
 1.03163e-16 2.92482e-05 0.000171657 0.000815965 0.00314149 0.00979642 0.024745 0.0506318 0.083929 0.112718 0.122668 0.108222 0.0775134 0.045328 0.02217 0.0100634 0.00583912 0.00576044 0.00753848 0.0101608 0.0131909 0.0163337 0.0192959 0.0217913 0.0235896 0.0245602 0.0246915 0.0240769 0.0228777 0.0212755 0.0194327 0.0174711 0.0154708 0.0134817 0.0115398 0.00967925
 1.0329e-16 2.63793e-05 0.000154806 0.00073584 0.00283296 0.00883425 0.0223148 0.04566 0.0756905 0.101662 0.11066 0.0976858 0.0700911 0.0412376 0.0206348 0.0101509 0.00696936 0.00774702 0.0104157 0.0140137 0.0180485 0.0221113 0.0257752 0.0286332 0.0303792 0.0308737 0.0301688 0.02848 0.0261204 0.0234189 0.0206515 0.018003 0.0155645 0.0133555 0.011357 0.00954117
 1.03105e-16 2.85065e-05 0.0001673 0.000795246 0.0030617 0.00954761 0.0241166 0.0493462 0.0817989 0.10986 0.119566 0.105505 0.0756088 0.0442982 0.0218224 0.0101681 0.00625983 0.00646356 0.00854532 0.0114996 0.0148649 0.0183027 0.0214704 0.0240382 0.02575 0.0264753 0.0262302 0.0251583 0.0234821 0.0214426 0.0192473 0.0170433 0.014914 0.0128954 0.0109985 0.00922877
 1.0316e-16 2.68111e-05 0.000157343 0.0007479 0.00287939 0.00897907 0.0226805 0.0464084 0.0769306 0.103326 0.112468 0.0992729 0.071211 0.0418586 0.0208752 0.0101535 0.00682442 0.00748594 0.0100367 0.0135067 0.0174102 0.0213533 0.024926 0.0277365 0.0294875 0.0300391 0.0294335 0.0278691 0.0256389 0.0230534 0.0203757 0.0177854 0.0153756 0.0131731 0.0111688 0.00934404
 1.04841e-16 1.95836e-05 0.000114902 0.000546116 0.00210245 0.00655616 0.0165606 0.0338872 0.0561794 0.0754704 0.0821873 0.0726394 0.0523126 0.0311665 0.0163181 0.00922665 0.0078773 0.00984863 0.013627 0.0184596 0.0238685 0.0293698 0.0344217 0.0384948 0.0411788 0.0422673 0.041792 0.0399912 0.0372304 0.0339034 0.0303488 0.0268043 0.0234031 0.020199 0.0172045 0.0144225
 1.07127e-16 1.91883e-05 0.000112589 0.000535135 0.00206019 0.00642442 0.0162277 0.0332055 0.0550473 0.0739435 0.0805088 0.0711183 0.0511357 0.0303029 0.0155711 0.00834537 0.00663041 0.00804708 0.0111316 0.0152012 0.0198808 0.0248191 0.0296176 0.0338694 0.037233 0.0394932 0.0405888 0.0405957 0.0396789 0.0380329 0.035834 0.0332175 0.0302821 0.0271086 0.0237812 0.020399
 1.05772e-16 2.70618e-05 0.000158822 0.000754951 0.00290657 0.00906385 0.0228946 0.0468457 0.0776532 0.10429 0.113498 0.100137 0.0717332 0.0419696 0.0205688 0.00940923 0.00556606 0.005591 0.00737648 0.0099965 0.0130578 0.0162966 0.0194486 0.0222524 0.0244928 0.0260394 0.0268627 0.0270195 0.0266192 0.0257818 0.0246067 0.0231593 0.021477 0.0195864 0.017522 0.0153374
 1.0388e-16 2.7617e-05 0.000162076 0.000770406 0.00296606 0.00924933 0.0233632 0.0478049 0.0792448 0.106432 0.115842 0.102234 0.0732992 0.0430136 0.0213166 0.0101444 0.00652828 0.00695386 0.00925448 0.0124412 0.0160386 0.0196798 0.0229902 0.0256145 0.0272855 0.0278808 0.0274445 0.0261609 0.0242967 0.0221292 0.0198861 0.0177145 0.0156799 0.0137885 0.012018 0.0103443
 1.02244e-16 3.1591e-05 0.000185411 0.000881356 0.00339326 0.0105816 0.0267282 0.0546896 0.0906547 0.121749 0.132491 0.116878 0.0836893 0.0488908 0.0238198 0.0106513 0.0059478 0.00565793 0.00729471 0.00975344 0.0125581 0.0153939 0.0179586 0.0199679 0.021207 0.0215756 0.0211059 0.0199436 0.0183032 0.0164119 0.0144625 0.0125866 0.0108523 0.00927823 0.00785614 0.00656999
 1.01456e-16 3.26549e-05 0.000191657 0.000911048 0.00350758 0.0109381 0.0276287 0.0565321 0.0937087 0.12585 0.136953 0.120812 0.0865003 0.0505213 0.0245918 0.0109566 0.00605829 0.0057035 0.0073154 0.00974579 0.012497 0.0152398 0.0176606 0.0194687 0.02045 0.020514 0.0197114 0.0182141 0.0162662 0.0141232 0.0120006 0.0100441 0.00832511 0.0068556 0.00561236 0.00455928
 1.01927e-16 2.72172e-05 0.000159723 0.000759213 0.00292294 0.00911486 0.0230236 0.0471104 0.0780951 0.104893 0.114179 0.100796 0.0723317 0.0425742 0.0213368 0.0105491 0.00730568 0.0081549 0.0109559 0.0147037 0.0188708 0.0230121 0.0266625 0.0293827 0.0308472 0.0309173 0.0296684 0.0273592 0.0243596 0.0210584 0.0177859 0.0147676 0.0121178 0.00986011 0.00796346 0.00637498
 1.02753e-16 2.75555e-05 0.000161714 0.000768687 0.00295944 0.00922869 0.023311 0.0476982 0.079068 0.106195 0.115584 0.102007 0.0731389 0.0429241 0.0212815 0.0101448 0.00655446 0.00700754 0.00934643 0.0125886 0.0162627 0.020003 0.0234313 0.0261827 0.0279736 0.0286596 0.0282601 0.026937 0.0249418 0.0225486 0.019997 0.01746 0.0150399 0.0127837 0.0107073 0.00881586
 1.03165e-16 2.72491e-05 0.000159915 0.000760134 0.00292651 0.00912599 0.0230516 0.0471675 0.0781884 0.105014 0.114301 0.10088 0.07234 0.0424749 0.0210952 0.0101161 0.00661409 0.00712683 0.00951981 0.012817 0.0165444 0.0203294 0.0237869 0.0265472 0.0283266 0.0289862 0.0285554 0.0272086 0.0252093 0.0228391 0.0203387 0.017875 0.015539 0.0133634 0.0113503 0.00949458
 1.02337e-16 3.20059e-05 0.000187849 0.000892947 0.00343789 0.0107208 0.0270798 0.0554088 0.0918463 0.123347 0.134227 0.118398 0.0847555 0.0494682 0.0240166 0.0105964 0.00571787 0.00527194 0.0067405 0.0090143 0.0116305 0.0142978 0.0167408 0.0186998 0.0199754 0.020469 0.0201997 0.0192877 0.0179153 0.0162779 0.0145423 0.0128245 0.0111876 0.00965505 0.00822915 0.00690757
 1.02099e-16 2.91998e-05 0.000171367 0.000814576 0.00313612 0.00977966 0.0247028 0.0505459 0.0837881 0.112533 0.122481 0.108089 0.0774866 0.0454503 0.0224851 0.010633 0.00674869 0.00710853 0.00941346 0.0126099 0.0161884 0.0197563 0.0229158 0.0252928 0.0266109 0.026752 0.0257795 0.0239117 0.0214593 0.0187478 0.0160507 0.0135521 0.0113419 0.00943471 0.00780166 0.00639874
 1.02494e-16 2.81062e-05 0.000164947 0.000784056 0.00301861 0.00941322 0.0237771 0.0486519 0.0806489 0.108318 0.117894 0.104046 0.0745985 0.0437768 0.0216964 0.0103279 0.00665027 0.00708691 0.00943243 0.0126791 0.0163405 0.0200386 0.0233849 0.0260084 0.0276261 0.0281024 0.0274736 0.0259244 0.023731 0.0211898 0.018556 0.0160089 0.0136477 0.0115082 0.00958924 0.00787711
 1.02248e-16 3.1258e-05 0.000183456 0.000872062 0.00335747 0.01047 0.0264463 0.0541128 0.0896987 0.120465 0.131095 0.115647 0.0828112 0.0483838 0.0235844 0.0105663 0.00593052 0.00567042 0.00732762 0.00981105 0.0126509 0.0155359 0.0181651 0.0202537 0.0215839 0.0220494 0.0216736 0.0205924 0.0190105 0.0171473 0.015191 0.0132734 0.0114669 0.00979819 0.00826909 0.00687418
 1.01985e-16 3.05179e-05 0.000179108 0.000851383 0.00327784 0.0102216 0.0258191 0.0528297 0.0875728 0.117613 0.128 0.112937 0.0809141 0.0473633 0.0232505 0.0106927 0.00638522 0.00642465 0.0084074 0.0112484 0.0144508 0.0176567 0.0205121 0.0226844 0.0239261 0.0241288 0.023343 0.0217558 0.0196363 0.0172673 0.0148878 0.0126599 0.0106648 0.00891941 0.00740371 0.00608502
 1.03602e-16 1.94316e-05 0.000114005 0.000541842 0.00208597 0.00650478 0.0164309 0.0336221 0.0557413 0.074886 0.0815619 0.0721127 0.05199 0.0310875 0.0164829 0.00964241 0.00858345 0.0109115 0.0151164 0.0204198 0.0262911 0.0321724 0.0374404 0.0414941 0.04388 0.044391 0.0431046 0.0403439 0.0365809 0.0323171 0.0279808 0.0238683 0.020136 0.0168291 0.0139276 0.0113878
 1.05863e-16 2.20586e-05 0.000129444 0.000615271 0.00236875 0.00738665 0.0186582 0.0381781 0.0632883 0.085006 0.092534 0.0816943 0.0586386 0.0345448 0.0173738 0.0087028 0.00619803 0.00709254 0.00969186 0.0132308 0.0173354 0.0216938 0.025961 0.0297821 0.0328527 0.034971 0.0360636 0.0361743 0.0354264 0.033976 0.0319732 0.0295443 0.0267931 0.0238141 0.0207063 0.0175785
 1.08879e-16 1.51742e-05 8.90163e-05 0.000423053 0.00162863 0.00507859 0.0128284 0.0262507 0.0435216 0.0584732 0.063696 0.0563405 0.0406713 0.0244255 0.0131476 0.00800723 0.00748698 0.0097508 0.013652 0.0186094 0.0242239 0.030061 0.0356186 0.0403961 0.0439928 0.0461862 0.0469623 0.0464853 0.0450253 0.0428713 0.0402615 0.0373515 0.0342216 0.0309091 0.0274469 0.0238908
pSPR Fmed_Fpbrs
0.431985   0.339735 0.339735
Fs Fmed_Fpbrs
0.68   1.005 1.005
SSBpbr Bo_Bmed_Bpbrs
2.44773e+06  934996  709193 709193
Ro
57006.1
SPR SPRFo_SPRFmed_SPRFpbrs
1.18236e+06 510760 401687
log_Ro
10.7709
likeval ReclasPelacesDesembMPH_pf_preclas_ppelaces_ptallas_desvR_qrecl_qpela
 67.8598 28.2267 0.0180408 0.003241 330.539 231.853 83.3851 0 16.8562 7.22121e-05 0 0 0 0 0
q_reclas_q_pelaces
0.299941 1
M
0.7
N
 50664.3 14954 5618.96 667.761 0.374396
 65302.8 23163 4719.28 1773.27 210.855
 39205 30279.6 7897.77 1609.11 676.517
 63774.1 17614.9 8686.55 2265.7 655.697
 110489 31066.8 7872.88 3882.41 1305.7
 79235.7 54664.9 15117.6 3831.07 2524.62
 129090 37962 22302.1 6167.66 2592.98
 120801 62682.4 16669.6 9793.14 3846.91
 147416 57428 24506 6517.06 5332.64
 145457 69726.9 21837.7 9318.69 4505.99
 67774.8 69502.1 28031.6 8779.17 5557.79
 40021.6 31095.8 22365 9020.24 4613.47
 43010.3 18465.7 10319.1 7421.78 4524.32
 23771.4 18998 4824.69 2696.15 3121.26
 18491.1 9610.94 3055.63 776.001 935.669
 22694.5 7581.56 1669.25 530.708 297.286
 18716.7 10457.1 2497.59 549.9 272.766
 20845.2 8811.53 3875.59 925.651 304.894
 23203.8 9984.29 3589.62 1578.83 501.297
 43292.6 11173.1 4187.27 1505.44 872.376
 53964.1 20813.7 4645.96 1741.14 988.737
 66184.8 26405.5 9532.84 2127.88 1250.3
 115262 32235 11789.3 4256.15 1508.27
 166817 55911.8 14077.4 5148.54 2517.39
 86691.9 81082.7 24687 6215.67 3384.77
 90553.5 42307 36598.7 11143.1 4333.39
 43154.1 44213.8 19149.2 16565.4 7005.02
pred_Ctot
 2904.74 4022.82 1511.58 179.637 0.100718
 3124.35 5334.08 1086.78 408.357 48.5566
 2700.16 9488.32 2474.82 504.226 211.992
 873.425 1274.06 628.288 163.875 47.4258
 293.377 449.056 113.799 56.1184 18.8733
 2010.32 7094.61 1962.02 497.211 327.654
 2061.8 3182.18 1869.48 517.007 217.358
 3716.87 9721.87 2585.41 1518.89 596.646
 5050.47 9824.09 4192.19 1114.86 912.245
 3962.06 9666.14 3027.33 1291.84 624.659
 3724.67 18036.5 7274.49 2278.29 1442.31
 2048.41 7592.06 5460.43 2202.3 1126.38
 3441.34 6526.63 3647.23 2623.2 1599.1
 3214.64 9835.36 2497.77 1395.81 1615.89
 2344.14 4765.97 1515.26 384.812 463.99
 1181.95 1878.99 413.701 131.529 73.6786
 701.518 1940.05 463.363 102.02 50.6046
 532.772 1151.44 506.439 120.959 39.8418
 507.233 1127.19 405.257 178.245 56.5948
 993.542 1320.34 494.818 177.901 103.09
 568.613 1168.3 260.782 97.732 55.4988
 915.47 1928.18 696.106 155.382 91.2996
 1922.12 2815.85 1029.84 371.791 131.753
 2546.39 4487.99 1129.98 413.269 202.069
 1076.98 5338.29 1625.33 409.224 222.845
 1092.61 2707.94 2342.57 713.234 277.367
 577.694 3128.47 1354.95 1172.13 495.658
F
 0.0826666 0.453321 0.453321 0.453321 0.453321
 0.0685619 0.375975 0.375975 0.375975 0.375975
 0.100059 0.548698 0.548698 0.548698 0.548698
 0.0192059 0.10532 0.10532 0.10532 0.10532
 0.00369817 0.0202798 0.0202798 0.0202798 0.0202798
 0.0358407 0.196541 0.196541 0.196541 0.196541
 0.0224297 0.122998 0.122998 0.122998 0.122998
 0.0436134 0.239164 0.239164 0.239164 0.239164
 0.0486703 0.266895 0.266895 0.266895 0.266895
 0.0385238 0.211254 0.211254 0.211254 0.211254
 0.0791177 0.43386 0.43386 0.43386 0.43386
 0.0735043 0.403078 0.403078 0.403078 0.403078
 0.117104 0.642168 0.642168 0.642168 0.642168
 0.205581 1.12735 1.12735 1.12735 1.12735
 0.191572 1.05053 1.05053 1.05053 1.05053
 0.0748379 0.410391 0.410391 0.410391 0.410391
 0.0533552 0.292585 0.292585 0.292585 0.292585
 0.0361093 0.198013 0.198013 0.198013 0.198013
 0.030812 0.168964 0.168964 0.168964 0.168964
 0.0323699 0.177508 0.177508 0.177508 0.177508
 0.0147473 0.0808701 0.0808701 0.0808701 0.0808701
 0.0193989 0.106378 0.106378 0.106378 0.106378
 0.0234292 0.128479 0.128479 0.128479 0.128479
 0.0214271 0.1175 0.1175 0.1175 0.1175
 0.0174076 0.0954586 0.0954586 0.0954586 0.0954586
 0.0169033 0.092693 0.092693 0.092693 0.092693
 0.0187692 0.102925 0.102925 0.102925 0.102925
Np
 45731.4 18906.7 3822.89 3600.64 1842.92
YTP_r0W_actual
 5199.25 79463 47829.7 48526.2 22304.6
YTP_p0W_proyectada
 45640 219096 299984 165922 230646
 45640 196963 57894.6 69637 39553.2
CTP_r0_actual
 577.694 3128.47 1354.95 1172.13 495.658
CTP_p0_proyectada
 5565.85 10143.3 9553.62 4137.71 5183.06
 5565.85 9118.66 1843.78 1736.58 888.836
Wmedp
 8.2 21.6 31.4 40.1 44.5
nmprior
 10.6 11 7 0
nm_flota  nm_reclas  nm_pelaces    nm_pelaL
inf 12.2258 20.4613 68.4394
cv_recla  cv_pelaces  cv_mph
0.713406 0.581997 1.54943
 ------------------------------------------------
Talla a la edad & desviaci?n 
 7.2 14.2025 17.0495 18.207 18.6776
 1.08 2.13037 2.55742 2.73105 2.80164
