years
 1997 1998 1999 2000 2001 2002 2003 2004 2005 2006 2007 2008 2009 2010 2011 2012 2013 2014 2015 2016 2017 2018 2019
reclasobs
 0 0 0 370054 412103 1.49427e+06 250295 1.28982e+06 931140 785840 897777 1.04006e+06 184774 17550 25797 100020 73551 82996 120727 218422 84188 347160 605670
reclaspred
 2.72825e+06 690359 1.49319e+06 611226 306641 1.07783e+06 4.23487e+06 3.13623e+06 3.64165e+06 3.25711e+06 4.49766e+06 4.56772e+06 3.31826e+06 2.08041e+06 1.32286e+06 753283 534522 509989 514334 603943 490119 559436 1.26765e+06
pelacesobs
 0 0 0 0 0 0 0 0 0 2.06254e+06 1.5e+06 0 1.87456e+06 323000 250000 174000 83755 137374 0 501740 490994 745055 786931
pelacespred
 2.37632e+06 869193 519459 485151 218379 432348 1.51004e+06 2.22304e+06 2.20838e+06 2.07987e+06 2.69281e+06 2.7469e+06 2.10262e+06 1.38751e+06 841450 483799 325784 282319 299083 323808 309420 309897 541470
mphobs
 0 0 0 0 0 112323 0 153150 637223 0 255016 313432 73983 77613 109348 50772 17779 17303 59886 28197 0 207744 136588
mphpred
 1.75081e+06 1.49375e+06 890731 834222 373510 318742 2.55365e+06 2.70097e+06 3.56045e+06 2.87632e+06 3.48909e+06 4.56614e+06 3.39146e+06 2.37372e+06 1.44059e+06 822000 490337 434583 430849 538538 463139 410145 854577
desembarqueobs
 350755 77701 442110 56441 14545 235359 269955 359681 431902 328805 639364 411747 362871 311530 167758 66681 60226 58785 57116 73181 50977 67692 138656
desembarquepred
 310047 78603.9 170018 69595.7 34913.7 122352 482175 356497 414531 370476 511506 520014 377711 236873 150620 85764.3 60819.6 58038.1 58506.6 68755 55770.5 63599.4 144285
Reclutas
 216255 4235.15 697.231 492.057 1338.92 411622 9813.04 413634 81458.1 324402 482254 67507.1 103534 8875.35 3376.84 6872 28421.5 18897.3 46012.1 8578.53 24610.9 119321 57736.6
log_desv_Rt
 2.10618 -1.82685 -3.63091 -3.97944 -2.97841 2.74983 -0.986562 2.75471 1.12981 2.51171 2.9082 0.941958 1.36962 -1.087 -2.05333 -1.34282 0.0768704 -0.331257 0.55863 -1.12101 -0.0670859 1.51155 0.785617
SSB
 1.75081e+06 1.49375e+06 890731 834222 373510 318742 2.55365e+06 2.70097e+06 3.56045e+06 2.87632e+06 3.48909e+06 4.56614e+06 3.39146e+06 2.37372e+06 1.44059e+06 822000 490337 434583 430849 538538 463139 410145 854577
BT
 7.89313e+06 1.70729e+06 1.02308e+06 952300 431414 1.4358e+06 3.02333e+06 5.91423e+06 4.6623e+06 5.05043e+06 6.86352e+06 5.6092e+06 4.43695e+06 2.74031e+06 1.66038e+06 963328 736053 624489 702409 660837 702633 777972 1.16859e+06
Ftot
 0.110803 0.110803 0.110803 0.110803 0.110803 0.110803 0.110803 0.110803 0.110803 0.110803 0.110803 0.110803 0.110803 0.110803 0.110803 0.110803 0.110803 0.110803 0.110803 0.110803 0.110803 0.110803 0.110803
BD_Bspro_t
 0.986317 0.916634 0.825783 0.741522 0.666845 0.733613 0.903134 0.84334 0.862277 0.814431 0.835675 0.838781 0.78157 0.743365 0.68512 0.635241 0.607403 0.685724 0.730704 0.791039 0.767992 0.790892 0.858103
BD_Bspro
 3.22743 2.75357 1.64197 1.5378 0.688526 0.587567 4.70738 4.97895 6.56331 5.30218 6.43176 8.41718 6.25179 4.37569 2.65557 1.51527 0.903883 0.801106 0.794223 0.992736 0.853746 0.756057 1.57532
BD_Bo
 0.331407 0.282749 0.168604 0.157908 0.0707008 0.0603339 0.483374 0.511261 0.67395 0.544451 0.660442 0.864313 0.641962 0.449316 0.272685 0.155594 0.0928147 0.0822611 0.0815543 0.101938 0.0876664 0.0776353 0.161761
BD_Brms
 1.60389 1.3684 0.815981 0.764215 0.342166 0.291994 2.33935 2.47431 3.26166 2.63494 3.19629 4.18295 3.10685 2.17452 1.31969 0.753018 0.449188 0.398113 0.394692 0.493344 0.424273 0.375726 0.782862
S_f
 0.5 1 1 1 1
 0.5 1 1 1 1
 0.5 1 1 1 1
 0.5 1 1 1 1
 0.5 1 1 1 1
 0.5 1 1 1 1
 0.5 1 1 1 1
 0.5 1 1 1 1
 0.5 1 1 1 1
 0.5 1 1 1 1
 0.5 1 1 1 1
 0.5 1 1 1 1
 0.5 1 1 1 1
 0.5 1 1 1 1
 0.5 1 1 1 1
 0.5 1 1 1 1
 0.5 1 1 1 1
 0.5 1 1 1 1
 0.5 1 1 1 1
 0.5 1 1 1 1
 0.5 1 1 1 1
 0.5 1 1 1 1
 0.5 1 1 1 1
Scru_reclas
 0.5 1 1 1 1
 0.5 1 1 1 1
 0.5 1 1 1 1
 0.5 1 1 1 1
 0.5 1 1 1 1
 0.5 1 1 1 1
 0.5 1 1 1 1
 0.5 1 1 1 1
 0.5 1 1 1 1
 0.5 1 1 1 1
 0.5 1 1 1 1
 0.5 1 1 1 1
 0.5 1 1 1 1
 0.5 1 1 1 1
 0.5 1 1 1 1
 0.5 1 1 1 1
 0.5 1 1 1 1
 0.5 1 1 1 1
 0.5 1 1 1 1
 0.5 1 1 1 1
 0.5 1 1 1 1
 0.5 1 1 1 1
 0.5 1 1 1 1
Scru_pelaces
 0.5 1 1 1 1
 0.5 1 1 1 1
 0.5 1 1 1 1
 0.5 1 1 1 1
 0.5 1 1 1 1
 0.5 1 1 1 1
 0.5 1 1 1 1
 0.5 1 1 1 1
 0.5 1 1 1 1
 0.5 1 1 1 1
 0.5 1 1 1 1
 0.5 1 1 1 1
 0.5 1 1 1 1
 0.5 1 1 1 1
 0.5 1 1 1 1
 0.5 1 1 1 1
 0.5 1 1 1 1
 0.5 1 1 1 1
 0.5 1 1 1 1
 0.5 1 1 1 1
 0.5 1 1 1 1
 0.5 1 1 1 1
 0.5 1 1 1 1
pf_obs 
 0.256992 0.487395 0.22802 0.0275931 0
 0.321318 0.546541 0.124235 0.00734118 0.000564706
 0.182869 0.594174 0.210203 0.0122559 0.00049798
 0.330522 0.361315 0.267642 0.0388342 0.00168674
 0.649043 0.306663 0.0425973 0.00169635 0
 0.582887 0.30429 0.105238 0.00758474 0
 0.465427 0.430635 0.0974691 0.00646863 0
 0.296916 0.608066 0.0921331 0.00288517 0
 0.311714 0.524322 0.152257 0.0117073 0
 0.15457 0.633149 0.183074 0.0267441 0.00246327
 0.131901 0.49318 0.331252 0.0422183 0.00144891
 0.196976 0.569456 0.194076 0.0375587 0.00193317
 0.518974 0.381816 0.0799577 0.0180837 0.00116848
 0.0928022 0.601141 0.25162 0.0475244 0.00691264
 0.122501 0.610282 0.24278 0.0234846 0.000952079
 0.383417 0.481906 0.127806 0.00687128 0
 0.0376549 0.599619 0.316969 0.0457579 0
 0.0361596 0.667082 0.258105 0.0386534 0
 0.158088 0.579412 0.248529 0.0139706 0
 0.0477256 0.309471 0.559284 0.082774 0.000745712
 0.0406174 0.521527 0.379366 0.0568643 0.0016247
 0.151134 0.462217 0.34131 0.0453401 0
 0.294876 0.26143 0.354403 0.0886775 0.000613685
pf_pred 
 0.780883 0.110307 0.0547768 0.0272013 0.0268323
 0.0184484 0.864057 0.0591486 0.0293723 0.0289738
 0.00665661 0.037088 0.841789 0.0576242 0.0568425
 0.0103854 0.013498 0.0364448 0.82719 0.112482
 0.0591605 0.0199426 0.0125607 0.0339141 0.874422
 0.97468 0.00290807 0.000475049 0.000299208 0.0216374
 0.0250252 0.962854 0.00139216 0.000227417 0.0105015
 0.69803 0.0151897 0.283215 0.000409491 0.00315583
 0.150736 0.702079 0.00740367 0.138043 0.00173778
 0.537873 0.123885 0.279622 0.00294871 0.0556715
 0.533643 0.329265 0.036751 0.0829513 0.01739
 0.0968276 0.634473 0.189712 0.0211747 0.0578133
 0.232478 0.139039 0.441505 0.132013 0.0549647
 0.0346994 0.371283 0.107608 0.3417 0.14471
 0.0278465 0.0671324 0.348097 0.100888 0.456035
 0.110179 0.0496607 0.0580176 0.300835 0.481308
 0.478522 0.106127 0.0231807 0.0270815 0.365089
 0.321742 0.443856 0.0477036 0.0104196 0.176279
 0.567678 0.213853 0.142967 0.0153655 0.0601362
 0.129275 0.636005 0.116107 0.0776211 0.0409921
 0.423137 0.135286 0.322542 0.0588823 0.0601532
 0.760932 0.14396 0.0223049 0.053178 0.0196256
 0.314046 0.595316 0.0545794 0.00845644 0.027602
pobs_RECLAS
 0 0 0 0 0
 0 0 0 0 0
 0 0 0 0 0
 0 0 0 0 0
 0.835266 0.146461 0.0176864 0.000547809 3.91292e-05
 0.385257 0.428462 0.181853 0.0044286 0
 0.867414 0.0963971 0.0333333 0.00285562 0
 0.441836 0.489002 0.0689373 0.000224442 0
 0.779404 0.147425 0.0564933 0.0165055 0.000172143
 0.814271 0.122319 0.05973 0.00367925 0
 0.40263 0.566651 0.0304383 0.000280538 0
 0.475488 0.404961 0.113038 0.00651328 0
 0.955842 0.0263864 0.0167828 0.000988607 0
 0.975058 0.0227948 0.00214734 0 0
 0.738997 0.206755 0.0527124 0.00153531 0
 0.850938 0.134255 0.0134407 0.00136685 0
 0.542534 0.407297 0.0501686 0 0
 0.764087 0.199537 0.0359546 0.000420521 0
 0.470689 0.182191 0.310203 0.0369168 0
 0.84361 0.089868 0.0606195 0.00523954 0.000663233
 0.607945 0.314616 0.071237 0.00620181 0
 0.523733 0.453247 0.0230204 0 0
 0.530135 0.295979 0.169645 0.0042399 0
ppred_RECLAS
 0.781495 0.109999 0.0546238 0.0271254 0.0267574
 0.0185133 0.864 0.0591447 0.0293704 0.0289719
 0.00668032 0.0370871 0.841769 0.0576229 0.0568411
 0.0104222 0.0134975 0.0364434 0.827159 0.112477
 0.0593601 0.0199383 0.0125581 0.0339069 0.874237
 0.974768 0.00289794 0.000473395 0.000298166 0.021562
 0.0251127 0.962767 0.00139203 0.000227396 0.0105006
 0.698784 0.0151518 0.282508 0.000408469 0.00314795
 0.151195 0.7017 0.00739967 0.137968 0.00173685
 0.538763 0.123646 0.279084 0.00294304 0.0555643
 0.534533 0.328636 0.0366808 0.0827929 0.0173568
 0.0971411 0.634253 0.189646 0.0211673 0.0577932
 0.233117 0.138923 0.441138 0.131903 0.0549189
 0.0348195 0.371237 0.107595 0.341657 0.144692
 0.0279435 0.0671257 0.348063 0.100878 0.45599
 0.11053 0.0496411 0.0579947 0.300716 0.481118
 0.479415 0.105945 0.0231409 0.0270351 0.364464
 0.322523 0.443344 0.0476487 0.0104076 0.176076
 0.568556 0.213419 0.142677 0.0153343 0.0600141
 0.129678 0.63571 0.116054 0.0775852 0.0409731
 0.424011 0.135081 0.322053 0.0587932 0.0600621
 0.761582 0.143568 0.0222442 0.0530333 0.0195722
 0.314818 0.594647 0.0545181 0.00844693 0.0275709
pobs_PELACES
 0 0 0 0 0
 0 0 0 0 0
 0 0 0 0 0
 0 0 0 0 0
 0 0 0 0 0
 0 0 0 0 0
 0 0 0 0 0
 0 0 0 0 0
 0 0 0 0 0
 0 0 0 0 0
 0.450072 0.473896 0.0757376 0.000293798 0
 0 0 0 0 0
 0.463077 0.371075 0.160297 0.00555027 0
 0.529543 0.364841 0.0842815 0.0213345 0
 0.631943 0.363953 0.00410389 0 0
 0.735681 0.248677 0.0153453 0.000297389 0
 0.695825 0.281241 0.0229344 0 0
 0.275771 0.60734 0.115278 0.00161068 0
 0 0 0 0 0
 0.896147 0.0623911 0.0374545 0.00400742 0
 0.803859 0.145111 0.0509908 3.86294e-05 0
 0.739449 0.233085 0.0266225 0.000797448 4.60066e-05
 0.878498 0.100942 0.0204185 0.000141795 0
ppred_PELACES
 0.7846 0.108435 0.0538474 0.0267398 0.0263771
 0.0188484 0.863705 0.0591245 0.0293603 0.028962
 0.00680273 0.0370825 0.841665 0.0576158 0.0568341
 0.0106125 0.0134949 0.0364364 0.827 0.112456
 0.0603892 0.0199165 0.0125443 0.0338698 0.87328
 0.975214 0.00284674 0.000465031 0.000292898 0.0211811
 0.0255642 0.962321 0.00139139 0.000227291 0.0104957
 0.702618 0.0149589 0.278912 0.000403269 0.00310788
 0.153556 0.699748 0.00737908 0.137585 0.00173201
 0.543302 0.122429 0.276337 0.00291407 0.0550174
 0.539079 0.325427 0.0363226 0.0819843 0.0171873
 0.0987564 0.633118 0.189306 0.0211295 0.0576898
 0.236401 0.138328 0.439248 0.131338 0.0546837
 0.0354391 0.370998 0.107526 0.341438 0.144599
 0.0284445 0.0670911 0.347883 0.100826 0.455755
 0.11234 0.04954 0.0578767 0.300104 0.480139
 0.483979 0.105016 0.0229381 0.0267981 0.361269
 0.326531 0.440722 0.0473668 0.010346 0.175035
 0.573035 0.211203 0.141196 0.0151751 0.059391
 0.131756 0.634193 0.115777 0.0774 0.0408753
 0.428482 0.134033 0.319553 0.0583368 0.0595958
 0.764886 0.141579 0.021936 0.0522984 0.019301
 0.318775 0.591212 0.0542032 0.00839815 0.0274117
pobs_pel_tallas
 0 0 0 0 0 0 0 0 0 0 0 0 0 0 0 0 0 0 0 0 0 0 0 0 0 0 0 0 0 0 0 0 0 0 0 0
 0 0 0 0 0 0 0 0 0 0 0 0 0 0 0 0 0 0 0 0 0 0 0 0 0 0 0 0 0 0 0 0 0 0 0 0
 0 0 0 0 0 0 0 0 0 0 0 0 0 0 0 0 0 0 0 0 0 0 0 0 0 0 0 0 0 0 0 0 0 0 0 0
 0 0 0 0 0 0 0 0 0 0 0 0 0 0 0 0 0 0 0 0 0 0 0 0 0 0 0 0 0 0 0 0 0 0 0 0
 0 0 0 0 0 0 0 0 0 0 0 0 0 0 0 0 0 0 0 0 0 0 0 0 0 0 0 0 0 0 0 0 0 0 0 0
 0 0 0 0 0 0 0 0 0 0 0 0 0 0 0 0 0 0 0 0 0 0 0 0 0 0 0 0 0 0 0 0 0 0 0 0
 0 0 0 0 0 0 0 0 0 0 0 0 0 0 0 0 0 0 0 0 0 0 0 0 0 0 0 0 0 0 0 0 0 0 0 0
 0 0 0 0 0 0 0 0 0 0 0 0 0 0 0 0 0 0 0 0 0 0 0 0 0 0 0 0 0 0 0 0 0 0 0 0
 0 0 0 0 0 0 0 0 0 0 0 0 0 0 0 0 0 0 0 0 0 0 0 0 0 0 0 0 0 0 0 0 0 0 0 0
 0 0 0 0 0 0 0 0 0 0 0 0 0 0 0 0 0 0 0 0 0 0 0 0 0 0 0 0 0 0 0 0 0 0 0 0
 0 0 0 0 0 0 0 0 1.78061e-05 0.00172719 0.00360574 0.0105946 0.0120993 0.0124554 0.0147524 0.0171206 0.0266825 0.0428682 0.0675386 0.121331 0.153587 0.119568 0.100827 0.0573624 0.0630603 0.0341343 0.0324427 0.0444173 0.0211091 0.0280891 0.0125444 0.00206551 0 0 0 0
 0 0 0 0 0 0 0 0 0 0 0 0 0 0 0 0 0 0 0 0 0 0 0 0 0 0 0 0 0 0 0 0 0 0 0 0
 0 0 0 0 0 0 0.0133647 0.0140871 0.0187388 0.0205184 0.03894 0.0496705 0.03968 0.0493445 0.0407372 0.0367815 0.0215668 0.0243155 0.0234873 0.0199281 0.019796 0.0243948 0.0301388 0.0376714 0.0412746 0.0863199 0.0771752 0.113111 0.0741005 0.0525337 0.0229764 0.00759418 0.00175318 0 0 0
 0 0 0 0 0 0 0 0 0 0 0.00219441 0.00772107 0.0458388 0.0604681 0.0671733 0.0775358 0.0609151 0.0617685 0.073594 0.0568108 0.0755445 0.0548602 0.0670107 0.0636378 0.0643287 0.046367 0.0373049 0.0286899 0.0247887 0.0153202 0.00654259 0.00121912 0.000365735 0 0 0
 0 0 0 0 0 0 0 0 0 0 0 0 0.000112435 0.00938835 0.0111873 0.0202946 0.0414886 0.0713402 0.111592 0.104902 0.108894 0.110636 0.117776 0.105296 0.107544 0.0401394 0.0192827 0.0124803 0.00416011 0.0028671 0.000618394 0 0 0 0 0
 0 0 0 0 0 0 0 0 0 0 0.00291406 0.0102884 0.027416 0.0768956 0.0749926 0.110853 0.0956884 0.0897413 0.0766577 0.0534642 0.0500743 0.0551293 0.0594112 0.0620874 0.0668451 0.0424026 0.0208742 0.0120726 0.0048766 0.00582813 0.00118941 0.000297354 0 0 0 0
 0 0.00264628 0.0354308 0.0461629 0.0458689 0.0383711 0.0214643 0.0164657 0.0346957 0.0420465 0.0363128 0.0245516 0.0311673 0.0291091 0.0169068 0.0133784 0.00837989 0.0085269 0.0148486 0.0160247 0.0276389 0.0546898 0.0760071 0.122758 0.109233 0.0665981 0.0333725 0.0166128 0.00676272 0.00308733 0.000882094 0 0 0 0 0
 0 0 0 0 0 0 0 0.000805153 0.000690131 0.00759144 0.0133425 0.0154129 0.00931677 0.000345066 0.00356568 0.00563607 0.00851162 0.0253048 0.0502646 0.0516448 0.0657925 0.0565908 0.0611916 0.0827007 0.0866115 0.110766 0.145733 0.0935128 0.0569358 0.0249597 0.0138026 0.00621118 0.00161031 0.00115022 0 0
 0 0 0 0 0 0 0 0 0 0 0 0 0 0 0 0 0 0 0 0 0 0 0 0 0 0 0 0 0 0 0 0 0 0 0 0
 0.00147267 0.00158595 0.00478618 0.00569244 0.00954404 0.0108468 0.00647125 0.017049 0.0510054 0.094081 0.124002 0.0959785 0.0687766 0.0820023 0.061753 0.0591476 0.0492212 0.0479892 0.0443925 0.0268479 0.0217502 0.0140895 0.0121071 0.0120363 0.00920419 0.00665534 0.0049561 0.00860946 0.00930331 0.0156896 0.0114698 0.00855282 0.00243557 0.00046729 0 2.83206e-05
 0 0 0 0 0.000772559 0.00158375 0.000888443 0.00281984 0.00712685 0.0440552 0.0773331 0.111326 0.0921469 0.0852325 0.0710754 0.0886704 0.0786465 0.0553345 0.0373146 0.0185414 0.00753245 0.00457741 0.012979 0.0271748 0.0457355 0.0583668 0.034881 0.0177882 0.00938659 0.00492506 0.0015258 0.00185414 0.000309023 5.79419e-05 3.86279e-05 0
 0 0.00173294 0.00326652 0 0.00397197 0.00683976 0.00946217 0.0152591 0.00757587 0.0136028 0.0228656 0.0392903 0.0559909 0.0764795 0.0681675 0.0726916 0.0566044 0.0477403 0.0527397 0.0444891 0.0609904 0.0582453 0.0661739 0.0445044 0.0529084 0.0360697 0.0280645 0.0235558 0.0158879 0.00826598 0.00280645 0.00217768 0.000904811 0.00058276 9.20147e-05 0
 0 0 0 0 0 0 0 0 0 0 0 0 0 0 0 0 0 0 0 0 0 0 0 0 0 0 0 0 0 0 0 0 0 0 0 0
ppred_pel_tallas
 1.02952e-16 3.42293e-05 0.000200908 0.000955043 0.003677 0.0114664 0.0289632 0.0592619 0.0982311 0.131915 0.143534 0.126567 0.090515 0.0526518 0.0252297 0.0105659 0.00489735 0.00380817 0.00460523 0.00613337 0.00796497 0.00988788 0.0117247 0.0133089 0.0145076 0.0152461 0.0155172 0.0153725 0.0148991 0.0141909 0.0133265 0.0123588 0.0113163 0.0102139 0.0090644 0.00788749
 1.03483e-16 8.69572e-07 4.98701e-06 2.34602e-05 8.99107e-05 0.00028002 0.000708274 0.00145605 0.00243938 0.00335406 0.00385564 0.00389034 0.00385234 0.00440175 0.0061591 0.00956201 0.0148928 0.0223019 0.0317327 0.0427948 0.0546863 0.0662315 0.0760543 0.0828532 0.0857018 0.0842727 0.0789151 0.0705493 0.0604272 0.0498347 0.0398362 0.0311254 0.024001 0.0184403 0.0142221 0.0110486
 1.16595e-16 3.12755e-07 1.78926e-06 8.41564e-06 3.22523e-05 0.0001004 0.00025362 0.000519933 0.000866044 0.00117607 0.00131433 0.00124214 0.0010725 0.00100491 0.00122149 0.0018511 0.00300673 0.0048309 0.00750588 0.0112307 0.016181 0.0224626 0.0300633 0.0388124 0.0483547 0.0581524 0.0675197 0.0756936 0.081932 0.0856249 0.0863935 0.0841559 0.0791449 0.0718674 0.0630208 0.0533814
 1.34193e-16 4.74738e-07 2.75038e-06 1.30071e-05 4.9969e-05 0.000155688 0.000393212 0.000805028 0.00133657 0.00180173 0.00197857 0.00178816 0.00137505 0.000999564 0.00086948 0.00107918 0.00166743 0.00269511 0.0042787 0.00658371 0.00980224 0.0141252 0.0197091 0.0266374 0.0348786 0.0442485 0.0543875 0.0647611 0.0746922 0.0834272 0.0902266 0.0944688 0.0957448 0.0939215 0.0891684 0.0819274
 1.42153e-16 2.64478e-06 1.54916e-05 7.3583e-05 0.000283206 0.000883036 0.00223043 0.00456407 0.00756702 0.0101672 0.0110771 0.00980215 0.00708607 0.00427941 0.00235815 0.00155027 0.00163711 0.00237542 0.00368259 0.00562162 0.0083328 0.0119815 0.016723 0.0226719 0.0298671 0.0382371 0.047568 0.0574866 0.0674649 0.0768547 0.0849511 0.091078 0.0946829 0.0954196 0.0932019 0.0882223
 1.01008e-16 4.25366e-05 0.000249689 0.00118698 0.00457004 0.0142513 0.0359975 0.0736539 0.122083 0.163933 0.178337 0.157177 0.11223 0.0649272 0.0304429 0.0115902 0.00362332 0.000999474 0.000351518 0.000278451 0.000349429 0.000463209 0.000600933 0.000759018 0.000935571 0.00112804 0.00133245 0.00154265 0.00174973 0.00194206 0.00210598 0.00222747 0.00229425 0.00229798 0.00223584 0.0021114
 1.00832e-16 1.16634e-06 6.72038e-06 3.16811e-05 0.00012153 0.000378599 0.000957392 0.00196648 0.00328807 0.00450164 0.00512501 0.00505889 0.00479518 0.00516559 0.00692613 0.0105679 0.0163695 0.0244545 0.0347213 0.0467028 0.0594776 0.0717133 0.081864 0.0884824 0.0905598 0.0877777 0.0805937 0.0701184 0.0578383 0.0452731 0.0336776 0.0238653 0.016175 0.0105534 0.00669617 0.00419405
 1.04124e-16 3.06514e-05 0.000179909 0.000855228 0.00329271 0.010268 0.0259361 0.0530677 0.087962 0.11812 0.12851 0.113288 0.08095 0.0469526 0.0222514 0.00890727 0.00354591 0.00222854 0.00259018 0.00368136 0.00523991 0.00721636 0.00958222 0.0122702 0.0151588 0.0180732 0.020798 0.0231008 0.0247627 0.0256124 0.0255554 0.0245911 0.0228157 0.0204055 0.0175893 0.0146111
 1.05142e-16 6.7366e-06 3.94472e-05 0.000187323 0.000720881 0.00224772 0.00567831 0.0116238 0.0192878 0.0259633 0.0284124 0.0254403 0.0190368 0.0127758 0.00931229 0.00940099 0.0125997 0.0182477 0.025827 0.0348308 0.0445588 0.0540581 0.0622263 0.0680241 0.0707128 0.0700324 0.0662602 0.0601222 0.052598 0.0446817 0.0371795 0.0305964 0.0251258 0.0207168 0.0171801 0.0142877
 1.06634e-16 2.37087e-05 0.00013914 0.000661386 0.00254633 0.00794046 0.020057 0.0410394 0.0680282 0.0913626 0.0994276 0.0877188 0.0628289 0.0367445 0.0179843 0.00819897 0.00483825 0.00490437 0.00658806 0.00912958 0.0122459 0.0157669 0.0195055 0.0232422 0.0267477 0.0298099 0.032254 0.0339514 0.0348194 0.034819 0.033954 0.0322744 0.0298802 0.0269197 0.02358 0.0200682
 1.04242e-16 2.35321e-05 0.000138086 0.000656338 0.00252684 0.00787962 0.0199035 0.0407268 0.0675154 0.0906899 0.0987375 0.0872099 0.0626815 0.0370935 0.0189597 0.00998445 0.00769238 0.00912672 0.0124428 0.0167462 0.0215184 0.0262799 0.030517 0.0337443 0.0356067 0.0359592 0.0348938 0.032702 0.029788 0.026565 0.0233674 0.0204044 0.0177587 0.015419 0.0133261 0.0114155
 1.06316e-16 4.34487e-06 2.54106e-05 0.000120602 0.000464007 0.00144668 0.00365488 0.00748333 0.0124233 0.0167414 0.0183686 0.016561 0.0126375 0.00895573 0.00730316 0.00826228 0.0116501 0.017125 0.0243895 0.0330771 0.0426024 0.0521255 0.0606481 0.067199 0.0710465 0.0718598 0.0697706 0.0653085 0.0592441 0.0523927 0.0454473 0.0388832 0.0329451 0.0276953 0.0230898 0.019048
 1.13349e-16 1.03273e-05 6.05769e-05 0.000287885 0.00110825 0.00345586 0.0087293 0.0178624 0.0296131 0.0397828 0.0433264 0.0383002 0.0275995 0.0164816 0.00871279 0.00509034 0.00459968 0.00603873 0.00871539 0.0123687 0.0169011 0.0222062 0.028106 0.0343469 0.040619 0.0465826 0.0518929 0.0562215 0.0592777 0.0608318 0.0607425 0.0589827 0.0556572 0.0510009 0.0453564 0.0391309
 1.20136e-16 1.57252e-06 9.16055e-06 4.3405e-05 0.000166878 0.000520168 0.00131428 0.00269231 0.00447478 0.00604589 0.00667513 0.00611644 0.00487763 0.00385702 0.00376891 0.00491434 0.00733115 0.0109968 0.0158804 0.0218807 0.0287573 0.0361158 0.0434559 0.0502633 0.0561141 0.06075 0.0641015 0.0662483 0.0673402 0.06751 0.0668168 0.0652373 0.0627025 0.0591587 0.0546268 0.0492347
 1.2972e-16 1.25545e-06 7.32643e-06 3.47459e-05 0.000133641 0.000416594 0.00105231 0.00215409 0.00357451 0.00481243 0.00526855 0.00472295 0.00354764 0.00241288 0.00182826 0.00196866 0.00281511 0.00434805 0.00662405 0.00975393 0.0138535 0.0190029 0.0252178 0.0324287 0.0404658 0.0490501 0.057795 0.0662199 0.0737837 0.0799356 0.08418 0.0861448 0.0856398 0.0826889 0.0775306 0.070586
 1.33585e-16 4.91193e-06 2.87975e-05 0.000136831 0.000526711 0.00164238 0.0041485 0.00848887 0.0140734 0.0189068 0.0205921 0.018206 0.0131259 0.00785291 0.0041836 0.00250999 0.00237436 0.00324703 0.00486419 0.00719568 0.0103193 0.0143337 0.0193147 0.0252899 0.0322169 0.0399612 0.0482774 0.0567993 0.0650489 0.0724688 0.0784795 0.0825549 0.084301 0.0835204 0.0802492 0.0747559
 1.18162e-16 2.11199e-05 0.000123946 0.000589164 0.00226828 0.00707339 0.0178668 0.0365579 0.0605991 0.081384 0.0885649 0.0781277 0.0559422 0.0326817 0.0159284 0.00714421 0.00404781 0.0039601 0.00526524 0.00729199 0.00980978 0.0127106 0.0158972 0.0192685 0.0227322 0.0262137 0.0296519 0.0329816 0.0361102 0.0389007 0.0411712 0.0427158 0.043341 0.0429081 0.0413682 0.0387813
 1.09351e-16 1.42685e-05 8.36902e-05 0.000397712 0.00153102 0.00477418 0.0120596 0.0246785 0.0409186 0.0549865 0.0599256 0.0530714 0.0384544 0.0233793 0.0130989 0.00875918 0.00897472 0.0120389 0.0168525 0.0227908 0.0293393 0.0359015 0.0418021 0.046399 0.0492251 0.0500942 0.0491357 0.0467395 0.0434368 0.0397575 0.0361132 0.0327373 0.029689 0.0269046 0.0242668 0.0216687
 1.0537e-16 2.50084e-05 0.000146763 0.000697611 0.00268578 0.00837531 0.0211555 0.0432876 0.0717568 0.096376 0.104899 0.0925818 0.0663904 0.0389837 0.0193673 0.00930282 0.00611436 0.00663617 0.00892692 0.0121144 0.0157913 0.0196437 0.0233404 0.0265512 0.0290052 0.0305406 0.0311271 0.0308504 0.0298706 0.0283695 0.0265087 0.0244076 0.0221449 0.0197744 0.0173438 0.0149079
 1.0642e-16 5.78361e-06 3.38577e-05 0.000160761 0.000618633 0.00192888 0.00487286 0.0099754 0.0165538 0.0222873 0.0244006 0.0218743 0.0164246 0.0111324 0.00829546 0.00858681 0.0116562 0.016966 0.0240946 0.0326175 0.0419259 0.051172 0.0593598 0.0655315 0.0689799 0.0694092 0.0669929 0.0623024 0.0561422 0.0493474 0.0426107 0.0363868 0.0308829 0.0261132 0.0219844 0.0183729
 1.09369e-16 1.87025e-05 0.000109748 0.00052165 0.00200831 0.00626266 0.015819 0.0323684 0.0536564 0.072066 0.0784404 0.0692339 0.0496566 0.0291784 0.0145414 0.00707819 0.0048139 0.00542215 0.00750936 0.0104977 0.0141668 0.0183624 0.0228935 0.0275236 0.0319944 0.0360532 0.0394747 0.0420717 0.0436995 0.0442596 0.0437065 0.0420583 0.0394068 0.0359181 0.0318219 0.0273862
 1.03057e-16 3.33709e-05 0.000195865 0.000931065 0.00358467 0.0111785 0.0282359 0.0577741 0.0957659 0.128608 0.139943 0.12342 0.088305 0.0514488 0.0248074 0.0106532 0.00533016 0.00454014 0.00565347 0.00752438 0.00969947 0.0119218 0.0139633 0.0156143 0.0167183 0.0172048 0.0171001 0.016511 0.0155889 0.0144873 0.0133266 0.0121776 0.0110636 0.00997677 0.00889832 0.00781585
 1.02532e-16 1.39367e-05 8.17277e-05 0.00038835 0.00149492 0.00466156 0.0117753 0.024098 0.0399606 0.0537129 0.0585741 0.051961 0.0378375 0.0233776 0.0137652 0.0101827 0.0113355 0.0155891 0.02185 0.029413 0.0375959 0.0455629 0.0523662 0.0571117 0.0591609 0.0582828 0.0547083 0.0490586 0.0421827 0.0349553 0.0281026 0.0221007 0.017159 0.0132693 0.0102886 0.00802131
pSPR Fmed_Fpbrs
0.354986   0.256628 0.256628
Fs Fmed_Fpbrs
0.68   1.005 1.005
SSBpbr Bo_Bmed_Bpbrs
5.28297e+06  1.61123e+06  1.09161e+06 1.09161e+06
Ro
26318.6
SPR SPRFo_SPRFmed_SPRFpbrs
542478 192572 139215
log_Ro
9.99803
likeval ReclasPelacesDesembMPH_pf_preclas_ppelaces_ptallas_desvR_qrecl_qpela
 460.377 48.2067 13969.4 0.0052425 526.688 414.814 124.729 0 128.312 0 0 0 0 0 0
q_reclas_q_pelaces
1 1
M
0.7
N
 216255 15646.9 7770.03 3858.48 3806.14
 4235.15 101601 6955.07 3453.79 3406.93
 697.231 1989.77 45161.9 3091.54 3049.6
 492.057 327.574 884.454 20074.5 2729.74
 1338.92 231.179 145.607 393.14 10136.5
 411622 629.052 102.759 64.7225 4680.44
 9813.04 193389 279.614 45.6766 2109.23
 413634 4610.38 85961.6 124.289 957.858
 81458.1 194334 2049.32 38210 481.015
 324402 38270.8 86381.7 910.924 17198.2
 482254 152411 17011.4 38396.7 8049.52
 67507.1 226573 67747 7561.59 20645.4
 103534 31716.3 100712 30113.6 12538
 8875.35 48642.3 14097.9 44766.6 18958.7
 3376.84 4169.83 21621.6 6266.54 28326
 6872 1586.51 1853.49 9610.81 15376.4
 28421.5 3228.62 705.207 823.88 11106.8
 18897.3 13353 1435.12 313.465 5303.21
 46012.1 8878.35 5935.43 637.914 2496.62
 8578.53 21617.5 3946.43 2638.31 1393.3
 24610.9 4030.38 9609 1754.19 1792.05
 119321 11562.7 1791.51 4271.21 1576.31
 57736.6 56059.8 5139.64 796.327 2599.23
pred_Ctot
 8408.77 1187.82 589.852 292.912 288.938
 164.678 7712.94 527.985 262.19 258.633
 27.1108 151.051 3428.41 234.69 231.506
 19.1329 24.8674 67.1421 1523.93 207.225
 52.0618 17.5497 11.0536 29.8447 769.5
 16005.3 47.7537 7.80084 4.91332 355.309
 381.566 14680.9 21.2266 3.46748 160.119
 16083.5 349.991 6525.66 9.43522 72.7145
 3167.38 14752.6 155.571 2900.66 36.5156
 12613.9 2905.28 6557.55 69.1516 1305.58
 18751.7 11570.1 1291.4 2914.84 611.069
 2624.92 17200 5142.92 574.028 1567.27
 4025.75 2407.7 7645.43 2286.03 951.808
 345.105 3692.62 1070.23 3398.4 1439.22
 131.304 316.547 1641.37 475.716 2150.33
 267.208 120.438 140.706 729.592 1167.28
 1105.13 245.096 53.5349 62.5438 843.161
 734.793 1013.68 108.945 23.7963 402.586
 1789.11 673.988 450.581 48.4264 189.528
 333.564 1641.06 299.588 200.284 105.771
 956.959 305.961 729.454 133.167 136.041
 4639.64 877.77 136 324.243 119.664
 2245.01 4255.71 390.169 60.4521 197.317
F
 0.0554016 0.110803 0.110803 0.110803 0.110803
 0.0554016 0.110803 0.110803 0.110803 0.110803
 0.0554016 0.110803 0.110803 0.110803 0.110803
 0.0554016 0.110803 0.110803 0.110803 0.110803
 0.0554016 0.110803 0.110803 0.110803 0.110803
 0.0554016 0.110803 0.110803 0.110803 0.110803
 0.0554016 0.110803 0.110803 0.110803 0.110803
 0.0554016 0.110803 0.110803 0.110803 0.110803
 0.0554016 0.110803 0.110803 0.110803 0.110803
 0.0554016 0.110803 0.110803 0.110803 0.110803
 0.0554016 0.110803 0.110803 0.110803 0.110803
 0.0554016 0.110803 0.110803 0.110803 0.110803
 0.0554016 0.110803 0.110803 0.110803 0.110803
 0.0554016 0.110803 0.110803 0.110803 0.110803
 0.0554016 0.110803 0.110803 0.110803 0.110803
 0.0554016 0.110803 0.110803 0.110803 0.110803
 0.0554016 0.110803 0.110803 0.110803 0.110803
 0.0554016 0.110803 0.110803 0.110803 0.110803
 0.0554016 0.110803 0.110803 0.110803 0.110803
 0.0554016 0.110803 0.110803 0.110803 0.110803
 0.0554016 0.110803 0.110803 0.110803 0.110803
 0.0554016 0.110803 0.110803 0.110803 0.110803
 0.0554016 0.110803 0.110803 0.110803 0.110803
Np
 31051.7 9329.25 4930.74 4529.52 490.758
YTP_r0W_actual
 14817 102988 13031.7 2635.71 10813
YTP_p0W_proyectada
 74434.5 282588 377372 44184.1 10973.8
 74434.5 97188.8 74672 87601.7 10532.8
CTP_r0_actual
 2245.01 4255.71 390.169 60.4521 197.317
CTP_p0_proyectada
 9077.37 13082.8 12018.2 1101.85 246.603
 9077.37 4499.48 2378.09 2184.58 236.692
Wmedp
 8.2 21.6 31.4 40.1 44.5
nmprior
 10.6 11 7 0
nm_flota  nm_reclas  nm_pelaces    nm_pelaL
inf 1.2393 2.94017 3.27499
cv_recla  cv_pelaces  cv_mph
2.03553 0.850353 2.04793
 ------------------------------------------------
Talla a la edad & desviaci?n 
 7.2 14.2025 17.0495 18.207 18.6776
 1.08 2.13037 2.55742 2.73105 2.80164
