    unsorted:	 2.153520831e-06 1.086983382e-07 0.001699984351 0.007922452946 125.6136601 74.46549572 67.16057439 98.40955035 14.73405121 32.86718983 221.5168576 227.4706182 340.6041315 476.3302043 510.8327487 659.1397435 754.7494909 722.4734984 821.8247757 861.8794543 939.0361209 1090.574233 1224.132834 1444.693107 1583.210345 1770.512180 1996.003977 2198.224068 2286.993447 2802.029134 2955.653869 3079.217880 3525.823844 4021.543458 4174.337132 4572.445956 4670.910852 5037.636901 196475.7116 77829.15680 221173.3910 274785.2679 341729.1763 377099.9203 398816.5253 424276.1219 439586.7333 452680.1697 513090.6440 530347.0221 583657.7095 630255.4612 720019.1859 826463.5751 884781.3320 1044352.303 1176340.760 1342525.581 1501043.408 1649680.937 1893322.123 2007624.195 2376583.160 2406243.428 2658699.740 32080325.31
      sorted:	 1.086983382e-07 2.153520831e-06 0.001699984351 0.007922452946 14.73405121 32.86718983 67.16057439 74.46549572 98.40955035 125.6136601 221.5168576 227.4706182 340.6041315 476.3302043 510.8327487 659.1397435 722.4734984 754.7494909 821.8247757 861.8794543 939.0361209 1090.574233 1224.132834 1444.693107 1583.210345 1770.512180 1996.003977 2198.224068 2286.993447 2802.029134 2955.653869 3079.217880 3525.823844 4021.543458 4174.337132 4572.445956 4670.910852 5037.636901 77829.15680 196475.7116 221173.3910 274785.2679 341729.1763 377099.9203 398816.5253 424276.1219 439586.7333 452680.1697 513090.6440 530347.0221 583657.7095 630255.4612 720019.1859 826463.5751 884781.3320 1044352.303 1176340.760 1342525.581 1501043.408 1649680.937 1893322.123 2007624.195 2376583.160 2406243.428 2658699.740 32080325.31
