years
 1997 1998 1999 2000 2001 2002 2003 2004 2005 2006 2007 2008 2009 2010 2011 2012 2013 2014 2015 2016 2017 2018
reclasobs
 0 0 0 370054 412103 1.49427e+06 250295 1.28982e+06 931140 785840 897777 1.04006e+06 184774 17550 25797 100020 73551 82996 120727 218422 84188 347160
reclaspred
 1.12856e+06 232791 591300 314508 402886 518877 1.07922e+06 836403 1.08216e+06 1.20663e+06 1.13282e+06 774247 448982 206509 136555 133901 158726 221131 238960 313536 471531 446484
pelacesobs
 0 0 0 0 0 0 0 0 0 2.06254e+06 1.5e+06 0 1.87456e+06 323000 250000 174000 83755 137374 0 501740 490994 745055
pelacespred
 655929 231395 202662 219608 240285 238402 553544 536628 619200 717293 586951 415364 238139 88133.8 57812 64726.9 80374.3 113121 128954 162892 267927 266287
mphobs
 0 0 0 0 0 112323 0 153150 637223 0 255016 313432 73983 77613 109348 50772 17779 17303 59886 28197 0 207744
mphpred
 797300 429012 374514 340487 299753 462270 646292 867899 854194 1.04774e+06 1.14046e+06 817135 499172 266277 126655 111339 124922 169699 209254 233683 354102 424703
desembarqueobs
 350755 77701 442110 56441 14545 235359 269955 359681 431902 328805 639364 411747 362871 311530 167758 66681 60226 58785 57116 73181 50977 67692
desembarquepred
 350759 77700.7 442120 56443.1 14545.1 235417 269976 359609 431832 328742 639330 411857 362933 311697 167709 66688 60243.7 58784.9 57109.9 73170.8 50975.1 67684.2
Reclutas
 41752.9 44120.3 22548.1 25932.4 52642.3 40137.4 80183.2 86297.7 129922 139336 72297.9 40598.5 46856.8 28534.9 19972.4 17022.5 14350.9 15687.3 16434.7 30092.9 37395.8 43019.5
log_desv_Rt
 0.0860047 0.141156 -0.530111 -0.390269 0.317756 0.0465436 0.73855 0.812039 1.22117 1.29113 0.635031 0.0579677 0.201331 -0.294635 -0.651411 -0.811227 -0.98195 -0.892912 -0.846371 -0.241475 -0.0242055 0.11589
SSB
 797300 429012 374514 340487 299753 462270 646292 867899 854194 1.04774e+06 1.14046e+06 817135 499172 266277 126655 111339 124922 169699 209254 233683 354102 424703
BT
 2.07198e+06 573951 755991 524430 579809 658231 1.69737e+06 1.6269e+06 1.9833e+06 1.98356e+06 1.82023e+06 1.23626e+06 887877 486945 287279 202064 237601 305251 318434 438095 669244 598446
Ftot
 0.299056 0.320787 0.694611 0.174106 0.0353154 0.431603 0.241921 0.410989 0.382578 0.263029 0.532427 0.502745 0.748712 1.31042 1.1041 0.473357 0.363867 0.256625 0.230964 0.225822 0.10534 0.147294
BD_Bspro_t
 0.957502 0.755546 0.636819 0.4315 0.530119 0.693664 0.627969 0.663672 0.625436 0.621907 0.612987 0.45795 0.347358 0.249403 0.150691 0.158287 0.228877 0.361476 0.470307 0.559243 0.678358 0.767642
BD_Bspro
 1.00797 0.54237 0.473472 0.430454 0.378957 0.584415 0.817062 1.09722 1.0799 1.32458 1.4418 1.03305 0.631068 0.336636 0.160122 0.140759 0.15793 0.214539 0.264546 0.295429 0.447666 0.536922
BD_Bo
 0.507017 0.272816 0.23816 0.216522 0.190618 0.293965 0.410988 0.551912 0.543197 0.666276 0.725239 0.51963 0.317432 0.16933 0.0805424 0.0708026 0.0794402 0.107914 0.133068 0.148603 0.225179 0.270076
BD_Brms
 2.4384 1.31206 1.14538 1.04132 0.916742 1.41377 1.97657 2.65432 2.6124 3.20432 3.48789 2.49906 1.52663 0.814362 0.387353 0.340512 0.382052 0.518994 0.639967 0.714678 1.08296 1.29888
S_f
 0.5 1 1 1 1
 0.5 1 1 1 1
 0.5 1 1 1 1
 0.5 1 1 1 1
 0.5 1 1 1 1
 0.5 1 1 1 1
 0.5 1 1 1 1
 0.5 1 1 1 1
 0.5 1 1 1 1
 0.5 1 1 1 1
 0.5 1 1 1 1
 0.5 1 1 1 1
 0.5 1 1 1 1
 0.5 1 1 1 1
 0.5 1 1 1 1
 0.5 1 1 1 1
 0.5 1 1 1 1
 0.5 1 1 1 1
 0.5 1 1 1 1
 0.5 1 1 1 1
 0.5 1 1 1 1
 0.5 1 1 1 1
Scru_reclas
 0.5 1 1 1 1
 0.5 1 1 1 1
 0.5 1 1 1 1
 0.5 1 1 1 1
 0.5 1 1 1 1
 0.5 1 1 1 1
 0.5 1 1 1 1
 0.5 1 1 1 1
 0.5 1 1 1 1
 0.5 1 1 1 1
 0.5 1 1 1 1
 0.5 1 1 1 1
 0.5 1 1 1 1
 0.5 1 1 1 1
 0.5 1 1 1 1
 0.5 1 1 1 1
 0.5 1 1 1 1
 0.5 1 1 1 1
 0.5 1 1 1 1
 0.5 1 1 1 1
 0.5 1 1 1 1
 0.5 1 1 1 1
Scru_pelaces
 0.5 1 1 1 1
 0.5 1 1 1 1
 0.5 1 1 1 1
 0.5 1 1 1 1
 0.5 1 1 1 1
 0.5 1 1 1 1
 0.5 1 1 1 1
 0.5 1 1 1 1
 0.5 1 1 1 1
 0.5 1 1 1 1
 0.5 1 1 1 1
 0.5 1 1 1 1
 0.5 1 1 1 1
 0.5 1 1 1 1
 0.5 1 1 1 1
 0.5 1 1 1 1
 0.5 1 1 1 1
 0.5 1 1 1 1
 0.5 1 1 1 1
 0.5 1 1 1 1
 0.5 1 1 1 1
 0.5 1 1 1 1
pf_obs 
 0.256992 0.487395 0.22802 0.0275931 0
 0.321318 0.546541 0.124235 0.00734118 0.000564706
 0.182869 0.594174 0.210203 0.0122559 0.00049798
 0.330522 0.361315 0.267642 0.0388342 0.00168674
 0.649043 0.306663 0.0425973 0.00169635 0
 0.582887 0.30429 0.105238 0.00758474 0
 0.465427 0.430635 0.0974691 0.00646863 0
 0.296916 0.608066 0.0921331 0.00288517 0
 0.311714 0.524322 0.152257 0.0117073 0
 0.15457 0.633149 0.183074 0.0267441 0.00246327
 0.131901 0.49318 0.331252 0.0422183 0.00144891
 0.196976 0.569456 0.194076 0.0375587 0.00193317
 0.518974 0.381816 0.0799577 0.0180837 0.00116848
 0.0928022 0.601141 0.25162 0.0475244 0.00691264
 0.122501 0.610282 0.24278 0.0234846 0.000952079
 0.383417 0.481906 0.127806 0.00687128 0
 0.0376549 0.599619 0.316969 0.0457579 0
 0.0361596 0.667082 0.258105 0.0386534 0
 0.158088 0.579412 0.248529 0.0139706 0
 0.0477256 0.309471 0.559284 0.082774 0.000745712
 0.0406174 0.521527 0.379366 0.0568643 0.0016247
 0.151134 0.462217 0.34131 0.0453401 0
pf_pred 
 0.446823 0.389194 0.146517 0.0174606 5.05604e-06
 0.457498 0.345998 0.138252 0.052047 0.00620428
 0.310683 0.447472 0.154245 0.0616324 0.0259682
 0.472337 0.277584 0.16234 0.0559589 0.0317809
 0.59469 0.264632 0.0740055 0.0432807 0.023392
 0.389923 0.456159 0.100495 0.0281038 0.0253192
 0.608693 0.231584 0.119426 0.0263103 0.0139866
 0.506191 0.379875 0.0674289 0.0347725 0.011733
 0.584691 0.289872 0.0964956 0.0171282 0.0118133
 0.512045 0.37028 0.0821334 0.0273414 0.00820039
 0.315518 0.474727 0.159171 0.0353064 0.0152782
 0.298081 0.364239 0.2342 0.0785248 0.0249552
 0.46245 0.266694 0.140552 0.0903731 0.0399308
 0.436368 0.385031 0.088609 0.0466984 0.0432935
 0.53956 0.322813 0.0940165 0.0216364 0.0219741
 0.5579 0.339401 0.0720022 0.02097 0.00972718
 0.463304 0.399066 0.105659 0.022415 0.00955635
 0.478276 0.342964 0.132919 0.0351922 0.0106488
 0.45542 0.361431 0.120396 0.0466605 0.0160923
 0.582034 0.267982 0.0995425 0.0331586 0.0172829
 0.517453 0.361021 0.0779172 0.0289425 0.0146661
 0.464598 0.368578 0.124811 0.0269373 0.0150762
pobs_RECLAS
 0 0 0 0 0
 0 0 0 0 0
 0 0 0 0 0
 0 0 0 0 0
 0.835266 0.146461 0.0176864 0.000547809 3.91292e-05
 0.385257 0.428462 0.181853 0.0044286 0
 0.867414 0.0963971 0.0333333 0.00285562 0
 0.441836 0.489002 0.0689373 0.000224442 0
 0.779404 0.147425 0.0564933 0.0165055 0.000172143
 0.814271 0.122319 0.05973 0.00367925 0
 0.40263 0.566651 0.0304383 0.000280538 0
 0.475488 0.404961 0.113038 0.00651328 0
 0.955842 0.0263864 0.0167828 0.000988607 0
 0.975058 0.0227948 0.00214734 0 0
 0.738997 0.206755 0.0527124 0.00153531 0
 0.850938 0.134255 0.0134407 0.00136685 0
 0.542534 0.407297 0.0501686 0 0
 0.764087 0.199537 0.0359546 0.000420521 0
 0.470689 0.182191 0.310203 0.0369168 0
 0.84361 0.089868 0.0606195 0.00523954 0.000663233
 0.607945 0.314616 0.071237 0.00620181 0
 0.523733 0.453247 0.0230204 0 0
ppred_RECLAS
 0.449632 0.387218 0.145774 0.0173719 5.03037e-06
 0.460575 0.344036 0.137468 0.0517519 0.00616909
 0.318113 0.442648 0.152582 0.0609681 0.0256883
 0.473822 0.276802 0.161883 0.0558015 0.0316915
 0.594945 0.264465 0.0739588 0.0432535 0.0233772
 0.394235 0.452935 0.0997845 0.0279052 0.0251402
 0.61078 0.230349 0.118789 0.02617 0.013912
 0.510434 0.376611 0.0668495 0.0344737 0.0116322
 0.588445 0.287252 0.0956233 0.0169734 0.0117065
 0.514469 0.36844 0.0817254 0.0272055 0.00815965
 0.320703 0.471131 0.157965 0.0350389 0.0151625
 0.302732 0.361825 0.232648 0.0780045 0.0247899
 0.471991 0.26196 0.138058 0.0887691 0.0392221
 0.458042 0.370225 0.0852016 0.0449027 0.0416286
 0.556311 0.311069 0.0905962 0.0208493 0.0211747
 0.562932 0.335538 0.0711826 0.0207314 0.00961645
 0.466916 0.39638 0.104948 0.0222641 0.00949203
 0.480627 0.341419 0.13232 0.0350337 0.0106008
 0.457479 0.360064 0.119941 0.0464841 0.0160315
 0.583998 0.266723 0.0990748 0.0330028 0.0172017
 0.518299 0.360388 0.0777807 0.0288918 0.0146404
 0.465822 0.367735 0.124526 0.0268757 0.0150417
pobs_PELACES
 0 0 0 0 0
 0 0 0 0 0
 0 0 0 0 0
 0 0 0 0 0
 0 0 0 0 0
 0 0 0 0 0
 0 0 0 0 0
 0 0 0 0 0
 0 0 0 0 0
 0 0 0 0 0
 0.450072 0.473896 0.0757376 0.000293798 0
 0 0 0 0 0
 0.463077 0.371075 0.160297 0.00555027 0
 0.529543 0.364841 0.0842815 0.0213345 0
 0.631943 0.363953 0.00410389 0 0
 0.735681 0.248677 0.0153453 0.000297389 0
 0.695825 0.281241 0.0229344 0 0
 0.275771 0.60734 0.115278 0.00161068 0
 0 0 0 0 0
 0.896147 0.0623911 0.0374545 0.00400742 0
 0.803859 0.145111 0.0509908 3.86294e-05 0
 0.739449 0.233085 0.0266225 0.000797448 4.60066e-05
ppred_PELACES
 0.461871 0.378607 0.142532 0.0169856 4.91851e-06
 0.473749 0.335633 0.134111 0.0504879 0.00601842
 0.343475 0.426184 0.146907 0.0587004 0.0247329
 0.480989 0.273032 0.159678 0.0550414 0.0312598
 0.596349 0.263549 0.0737026 0.0431036 0.0232962
 0.411364 0.440128 0.096963 0.0271161 0.0244293
 0.620226 0.224758 0.115906 0.0255348 0.0135743
 0.527361 0.363589 0.064538 0.0332817 0.01123
 0.603642 0.276645 0.0920922 0.0163466 0.0112742
 0.525302 0.36022 0.079902 0.0265986 0.0079776
 0.340135 0.457654 0.153446 0.0340366 0.0147287
 0.320524 0.352593 0.226712 0.0760142 0.0241573
 0.502846 0.246652 0.12999 0.0835817 0.0369301
 0.511996 0.333368 0.0767195 0.0404325 0.0374844
 0.600699 0.279948 0.0815326 0.0187635 0.0190563
 0.582045 0.320864 0.0680698 0.0198248 0.00919593
 0.481885 0.38525 0.102001 0.021639 0.00922549
 0.491204 0.334466 0.129625 0.0343202 0.010385
 0.466952 0.353778 0.117847 0.0456724 0.0157515
 0.593021 0.260938 0.0969259 0.0322869 0.0168286
 0.522637 0.357143 0.0770803 0.0286316 0.0145086
 0.471874 0.363568 0.123115 0.0265712 0.0148713
pobs_pel_tallas
 0 0 0 0 0 0 0 0 0 0 0 0 0 0 0 0 0 0 0 0 0 0 0 0 0 0 0 0 0 0 0 0 0 0 0 0
 0 0 0 0 0 0 0 0 0 0 0 0 0 0 0 0 0 0 0 0 0 0 0 0 0 0 0 0 0 0 0 0 0 0 0 0
 0 0 0 0 0 0 0 0 0 0 0 0 0 0 0 0 0 0 0 0 0 0 0 0 0 0 0 0 0 0 0 0 0 0 0 0
 0 0 0 0 0 0 0 0 0 0 0 0 0 0 0 0 0 0 0 0 0 0 0 0 0 0 0 0 0 0 0 0 0 0 0 0
 0 0 0 0 0 0 0 0 0 0 0 0 0 0 0 0 0 0 0 0 0 0 0 0 0 0 0 0 0 0 0 0 0 0 0 0
 0 0 0 0 0 0 0 0 0 0 0 0 0 0 0 0 0 0 0 0 0 0 0 0 0 0 0 0 0 0 0 0 0 0 0 0
 0 0 0 0 0 0 0 0 0 0 0 0 0 0 0 0 0 0 0 0 0 0 0 0 0 0 0 0 0 0 0 0 0 0 0 0
 0 0 0 0 0 0 0 0 0 0 0 0 0 0 0 0 0 0 0 0 0 0 0 0 0 0 0 0 0 0 0 0 0 0 0 0
 0 0 0 0 0 0 0 0 0 0 0 0 0 0 0 0 0 0 0 0 0 0 0 0 0 0 0 0 0 0 0 0 0 0 0 0
 0 0 0 0 0 0 0 0 0 0 0 0 0 0 0 0 0 0 0 0 0 0 0 0 0 0 0 0 0 0 0 0 0 0 0 0
 0 0 0 0 0 0 0 0 1.78061e-05 0.00172719 0.00360574 0.0105946 0.0120993 0.0124554 0.0147524 0.0171206 0.0266825 0.0428682 0.0675386 0.121331 0.153587 0.119568 0.100827 0.0573624 0.0630603 0.0341343 0.0324427 0.0444173 0.0211091 0.0280891 0.0125444 0.00206551 0 0 0 0
 0 0 0 0 0 0 0 0 0 0 0 0 0 0 0 0 0 0 0 0 0 0 0 0 0 0 0 0 0 0 0 0 0 0 0 0
 0 0 0 0 0 0 0.0133647 0.0140871 0.0187388 0.0205184 0.03894 0.0496705 0.03968 0.0493445 0.0407372 0.0367815 0.0215668 0.0243155 0.0234873 0.0199281 0.019796 0.0243948 0.0301388 0.0376714 0.0412746 0.0863199 0.0771752 0.113111 0.0741005 0.0525337 0.0229764 0.00759418 0.00175318 0 0 0
 0 0 0 0 0 0 0 0 0 0 0.00219441 0.00772107 0.0458388 0.0604681 0.0671733 0.0775358 0.0609151 0.0617685 0.073594 0.0568108 0.0755445 0.0548602 0.0670107 0.0636378 0.0643287 0.046367 0.0373049 0.0286899 0.0247887 0.0153202 0.00654259 0.00121912 0.000365735 0 0 0
 0 0 0 0 0 0 0 0 0 0 0 0 0.000112435 0.00938835 0.0111873 0.0202946 0.0414886 0.0713402 0.111592 0.104902 0.108894 0.110636 0.117776 0.105296 0.107544 0.0401394 0.0192827 0.0124803 0.00416011 0.0028671 0.000618394 0 0 0 0 0
 0 0 0 0 0 0 0 0 0 0 0.00291406 0.0102884 0.027416 0.0768956 0.0749926 0.110853 0.0956884 0.0897413 0.0766577 0.0534642 0.0500743 0.0551293 0.0594112 0.0620874 0.0668451 0.0424026 0.0208742 0.0120726 0.0048766 0.00582813 0.00118941 0.000297354 0 0 0 0
 0 0.00264628 0.0354308 0.0461629 0.0458689 0.0383711 0.0214643 0.0164657 0.0346957 0.0420465 0.0363128 0.0245516 0.0311673 0.0291091 0.0169068 0.0133784 0.00837989 0.0085269 0.0148486 0.0160247 0.0276389 0.0546898 0.0760071 0.122758 0.109233 0.0665981 0.0333725 0.0166128 0.00676272 0.00308733 0.000882094 0 0 0 0 0
 0 0 0 0 0 0 0 0.000805153 0.000690131 0.00759144 0.0133425 0.0154129 0.00931677 0.000345066 0.00356568 0.00563607 0.00851162 0.0253048 0.0502646 0.0516448 0.0657925 0.0565908 0.0611916 0.0827007 0.0866115 0.110766 0.145733 0.0935128 0.0569358 0.0249597 0.0138026 0.00621118 0.00161031 0.00115022 0 0
 0 0 0 0 0 0 0 0 0 0 0 0 0 0 0 0 0 0 0 0 0 0 0 0 0 0 0 0 0 0 0 0 0 0 0 0
 0.00147267 0.00158595 0.00478618 0.00569244 0.00954404 0.0108468 0.00647125 0.017049 0.0510054 0.094081 0.124002 0.0959785 0.0687766 0.0820023 0.061753 0.0591476 0.0492212 0.0479892 0.0443925 0.0268479 0.0217502 0.0140895 0.0121071 0.0120363 0.00920419 0.00665534 0.0049561 0.00860946 0.00930331 0.0156896 0.0114698 0.00855282 0.00243557 0.00046729 0 2.83206e-05
 0 0 0 0 0.000772559 0.00158375 0.000888443 0.00281984 0.00712685 0.0440552 0.0773331 0.111326 0.0921469 0.0852325 0.0710754 0.0886704 0.0786465 0.0553345 0.0373146 0.0185414 0.00753245 0.00457741 0.012979 0.0271748 0.0457355 0.0583668 0.034881 0.0177882 0.00938659 0.00492506 0.0015258 0.00185414 0.000309023 5.79419e-05 3.86279e-05 0
 0 0.00173294 0.00326652 0 0.00397197 0.00683976 0.00946217 0.0152591 0.00757587 0.0136028 0.0228656 0.0392903 0.0559909 0.0764795 0.0681675 0.0726916 0.0566044 0.0477403 0.0527397 0.0444891 0.0609904 0.0582453 0.0661739 0.0445044 0.0529084 0.0360697 0.0280645 0.0235558 0.0158879 0.00826598 0.00280645 0.00217768 0.000904811 0.00058276 9.20147e-05 0
ppred_pel_tallas
 1.02731e-16 2.0168e-05 0.00011833 0.000562402 0.00216514 0.00675166 0.0170545 0.0348979 0.0578557 0.0777243 0.0846472 0.074826 0.0539148 0.0321757 0.0169455 0.0097353 0.00847651 0.0106766 0.0147683 0.0199547 0.0257078 0.0314811 0.0366645 0.0406664 0.0430353 0.0435566 0.0422923 0.0395448 0.0357673 0.0314491 0.027017 0.0227776 0.0189071 0.0154745 0.0124828 0.00990524
 1.0403e-16 2.06842e-05 0.000121364 0.000576838 0.00222073 0.00692504 0.0174923 0.0357935 0.059339 0.0797123 0.0868001 0.0767001 0.0552019 0.0328174 0.0170528 0.00943652 0.00782606 0.0096525 0.0133124 0.0180164 0.0232786 0.0286182 0.0335009 0.0374059 0.0399298 0.0408711 0.0402636 0.038346 0.035484 0.0320729 0.0284553 0.0248748 0.021471 0.018303 0.015386 0.0127211
 1.05397e-16 1.50073e-05 8.80275e-05 0.000418333 0.00161042 0.00502177 0.012685 0.025958 0.0430392 0.0578333 0.0630209 0.0557955 0.0403912 0.0244834 0.0135876 0.00889806 0.00894865 0.0119417 0.0167292 0.0226767 0.0292783 0.0359495 0.0420187 0.0468312 0.0498851 0.0509386 0.0500514 0.0475432 0.0438923 0.0396086 0.0351269 0.030748 0.0266328 0.0228354 0.0193525 0.0161655
 1.05708e-16 2.09973e-05 0.000123208 0.000585618 0.00225456 0.00703054 0.0177588 0.0363382 0.06024 0.0809171 0.088097 0.0778106 0.055924 0.0330922 0.0169137 0.00891464 0.00689708 0.00824141 0.01133 0.0154028 0.0200416 0.0248621 0.0294376 0.0333421 0.03623 0.0379023 0.0383352 0.0376588 0.0361011 0.0339182 0.0313364 0.0285224 0.0255841 0.0225895 0.0195931 0.016653
 1.03702e-16 2.6027e-05 0.000152738 0.000726009 0.00279511 0.00871622 0.0220166 0.04505 0.0746793 0.100304 0.109183 0.0963819 0.0691573 0.040692 0.0203688 0.0100324 0.00690502 0.00769011 0.0103492 0.0139358 0.0179661 0.022039 0.0257341 0.0286502 0.0304839 0.0310943 0.0305276 0.0289895 0.0267808 0.0242173 0.0215629 0.0189936 0.0165954 0.0143865 0.0123509 0.0104667
 1.03594e-16 1.7968e-05 0.000105409 0.000500962 0.00192856 0.00601387 0.015191 0.0310855 0.0515382 0.0692464 0.0754381 0.0667424 0.0482139 0.0290212 0.015736 0.00974762 0.00925502 0.0120652 0.016779 0.0226398 0.0290802 0.0354744 0.0411198 0.0453445 0.0476515 0.0478305 0.0459996 0.0425573 0.0380693 0.0331281 0.0282318 0.0237161 0.0197439 0.0163413 0.0134524 0.0109933
 1.03231e-16 2.70668e-05 0.000158846 0.000755052 0.00290694 0.00906498 0.0228975 0.0468521 0.0776652 0.104311 0.113532 0.100196 0.0718374 0.0421552 0.0208915 0.00994547 0.00641109 0.00684988 0.00914695 0.0123441 0.0159875 0.0197278 0.0232028 0.0260594 0.0280183 0.0289296 0.0287961 0.0277552 0.0260295 0.0238655 0.021481 0.0190362 0.016631 0.0143188 0.0121291 0.010084
 1.02703e-16 2.30229e-05 0.000135092 0.000642098 0.00247199 0.00770858 0.0194715 0.0398433 0.066052 0.0887282 0.0966125 0.0853585 0.0614065 0.0364507 0.0188369 0.0102518 0.00829249 0.0100784 0.0138026 0.0185669 0.0238164 0.0290126 0.033571 0.0369382 0.0387088 0.0387169 0.0370705 0.0341101 0.0303141 0.0261803 0.0221251 0.018426 0.0152136 0.0125012 0.0102331 0.008329
 1.02486e-16 2.63457e-05 0.000154608 0.000734893 0.00282931 0.00882287 0.022286 0.0456013 0.0755935 0.101533 0.110522 0.09757 0.0700216 0.0412241 0.0206788 0.0102565 0.00714927 0.00802146 0.0108076 0.0145421 0.0187214 0.0229199 0.0266892 0.0296006 0.0313293 0.0317247 0.0308374 0.0288922 0.026221 0.0231781 0.0200681 0.0171044 0.0144026 0.0120007 0.0098901 0.00804464
 1.02539e-16 2.2933e-05 0.000134565 0.00063959 0.00246234 0.00767847 0.0193955 0.0396876 0.065794 0.0883816 0.0962349 0.0850245 0.0611655 0.0363064 0.0187602 0.0102074 0.00825516 0.0100353 0.0137502 0.0185079 0.023759 0.0289702 0.033561 0.0369794 0.0388175 0.0389026 0.0373322 0.0344344 0.0306757 0.026546 0.022459 0.0186956 0.0153951 0.0125832 0.0102171 0.00822797
 1.04186e-16 1.4863e-05 8.71772e-05 0.000414283 0.00159482 0.00497311 0.0125621 0.0257068 0.0426237 0.0572781 0.0624241 0.0552865 0.0400647 0.0243692 0.0136743 0.00917706 0.00943885 0.012687 0.0177809 0.0240716 0.0310193 0.0379897 0.0442541 0.049105 0.0520048 0.0527023 0.0512787 0.0481028 0.0437197 0.0387122 0.0335813 0.0286784 0.0241946 0.0201941 0.0166653 0.0135685
 1.07074e-16 1.40037e-05 8.21419e-05 0.000390365 0.00150276 0.00468606 0.0118369 0.0242223 0.0401603 0.053962 0.0587947 0.0520356 0.03763 0.0227325 0.01248 0.00797826 0.00785499 0.0104396 0.0146853 0.0200462 0.0261182 0.0324371 0.0384559 0.0436198 0.0474737 0.0497484 0.0503984 0.0495775 0.0475688 0.0446968 0.0412545 0.0374657 0.0334846 0.0294182 0.0253564 0.0213918
 1.06524e-16 2.19492e-05 0.0001288 0.000612205 0.00235694 0.00734981 0.0185652 0.037988 0.0629737 0.0845853 0.0920809 0.0813061 0.0583855 0.0344465 0.0174172 0.00887392 0.00650008 0.00754278 0.0103079 0.0140148 0.0182615 0.0227006 0.0269528 0.0306407 0.0334575 0.0352255 0.0359198 0.0356476 0.0345974 0.0329768 0.0309621 0.0286756 0.0261898 0.0235493 0.0207966 0.0179892
 1.04339e-16 2.23516e-05 0.000131154 0.000623382 0.00239994 0.0074839 0.018904 0.0386818 0.064126 0.0861396 0.0937901 0.0828559 0.0595867 0.0353319 0.0181888 0.00978964 0.00779811 0.00941827 0.0129043 0.0174024 0.0224028 0.0274196 0.0319245 0.0354127 0.0375077 0.0380434 0.0370948 0.0349415 0.0319836 0.0286372 0.0252477 0.0220414 0.0191225 0.0165022 0.014143 0.0119972
 1.02784e-16 2.62174e-05 0.000153855 0.000731313 0.00281552 0.00877988 0.0221774 0.0453791 0.0752253 0.101039 0.109985 0.0970982 0.0696878 0.0410373 0.0206029 0.0102478 0.00717902 0.00807767 0.0108874 0.0146447 0.0188438 0.0230554 0.0268277 0.0297301 0.0314389 0.031808 0.0308951 0.0289339 0.0262638 0.0232441 0.0201799 0.01728 0.0146519 0.0123233 0.0102752 0.00847324
 1.02182e-16 2.54057e-05 0.000149085 0.000708629 0.00272817 0.00850747 0.0214894 0.0439717 0.0728936 0.0979113 0.106592 0.0941295 0.0676158 0.0399348 0.0202667 0.0104368 0.00775739 0.00902376 0.0122392 0.0164437 0.0210965 0.0257093 0.0297627 0.032765 0.0343543 0.0343793 0.03293 0.030303 0.026918 0.023215 0.0195652 0.0162199 0.0133025 0.0108335 0.00877118 0.00705017
 1.02749e-16 2.10409e-05 0.000123454 0.000586763 0.00225893 0.00704415 0.0177933 0.0364096 0.0603614 0.0810892 0.0883083 0.0780541 0.0562224 0.0335158 0.0175826 0.0099908 0.00857242 0.0107168 0.0147804 0.0199269 0.0256069 0.0312595 0.0362647 0.0400294 0.042111 0.0423162 0.0407383 0.0377171 0.033742 0.0293303 0.0249226 0.0208227 0.0171877 0.0140562 0.011395 0.00914205
 1.03614e-16 2.14452e-05 0.000125832 0.00059808 0.00230252 0.00718009 0.0181366 0.0371117 0.0615237 0.0826458 0.0899907 0.0795107 0.0572055 0.0339697 0.0175801 0.00961343 0.00784009 0.00958923 0.0131941 0.0178375 0.0230229 0.0282663 0.0330326 0.0368024 0.0391757 0.0399569 0.0391878 0.0371171 0.0341217 0.0306079 0.026928 0.0233319 0.0199615 0.0168736 0.0140763 0.0115607
 1.04094e-16 2.03885e-05 0.000119627 0.000568573 0.00218891 0.00682578 0.0172417 0.0352808 0.0584895 0.0785731 0.0855646 0.0756204 0.054451 0.0324233 0.0169436 0.00952695 0.00806952 0.0100434 0.0138654 0.0187444 0.0241776 0.0296583 0.0346239 0.0385297 0.0409605 0.0417188 0.0408596 0.0386559 0.0355131 0.0318635 0.0280757 0.0244054 0.020989 0.0178712 0.0150457 0.012491
 1.03357e-16 2.58819e-05 0.000151886 0.000721958 0.00277951 0.00866759 0.0218938 0.0447986 0.0742626 0.0997446 0.108574 0.0958448 0.0687729 0.0404679 0.0202611 0.00998758 0.00688693 0.00768305 0.0103517 0.0139549 0.0180142 0.0221325 0.025891 0.0288866 0.0308094 0.0315077 0.0310135 0.0295177 0.0273087 0.0246956 0.0219435 0.0192373 0.0166783 0.014304 0.0121173 0.0101118
 1.02873e-16 2.28166e-05 0.000133882 0.000636344 0.00244984 0.00763951 0.0192971 0.0394862 0.0654601 0.0879329 0.0957462 0.0845922 0.0608531 0.0361184 0.0186584 0.0101447 0.00819643 0.00996009 0.0136478 0.0183737 0.0235937 0.0287803 0.0333597 0.0367864 0.0386571 0.0388012 0.0373145 0.0345203 0.0308774 0.0268662 0.0228907 0.0192229 0.0159952 0.0132286 0.0108786 0.00887743
 1.03474e-16 2.06036e-05 0.000120888 0.000574569 0.00221199 0.00689777 0.0174235 0.0356529 0.0591066 0.0794025 0.0864691 0.0764227 0.0550351 0.0327837 0.0171549 0.00968137 0.00823851 0.0102718 0.0141787 0.0191545 0.0246815 0.0302354 0.0352342 0.0391156 0.0414521 0.0420433 0.0409524 0.0384699 0.0350265 0.0310823 0.0270327 0.0231546 0.0195985 0.0164148 0.0135952 0.0111093
pSPR Fmed_Fpbrs
0.356306   0.25793 0.25793
Fs Fmed_Fpbrs
0.68   1.005 1.005
SSBpbr Bo_Bmed_Bpbrs
1.57253e+06  481676  326977 326977
Ro
38312
SPR SPRFo_SPRFmed_SPRFpbrs
790995 281836 204021
log_Ro
10.3735
likeval ReclasPelacesDesembMPH_pf_preclas_ppelaces_ptallas_desvR_qrecl_qpela
 104.03 76.6244 0.00396736 0.00148119 299.091 174.311 62.8063 0 12.6299 0 0 0 0 0 0
q_reclas_q_pelaces
1 1
M
0.7
N
 41752.9 19374.2 7293.7 869.195 0.251692
 44120.3 17854.2 7134.11 2685.74 320.154
 22548.1 18662.7 6433.08 2570.5 1083.06
 25932.4 7911.74 4627.03 1594.95 905.825
 52642.3 11804 3301.05 1930.56 1043.41
 40137.4 25683.9 5658.32 1582.37 1425.59
 80183.2 16062.8 8283.45 1824.9 970.114
 86297.7 35281.3 6262.53 3229.54 1089.71
 129922 34893.8 11615.8 2061.83 1422.04
 139336 53284.4 11819.3 3934.51 1180.06
 72297.9 60665.6 20340.5 4511.82 1952.41
 40598.5 27510.9 17689.1 5930.97 1884.87
 46856.8 15679.6 8263.41 5313.26 2347.63
 28534.9 16002.4 3682.71 1940.85 1799.33
 19972.4 7358.95 2143.23 493.231 500.929
 17022.5 5710.49 1211.45 352.825 163.662
 14350.9 6671.59 1766.41 374.734 159.763
 15687.3 5941.02 2302.49 609.619 184.465
 16434.7 6851.99 2282.46 884.587 305.077
 30092.9 7271.13 2700.87 899.687 468.934
 37395.8 13348.1 2880.86 1070.1 542.255
 43019.5 17617.4 5965.76 1287.56 720.619
pred_Ctot
 4206.47 3663.93 1379.34 164.377 0.0475984
 4745.78 3589.15 1434.14 539.9 64.359
 4853.69 6990.71 2409.72 962.864 405.693
 1562.69 918.365 537.089 185.136 105.145
 663.302 295.164 82.5439 48.2743 26.0908
 5672.98 6636.66 1462.1 408.882 368.369
 6615.86 2517.08 1298.04 285.966 152.019
 11665.7 8754.61 1553.97 801.368 270.399
 16448 8154.42 2714.52 481.836 332.321
 12442.8 8997.87 1995.86 664.401 199.271
 12339.8 18566.5 6225.15 1380.83 597.528
 6584.1 8045.4 5173.08 1734.48 551.218
 10751.1 6200.13 3267.57 2101 928.317
 10238.1 9033.62 2078.95 1095.64 1015.75
 6288.33 3762.23 1095.72 252.163 256.098
 2615.46 1591.13 337.549 98.3085 45.6014
 1734.88 1494.33 395.648 83.9347 35.7845
 1368.67 981.448 380.368 100.708 30.4733
 1297.67 1029.86 343.055 132.954 45.8532
 2325.8 1070.85 397.771 132.501 69.0622
 1384.04 965.631 208.407 77.4131 39.2278
 2205.99 1750.07 592.623 127.903 71.5844
F
 0.149528 0.299056 0.299056 0.299056 0.299056
 0.160394 0.320787 0.320787 0.320787 0.320787
 0.347305 0.694611 0.694611 0.694611 0.694611
 0.0870531 0.174106 0.174106 0.174106 0.174106
 0.0176577 0.0353154 0.0353154 0.0353154 0.0353154
 0.215801 0.431603 0.431603 0.431603 0.431603
 0.120961 0.241921 0.241921 0.241921 0.241921
 0.205495 0.410989 0.410989 0.410989 0.410989
 0.191289 0.382578 0.382578 0.382578 0.382578
 0.131515 0.263029 0.263029 0.263029 0.263029
 0.266214 0.532427 0.532427 0.532427 0.532427
 0.251372 0.502745 0.502745 0.502745 0.502745
 0.374356 0.748712 0.748712 0.748712 0.748712
 0.655212 1.31042 1.31042 1.31042 1.31042
 0.552049 1.1041 1.1041 1.1041 1.1041
 0.236679 0.473357 0.473357 0.473357 0.473357
 0.181934 0.363867 0.363867 0.363867 0.363867
 0.128313 0.256625 0.256625 0.256625 0.256625
 0.115482 0.230964 0.230964 0.230964 0.230964
 0.112911 0.225822 0.225822 0.225822 0.225822
 0.0526701 0.10534 0.10534 0.10534 0.10534
 0.0736471 0.147294 0.147294 0.147294 0.147294
Np
 31748.7 9538.66 3607.47 1372.45 549.228
YTP_r0W_actual
 13235.9 30451.2 16534.2 4885.88 2577.04
YTP_p0W_proyectada
 76105.3 206750 114344 49448.3 16918.8
 76105.3 99370.4 54632.2 26543.3 11787.7
CTP_r0_actual
 2205.99 1750.07 592.623 127.903 71.5844
CTP_p0_proyectada
 9281.14 9571.74 3641.52 1233.12 380.198
 9281.14 4600.48 1739.88 661.928 264.892
Wmedp
 8.2 21.6 31.4 40.1 44.5
nmprior
 10.6 11 7 0
nm_flota  nm_reclas  nm_pelaces    nm_pelaL
inf 11.0916 15.2477 15.2477
cv_recla  cv_pelaces  cv_mph
0.992746 1.11976 1.111
 ------------------------------------------------
Talla a la edad & desviaci?n 
 7.2 14.2025 17.0495 18.207 18.6776
 1.08 2.13037 2.55742 2.73105 2.80164
