    unsorted:	 7.528926545e-06 0.001599990937 0.007977274474 0.2585125616 10.23598365 30.53219030 37.14252544 67.34916305 116.3269054 86.17574222 146.2098863 227.0361217 266.9600147 396.2367454 530.1975277 500.6113045 670.8038132 741.8044721 780.8764106 843.8371217 898.0356680 987.9845864 1105.745117 1307.092940 1472.032770 1708.796250 1820.740824 2239.090227 2308.236001 2641.332942 2974.717226 3085.704814 3287.083975 3544.761289 4222.638679 4592.659021 4683.746789 5002.932684 9342.355017 204636.9988 425476.3202 438913.2809 397550.3858 376766.2794 461435.8723 341867.3935 275129.8682 524136.6202 548092.9090 616053.3109 699171.4746 737258.3942 838324.9271 1002866.937 1136973.500 1283857.201 1400035.333 1536111.915 1815133.572 1995425.168 2338546.913 2386079.802 2652522.652 30850376.76
      sorted:	 7.528926545e-06 0.001599990937 0.007977274474 0.2585125616 10.23598365 30.53219030 37.14252544 67.34916305 86.17574222 116.3269054 146.2098863 227.0361217 266.9600147 396.2367454 500.6113045 530.1975277 670.8038132 741.8044721 780.8764106 843.8371217 898.0356680 987.9845864 1105.745117 1307.092940 1472.032770 1708.796250 1820.740824 2239.090227 2308.236001 2641.332942 2974.717226 3085.704814 3287.083975 3544.761289 4222.638679 4592.659021 4683.746789 5002.932684 9342.355017 204636.9988 275129.8682 341867.3935 376766.2794 397550.3858 425476.3202 438913.2809 461435.8723 524136.6202 548092.9090 616053.3109 699171.4746 737258.3942 838324.9271 1002866.937 1136973.500 1283857.201 1400035.333 1536111.915 1815133.572 1995425.168 2338546.913 2386079.802 2652522.652 30850376.76
