years
 1997 1998 1999 2000 2001 2002 2003 2004 2005 2006 2007 2008 2009 2010 2011 2012 2013 2014 2015 2016 2017 2018 2019 2020
reclasobs
 0 0 0 370054 412103 1.49427e+06 250295 1.28982e+06 931140 785840 897777 1.04006e+06 184774 17550 25797 100020 73551 82996 120727 218422 84188 347160 605670 569463
reclaspred
 378066 103924 320192 238076 355942 425451 942809 631222 706537 641069 504588 338431 207899 97205.9 69296.5 71609.7 90295.5 123246 128904 187910 275268 252789 435708 501734
pelacesobs
 0 0 0 0 0 0 0 0 0 2.06254e+06 1.5e+06 0 1.87456e+06 323000 250000 174000 83755 137374 0 501740 490994 745055 786931 1.00524e+06
pelacespred
 1.07564e+06 262308 499852 562466 718942 720904 1.81566e+06 1.51621e+06 1.5008e+06 1.37608e+06 976688 675831 413465 161709 113406 125256 164800 227366 245652 347057 563861 506067 714048 939775
mphobs
 0 0 0 0 0 112323 0 153150 637223 0 255016 313432 73983 77613 109348 50772 17779 17303 59886 28197 0 207744 136588 643089
mphpred
 123851 75488.3 92978.9 115271 124178 196777 298099 352809 303454 307704 288252 203050 125134 66253.6 32391.5 28306.1 34706 48161.5 59533.7 67842.5 103562 123636 156601 216105
desembarqueobs
 350755 77701 442110 56441 14545 235359 269955 359681 431902 328805 639364 411747 362871 311530 167758 66681 60226 58785 57116 73181 50977 67692 138656 160484
desembarquepred
 350761 77700.9 442105 56442.1 14545.1 235393 269981 359683 431931 328825 639575 411992 363200 311970 167799 66691.8 60243.9 58786.1 57112.3 73179.4 50977.1 67686.4 138653 160483
Reclutas
 51180.2 65970.2 39784.7 65733.4 113272 81484 130580 122941 149333 146519 68225.3 40185.3 42996.6 23701.2 18498.1 23025.3 18963.5 21112.9 23538 44433.8 55808.3 71549 112133 106108
log_desv_Rt
 -0.077962 0.175887 -0.329834 0.172292 0.716473 0.387092 0.858674 0.798387 0.992865 0.97384 0.209501 -0.319815 -0.252194 -0.847789 -1.09564 -0.876723 -1.0708 -0.963429 -0.854699 -0.219314 0.00860778 0.257067 0.706374 0.65114
SSB
 690107 420627 518086 642301 691929 1.09646e+06 1.66103e+06 1.96588e+06 1.69087e+06 1.71456e+06 1.60616e+06 1.13141e+06 697259 369171 180488 157724 193385 268360 331727 378024 577056 688912 872594 1.20416e+06
BT
 2.21347e+06 601200 1.13792e+06 1.06699e+06 1.29846e+06 1.47623e+06 3.43498e+06 3.12325e+06 3.08292e+06 2.7818e+06 2.32896e+06 1.5907e+06 1.09829e+06 590600 346198 279493 344524 454159 489176 681262 1.05112e+06 969636 1.3747e+06 1.81541e+06
Ftot
 0.434002 0.363275 0.533534 0.102069 0.0195757 0.190447 0.118758 0.232296 0.259076 0.205861 0.424789 0.394175 0.624903 1.09329 1.0152 0.400039 0.285249 0.193442 0.165447 0.172988 0.0783692 0.102235 0.121286 0.121722
BD_Bspro_t
 0.946725 0.752269 0.711908 0.589374 0.721793 0.843285 0.814614 0.82192 0.774035 0.741234 0.707523 0.559456 0.445951 0.334736 0.217769 0.233137 0.347791 0.511864 0.619332 0.698906 0.794413 0.857521 0.863504 0.863278
BD_Bspro
 0.606171 0.369468 0.455073 0.564179 0.607771 0.963098 1.459 1.72678 1.48521 1.50602 1.41081 0.993802 0.612453 0.324269 0.158536 0.138541 0.169864 0.23572 0.291379 0.332046 0.50687 0.605121 0.766462 1.0577
BD_Bo
 0.317338 0.193421 0.238236 0.295355 0.318176 0.504194 0.763807 0.903988 0.777528 0.788419 0.738577 0.520268 0.320627 0.169759 0.0829955 0.0725277 0.0889258 0.123402 0.152541 0.17383 0.265353 0.316788 0.401253 0.553717
BD_Brms
 1.1095 0.676252 0.832939 1.03264 1.11243 1.7628 2.67048 3.16059 2.71845 2.75653 2.58226 1.819 1.121 0.593524 0.290175 0.253576 0.310909 0.431448 0.533324 0.607757 0.927745 1.10758 1.40289 1.93595
S_f
 0.191241 1 1 1 1
 0.191241 1 1 1 1
 0.191241 1 1 1 1
 0.191241 1 1 1 1
 0.191241 1 1 1 1
 0.191241 1 1 1 1
 0.191241 1 1 1 1
 0.191241 1 1 1 1
 0.191241 1 1 1 1
 0.191241 1 1 1 1
 0.191241 1 1 1 1
 0.191241 1 1 1 1
 0.191241 1 1 1 1
 0.191241 1 1 1 1
 0.191241 1 1 1 1
 0.191241 1 1 1 1
 0.191241 1 1 1 1
 0.191241 1 1 1 1
 0.191241 1 1 1 1
 0.191241 1 1 1 1
 0.191241 1 1 1 1
 0.191241 1 1 1 1
 0.191241 1 1 1 1
 0.191241 1 1 1 1
Scru_reclas
 1 1 1 1 1
 1 1 1 1 1
 1 1 1 1 1
 1 1 1 1 1
 1 1 1 1 1
 1 1 1 1 1
 1 1 1 1 1
 1 1 1 1 1
 1 1 1 1 1
 1 1 1 1 1
 1 1 1 1 1
 1 1 1 1 1
 1 1 1 1 1
 1 1 1 1 1
 1 1 1 1 1
 1 1 1 1 1
 1 1 1 1 1
 1 1 1 1 1
 1 1 1 1 1
 1 1 1 1 1
 1 1 1 1 1
 1 1 1 1 1
 1 1 1 1 1
 1 1 1 1 1
Scru_pelaces
 1 1 1 1 1
 1 1 1 1 1
 1 1 1 1 1
 1 1 1 1 1
 1 1 1 1 1
 1 1 1 1 1
 1 1 1 1 1
 1 1 1 1 1
 1 1 1 1 1
 1 1 1 1 1
 1 1 1 1 1
 1 1 1 1 1
 1 1 1 1 1
 1 1 1 1 1
 1 1 1 1 1
 1 1 1 1 1
 1 1 1 1 1
 1 1 1 1 1
 1 1 1 1 1
 1 1 1 1 1
 1 1 1 1 1
 1 1 1 1 1
 1 1 1 1 1
 1 1 1 1 1
pf_obs 
 0.256992 0.487395 0.22802 0.0275931 0
 0.321318 0.546541 0.124235 0.00734118 0.000564706
 0.182869 0.594174 0.210203 0.0122559 0.00049798
 0.330522 0.361315 0.267642 0.0388342 0.00168674
 0.649043 0.306663 0.0425973 0.00169635 0
 0.582887 0.30429 0.105238 0.00758474 0
 0.465427 0.430635 0.0974691 0.00646863 0
 0.296916 0.608066 0.0921331 0.00288517 0
 0.311714 0.524322 0.152257 0.0117073 0
 0.15457 0.633149 0.183074 0.0267441 0.00246327
 0.131901 0.49318 0.331252 0.0422183 0.00144891
 0.196976 0.569456 0.194076 0.0375587 0.00193317
 0.518974 0.381816 0.0799577 0.0180837 0.00116848
 0.0928022 0.601141 0.25162 0.0475244 0.00691264
 0.122501 0.610282 0.24278 0.0234846 0.000952079
 0.383417 0.481906 0.127806 0.00687128 0
 0.0376549 0.599619 0.316969 0.0457579 0
 0.0361596 0.667082 0.258105 0.0386534 0
 0.158088 0.579412 0.248529 0.0139706 0
 0.0477256 0.309471 0.559284 0.082774 0.000745712
 0.0406174 0.521527 0.379366 0.0568643 0.0016247
 0.151134 0.462217 0.34131 0.0453401 0
 0.294876 0.26143 0.354403 0.0886775 0.000613685
 0.281977 0.475581 0.204845 0.0348837 0.00271318
pf_pred 
 0.340796 0.463993 0.174457 0.0207433 1.09134e-05
 0.31942 0.522749 0.111092 0.0417696 0.00496911
 0.181472 0.608976 0.160956 0.0342055 0.0143909
 0.304242 0.416462 0.207793 0.0549208 0.0165819
 0.324664 0.476432 0.119059 0.0594042 0.0204413
 0.175728 0.591173 0.164445 0.0410942 0.0275594
 0.268107 0.401694 0.236821 0.0658757 0.0275022
 0.212042 0.527221 0.143104 0.0843674 0.0332659
 0.246172 0.460043 0.196571 0.0533553 0.0438589
 0.219219 0.513788 0.162939 0.0696221 0.0344316
 0.117479 0.544869 0.22219 0.0704638 0.0449985
 0.114488 0.406607 0.295676 0.120573 0.0626563
 0.197005 0.35997 0.203427 0.147928 0.0916701
 0.176315 0.521577 0.13543 0.0765346 0.0901431
 0.251857 0.491738 0.162361 0.042158 0.051885
 0.331567 0.496775 0.112827 0.0372532 0.0215778
 0.222613 0.588982 0.140021 0.0318015 0.0165821
 0.234086 0.483126 0.214252 0.0509349 0.0176003
 0.230919 0.489053 0.176638 0.0783335 0.0250574
 0.333911 0.418795 0.157252 0.0567969 0.0332448
 0.275411 0.535767 0.11872 0.0445778 0.025525
 0.259147 0.498708 0.179044 0.0396742 0.0234272
 0.296816 0.462054 0.162317 0.0582746 0.020538
 0.214153 0.550046 0.154942 0.0544304 0.0264285
pobs_RECLAS
 0 0 0 0 0
 0 0 0 0 0
 0 0 0 0 0
 0 0 0 0 0
 0.835266 0.146461 0.0176864 0.000547809 3.91292e-05
 0.385257 0.428462 0.181853 0.0044286 0
 0.867414 0.0963971 0.0333333 0.00285562 0
 0.441836 0.489002 0.0689373 0.000224442 0
 0.779404 0.147425 0.0564933 0.0165055 0.000172143
 0.814271 0.122319 0.05973 0.00367925 0
 0.40263 0.566651 0.0304383 0.000280538 0
 0.475488 0.404961 0.113038 0.00651328 0
 0.955842 0.0263864 0.0167828 0.000988607 0
 0.975058 0.0227948 0.00214734 0 0
 0.738997 0.206755 0.0527124 0.00153531 0
 0.850938 0.134255 0.0134407 0.00136685 0
 0.542534 0.407297 0.0501686 0 0
 0.764087 0.199537 0.0359546 0.000420521 0
 0.470689 0.182191 0.310203 0.0369168 0
 0.84361 0.089868 0.0606195 0.00523954 0.000663233
 0.607945 0.314616 0.071237 0.00620181 0
 0.523733 0.453247 0.0230204 0 0
 0.530135 0.295979 0.169645 0.0042399 0
 0.562478 0.366248 0.0663022 0.0049721 0
ppred_RECLAS
 0.735377 0.18626 0.0700319 0.00832695 4.38094e-06
 0.715023 0.218889 0.0465172 0.01749 0.0020807
 0.545814 0.337909 0.0893112 0.01898 0.00798526
 0.696826 0.181472 0.0905452 0.0239316 0.00722553
 0.715598 0.200638 0.0501387 0.0250166 0.00860836
 0.529711 0.337294 0.0938242 0.0234463 0.015724
 0.65838 0.187496 0.110539 0.0307483 0.012837
 0.587717 0.275858 0.0748761 0.0441435 0.0174057
 0.634094 0.223303 0.0954149 0.0258985 0.0212889
 0.597554 0.264827 0.0839856 0.0358861 0.0177474
 0.416919 0.359994 0.146801 0.0465554 0.0297304
 0.409266 0.271252 0.197249 0.0804352 0.0417987
 0.572822 0.191497 0.108219 0.0786949 0.0487668
 0.552082 0.283633 0.0736467 0.0416194 0.0490197
 0.657485 0.225128 0.0743324 0.0193008 0.023754
 0.726719 0.203101 0.0461282 0.0152305 0.00882184
 0.603539 0.300376 0.0714095 0.0162185 0.00845673
 0.617595 0.241215 0.106972 0.0254307 0.00878748
 0.612991 0.246096 0.0888859 0.0394182 0.0126092
 0.725705 0.17246 0.0647565 0.023389 0.0136902
 0.666142 0.246857 0.0547007 0.0205394 0.0117608
 0.647714 0.237142 0.0851381 0.0188657 0.01114
 0.68954 0.204 0.0716641 0.0257286 0.00906766
 0.589143 0.287576 0.081007 0.0284573 0.0138174
pobs_PELACES
 0 0 0 0 0
 0 0 0 0 0
 0 0 0 0 0
 0 0 0 0 0
 0 0 0 0 0
 0 0 0 0 0
 0 0 0 0 0
 0 0 0 0 0
 0 0 0 0 0
 0 0 0 0 0
 0.450072 0.473896 0.0757376 0.000293798 0
 0 0 0 0 0
 0.463077 0.371075 0.160297 0.00555027 0
 0.529543 0.364841 0.0842815 0.0213345 0
 0.631943 0.363953 0.00410389 0 0
 0.735681 0.248677 0.0153453 0.000297389 0
 0.695825 0.281241 0.0229344 0 0
 0.275771 0.60734 0.115278 0.00161068 0
 0 0 0 0 0
 0.896147 0.0623911 0.0374545 0.00400742 0
 0.803859 0.145111 0.0509908 3.86294e-05 0
 0.739449 0.233085 0.0266225 0.000797448 4.60066e-05
 0.878498 0.100942 0.0204185 0.000141795 0
 0.694673 0.275183 0.0284847 0.00165964 0
ppred_PELACES
 0.757295 0.170832 0.0642313 0.00763724 4.01808e-06
 0.734361 0.204036 0.0433607 0.0163032 0.00193951
 0.580827 0.31186 0.0824264 0.0175168 0.00736969
 0.70255 0.178046 0.0888357 0.0234797 0.00708911
 0.71666 0.199889 0.0499515 0.0249232 0.00857622
 0.542351 0.328229 0.0913024 0.0228161 0.0153014
 0.665473 0.183603 0.108244 0.0301099 0.0125705
 0.602653 0.265864 0.0721635 0.0425443 0.0167751
 0.649984 0.213606 0.0912716 0.0247739 0.0203645
 0.610693 0.256181 0.0812436 0.0347145 0.017168
 0.444712 0.342835 0.139803 0.0443363 0.0283133
 0.434921 0.259471 0.188682 0.0769419 0.0399834
 0.613051 0.173463 0.0980278 0.0712839 0.0441742
 0.622665 0.238938 0.0620415 0.035061 0.0412951
 0.715664 0.186888 0.0617065 0.0160224 0.0197192
 0.747402 0.187729 0.042637 0.0140778 0.00815416
 0.621605 0.286689 0.0681556 0.0154795 0.00807139
 0.629712 0.233572 0.103582 0.0246249 0.00850904
 0.623412 0.239469 0.0864923 0.0383567 0.0122696
 0.734798 0.166742 0.0626096 0.0226135 0.0132363
 0.670778 0.243429 0.0539412 0.0202542 0.0115975
 0.653915 0.232968 0.0836396 0.0185336 0.0109439
 0.696426 0.199475 0.0700744 0.0251579 0.00886651
 0.596983 0.282088 0.0794612 0.0279143 0.0135537
pobs_pel_tallas
 0 0 0 0 0 0 0 0 0 0 0 0 0 0 0 0 0 0 0 0 0 0 0 0 0 0 0 0 0 0 0 0 0 0 0 0
 0 0 0 0 0 0 0 0 0 0 0 0 0 0 0 0 0 0 0 0 0 0 0 0 0 0 0 0 0 0 0 0 0 0 0 0
 0 0 0 0 0 0 0 0 0 0 0 0 0 0 0 0 0 0 0 0 0 0 0 0 0 0 0 0 0 0 0 0 0 0 0 0
 0 0 0 0 0 0 0 0 0 0 0 0 0 0 0 0 0 0 0 0 0 0 0 0 0 0 0 0 0 0 0 0 0 0 0 0
 0 0 0 0 0 0 0 0 0 0 0 0 0 0 0 0 0 0 0 0 0 0 0 0 0 0 0 0 0 0 0 0 0 0 0 0
 0 0 0 0 0 0 0 0 0 0 0 0 0 0 0 0 0 0 0 0 0 0 0 0 0 0 0 0 0 0 0 0 0 0 0 0
 0 0 0 0 0 0 0 0 0 0 0 0 0 0 0 0 0 0 0 0 0 0 0 0 0 0 0 0 0 0 0 0 0 0 0 0
 0 0 0 0 0 0 0 0 0 0 0 0 0 0 0 0 0 0 0 0 0 0 0 0 0 0 0 0 0 0 0 0 0 0 0 0
 0 0 0 0 0 0 0 0 0 0 0 0 0 0 0 0 0 0 0 0 0 0 0 0 0 0 0 0 0 0 0 0 0 0 0 0
 0 0 0 0 0 0 0 0 0 0 0 0 0 0 0 0 0 0 0 0 0 0 0 0 0 0 0 0 0 0 0 0 0 0 0 0
 0 0 0 0 0 0 0 0 1.78061e-05 0.00172719 0.00360574 0.0105946 0.0120993 0.0124554 0.0147524 0.0171206 0.0266825 0.0428682 0.0675386 0.121331 0.153587 0.119568 0.100827 0.0573624 0.0630603 0.0341343 0.0324427 0.0444173 0.0211091 0.0280891 0.0125444 0.00206551 0 0 0 0
 0 0 0 0 0 0 0 0 0 0 0 0 0 0 0 0 0 0 0 0 0 0 0 0 0 0 0 0 0 0 0 0 0 0 0 0
 0 0 0 0 0 0 0.0133647 0.0140871 0.0187388 0.0205184 0.03894 0.0496705 0.03968 0.0493445 0.0407372 0.0367815 0.0215668 0.0243155 0.0234873 0.0199281 0.019796 0.0243948 0.0301388 0.0376714 0.0412746 0.0863199 0.0771752 0.113111 0.0741005 0.0525337 0.0229764 0.00759418 0.00175318 0 0 0
 0 0 0 0 0 0 0 0 0 0 0.00219441 0.00772107 0.0458388 0.0604681 0.0671733 0.0775358 0.0609151 0.0617685 0.073594 0.0568108 0.0755445 0.0548602 0.0670107 0.0636378 0.0643287 0.046367 0.0373049 0.0286899 0.0247887 0.0153202 0.00654259 0.00121912 0.000365735 0 0 0
 0 0 0 0 0 0 0 0 0 0 0 0 0.000112435 0.00938835 0.0111873 0.0202946 0.0414886 0.0713402 0.111592 0.104902 0.108894 0.110636 0.117776 0.105296 0.107544 0.0401394 0.0192827 0.0124803 0.00416011 0.0028671 0.000618394 0 0 0 0 0
 0 0 0 0 0 0 0 0 0 0 0.00291406 0.0102884 0.027416 0.0768956 0.0749926 0.110853 0.0956884 0.0897413 0.0766577 0.0534642 0.0500743 0.0551293 0.0594112 0.0620874 0.0668451 0.0424026 0.0208742 0.0120726 0.0048766 0.00582813 0.00118941 0.000297354 0 0 0 0
 0 0.00264628 0.0354308 0.0461629 0.0458689 0.0383711 0.0214643 0.0164657 0.0346957 0.0420465 0.0363128 0.0245516 0.0311673 0.0291091 0.0169068 0.0133784 0.00837989 0.0085269 0.0148486 0.0160247 0.0276389 0.0546898 0.0760071 0.122758 0.109233 0.0665981 0.0333725 0.0166128 0.00676272 0.00308733 0.000882094 0 0 0 0 0
 0 0 0 0 0 0 0 0.000805153 0.000690131 0.00759144 0.0133425 0.0154129 0.00931677 0.000345066 0.00356568 0.00563607 0.00851162 0.0253048 0.0502646 0.0516448 0.0657925 0.0565908 0.0611916 0.0827007 0.0866115 0.110766 0.145733 0.0935128 0.0569358 0.0249597 0.0138026 0.00621118 0.00161031 0.00115022 0 0
 0 0 0 0 0 0 0 0 0 0 0 0 0 0 0 0 0 0 0 0 0 0 0 0 0 0 0 0 0 0 0 0 0 0 0 0
 0.00147267 0.00158595 0.00478618 0.00569244 0.00954404 0.0108468 0.00647125 0.017049 0.0510054 0.094081 0.124002 0.0959785 0.0687766 0.0820023 0.061753 0.0591476 0.0492212 0.0479892 0.0443925 0.0268479 0.0217502 0.0140895 0.0121071 0.0120363 0.00920419 0.00665534 0.0049561 0.00860946 0.00930331 0.0156896 0.0114698 0.00855282 0.00243557 0.00046729 0 2.83206e-05
 0 0 0 0 0.000772559 0.00158375 0.000888443 0.00281984 0.00712685 0.0440552 0.0773331 0.111326 0.0921469 0.0852325 0.0710754 0.0886704 0.0786465 0.0553345 0.0373146 0.0185414 0.00753245 0.00457741 0.012979 0.0271748 0.0457355 0.0583668 0.034881 0.0177882 0.00938659 0.00492506 0.0015258 0.00185414 0.000309023 5.79419e-05 3.86279e-05 0
 0 0.00173294 0.00326652 0 0.00397197 0.00683976 0.00946217 0.0152591 0.00757587 0.0136028 0.0228656 0.0392903 0.0559909 0.0764795 0.0681675 0.0726916 0.0566044 0.0477403 0.0527397 0.0444891 0.0609904 0.0582453 0.0661739 0.0445044 0.0529084 0.0360697 0.0280645 0.0235558 0.0158879 0.00826598 0.00280645 0.00217768 0.000904811 0.00058276 9.20147e-05 0
 0 0 0 0 0 0 0 0 0 0 0 0 0 0 0 0 0 0 0 0 0 0 0 0 0 0 0 0 0 0 0 0 0 0 0 0
 0 0 0 0 0 0 0 0 0 0 0 0 0 0 0 0 0 0 0 0 0 0 0 0 0 0 0 0 0 0 0 0 0 0 0 0
ppred_pel_tallas
 1.01231e-16 3.30413e-05 0.000193927 0.000921843 0.00354915 0.0110677 0.0279561 0.0572019 0.0948185 0.127338 0.138569 0.122226 0.0874903 0.0510536 0.0247656 0.0108905 0.00582218 0.00531445 0.0067633 0.0090192 0.0116003 0.0142028 0.0165406 0.0183454 0.0194132 0.0196474 0.0190758 0.0178351 0.0161299 0.0141809 0.0121809 0.0102682 0.00852221 0.00697412 0.00562515 0.00446317
 1.01333e-16 3.20425e-05 0.00018806 0.000893946 0.00344173 0.0107327 0.02711 0.0554709 0.0919502 0.12349 0.134389 0.11856 0.0849113 0.0496392 0.0242483 0.0109493 0.00625954 0.00606987 0.00785192 0.0104711 0.013422 0.0163559 0.0189355 0.0208469 0.0218593 0.021876 0.0209539 0.0192808 0.0171235 0.0147613 0.0124307 0.0102918 0.00842419 0.00684194 0.00551973 0.00441699
 1.02218e-16 2.53522e-05 0.000148772 0.000707143 0.00272245 0.00848963 0.0214443 0.0438794 0.0727404 0.0977049 0.106366 0.0939259 0.0674613 0.0398271 0.020182 0.0103453 0.00763311 0.00884735 0.0119983 0.0161346 0.0207267 0.0253005 0.0293505 0.0323961 0.034079 0.0342427 0.0329629 0.0305149 0.027295 0.0237221 0.0201531 0.016834 0.0138919 0.0113581 0.00920537 0.00738366
 1.02458e-16 3.06545e-05 0.000179913 0.000855219 0.00329263 0.0102677 0.0259355 0.0530677 0.0879662 0.118138 0.128563 0.113414 0.0812132 0.0474524 0.0231352 0.0103747 0.00584002 0.00560547 0.00726512 0.00975519 0.0126218 0.0155655 0.0182951 0.0205304 0.0220511 0.0227397 0.0226006 0.0217447 0.020351 0.0186168 0.0167161 0.0147768 0.0128778 0.0110605 0.00934693 0.00775262
 1.02032e-16 3.12706e-05 0.000183528 0.000872402 0.00335878 0.010474 0.0264566 0.054134 0.0897342 0.120514 0.131152 0.115705 0.0828699 0.0484527 0.0236819 0.0107171 0.00616219 0.00601044 0.00779846 0.0104234 0.0133963 0.0163805 0.0190487 0.0210944 0.0222891 0.0225315 0.0218663 0.0204632 0.0185664 0.0164325 0.0142775 0.0122472 0.0104139 0.0087923 0.00736481 0.00610395
 1.02902e-16 2.36752e-05 0.000138925 0.000660325 0.00254218 0.00792747 0.0200244 0.0409742 0.0679256 0.0912412 0.0993385 0.0877428 0.0630689 0.037332 0.0190992 0.0100875 0.00780956 0.00929383 0.0126872 0.0170907 0.0219813 0.0268704 0.0312299 0.034555 0.0364676 0.0367989 0.0356215 0.0332156 0.0299866 0.0263631 0.0227095 0.0192759 0.0161908 0.0134865 0.0111383 0.00910104
 1.03219e-16 2.9038e-05 0.000170423 0.000810098 0.0031189 0.00972597 0.0245671 0.0502678 0.0833256 0.111908 0.121787 0.107447 0.0769635 0.0450163 0.0220359 0.0100338 0.00586561 0.00582302 0.00763433 0.0102935 0.0133648 0.0165508 0.0195547 0.022087 0.0239143 0.0249041 0.0250441 0.0244285 0.02322 0.021602 0.0197384 0.0177526 0.0157255 0.0137078 0.0117364 0.00984621
 1.03357e-16 2.6302e-05 0.000154353 0.000733683 0.00282465 0.00880836 0.0222494 0.0455262 0.0754687 0.101364 0.110336 0.0973997 0.0698861 0.0411178 0.0205762 0.0101245 0.00695478 0.007734 0.0104006 0.0139965 0.0180309 0.0220972 0.0257696 0.0286426 0.0304104 0.0309328 0.0302599 0.0286047 0.0262772 0.023603 0.0208555 0.0182182 0.0157814 0.0135653 0.0115523 0.00971649
 1.03169e-16 2.83638e-05 0.000166462 0.000791261 0.00304636 0.00949976 0.0239957 0.049099 0.0813891 0.10931 0.118968 0.104978 0.0752348 0.0440855 0.0217295 0.010145 0.00627301 0.00649882 0.00860009 0.0115758 0.0149652 0.0184288 0.021622 0.0242135 0.0259455 0.0266864 0.026452 0.0253864 0.0237124 0.0216715 0.0194718 0.0172602 0.0151204 0.0130882 0.011175 0.00938649
 1.03232e-16 2.66522e-05 0.000156409 0.000743463 0.00286231 0.0089258 0.022546 0.0461331 0.0764743 0.102714 0.111802 0.0986866 0.0707939 0.0416205 0.0207697 0.0101243 0.00683357 0.00751708 0.0100865 0.0135771 0.0175045 0.0214741 0.0250747 0.027913 0.0296899 0.0302645 0.029678 0.0281281 0.0259074 0.0233261 0.0206471 0.0180499 0.0156277 0.0134078 0.0113817 0.00953232
 1.04943e-16 1.94183e-05 0.000113932 0.000541501 0.00208468 0.00650075 0.0164206 0.0336008 0.0557047 0.074833 0.0814942 0.0720287 0.0518773 0.030916 0.0162033 0.0091879 0.00787377 0.00986168 0.0136517 0.0184972 0.0239226 0.0294446 0.0345217 0.0386242 0.041341 0.0424643 0.0420242 0.0402568 0.0375252 0.0342207 0.0306801 0.02714 0.0237328 0.0205131 0.0174947 0.0146825
 1.07275e-16 1.89881e-05 0.000111413 0.000529545 0.00203867 0.00635731 0.0160582 0.0328587 0.0544724 0.0731715 0.079669 0.0703783 0.0506075 0.0299978 0.0154289 0.00829298 0.00661752 0.00805005 0.0111435 0.015223 0.0199166 0.024875 0.0297008 0.0339879 0.0373943 0.0397033 0.0408514 0.0409108 0.0400426 0.0384372 0.0362671 0.0336655 0.0307298 0.0275413 0.0241858 0.0207655
 1.05962e-16 2.67516e-05 0.000157001 0.000746292 0.00287323 0.00895988 0.022632 0.0463083 0.0767626 0.103094 0.112198 0.0989919 0.0709177 0.0415022 0.0203581 0.00934421 0.00557143 0.00563309 0.00744719 0.0100986 0.0131973 0.0164795 0.0196801 0.0225359 0.0248299 0.0264298 0.0273038 0.0275068 0.0271457 0.0263383 0.0251816 0.0237392 0.0220474 0.0201329 0.0180313 0.0157986
 1.04093e-16 2.71734e-05 0.000159471 0.000758024 0.00291838 0.00910066 0.0229876 0.0470366 0.0779713 0.104722 0.113983 0.100598 0.0721363 0.0423513 0.0210259 0.010069 0.0065635 0.0070549 0.00941275 0.0126624 0.016331 0.020049 0.0234372 0.0261351 0.0278709 0.0285194 0.0281231 0.0268668 0.0250178 0.0228543 0.0206044 0.0184151 0.0163517 0.0144201 0.012599 0.0108662
 1.02409e-16 3.12266e-05 0.000183271 0.000871183 0.00335409 0.0104594 0.0264196 0.0540583 0.0896084 0.120344 0.130964 0.115533 0.082733 0.0483451 0.0235783 0.0105848 0.00596983 0.0057309 0.00741103 0.00991775 0.0127777 0.0156748 0.0183037 0.0203764 0.0216746 0.022095 0.0216677 0.0205371 0.0189169 0.0170339 0.0150805 0.0131882 0.0114254 0.00981165 0.00834053 0.00699861
 1.01532e-16 3.26105e-05 0.000191396 0.00090981 0.00350281 0.0109232 0.0275911 0.0564553 0.0935813 0.125678 0.136767 0.120646 0.0863808 0.050449 0.0245519 0.010931 0.00603351 0.00567168 0.00727269 0.00969102 0.0124314 0.0151673 0.0175881 0.0194052 0.0204059 0.0204993 0.0197344 0.0182794 0.0163742 0.0142701 0.0121791 0.0102442 0.00853584 0.00706639 0.00581394 0.00474445
 1.0197e-16 2.71293e-05 0.000159207 0.000756758 0.00291349 0.00908539 0.0229491 0.0469582 0.0778427 0.104554 0.11381 0.100472 0.0721016 0.0424438 0.0212807 0.0105367 0.00731666 0.00818078 0.0109953 0.0147579 0.0189411 0.023099 0.0267651 0.0294985 0.030973 0.0310494 0.0298031 0.027494 0.0244924 0.0211884 0.0179125 0.0148905 0.0122363 0.00997316 0.00806964 0.00647271
 1.02791e-16 2.74807e-05 0.000161275 0.0007666 0.0029514 0.00920363 0.0232477 0.0475687 0.0788533 0.105907 0.11527 0.101731 0.0729422 0.0428113 0.0212305 0.0101287 0.0065551 0.0070168 0.00936239 0.012612 0.0162953 0.0200464 0.0234873 0.0262524 0.0280576 0.028758 0.028372 0.0270607 0.0250748 0.0226877 0.0201386 0.0176001 0.0151745 0.0129095 0.0108214 0.00891636
 1.03198e-16 2.72062e-05 0.000159663 0.000758935 0.00292189 0.00911159 0.0230153 0.0470931 0.0780651 0.104849 0.114121 0.100721 0.0722266 0.0424094 0.0210645 0.0101045 0.00661082 0.00712673 0.00952133 0.0128203 0.0165504 0.0203394 0.0238025 0.0265704 0.0283592 0.0290296 0.0286106 0.0272759 0.0252878 0.0229271 0.0204335 0.0179736 0.0156379 0.0134591 0.01144 0.00957586
 1.02339e-16 3.20602e-05 0.000188167 0.000894461 0.00344372 0.0107389 0.0271257 0.0555027 0.092002 0.123556 0.134454 0.118598 0.0848966 0.049547 0.0240483 0.0105992 0.00570339 0.00524445 0.00669992 0.0089592 0.0115599 0.014212 0.016642 0.0185918 0.0198632 0.0203583 0.0200958 0.0191947 0.017836 0.0162133 0.014492 0.0127872 0.0111614 0.00963778 0.00821875 0.00690225
 1.02083e-16 2.92716e-05 0.000171789 0.000816582 0.00314384 0.00980375 0.0247636 0.0506703 0.0839944 0.11281 0.122782 0.108353 0.0776744 0.0455565 0.0225304 0.0106422 0.0067382 0.00708499 0.00937769 0.0125605 0.016124 0.0196764 0.0228211 0.0251854 0.0264941 0.0266298 0.025656 0.0237906 0.0213436 0.0186396 0.0159515 0.0134627 0.0112627 0.00936588 0.00774301 0.00634988
 1.02412e-16 2.8536e-05 0.000167471 0.000796055 0.00306481 0.00955729 0.0241411 0.0493965 0.0818828 0.109974 0.119695 0.105629 0.0757208 0.0444098 0.0219624 0.0103748 0.00657479 0.00692742 0.00919254 0.0123501 0.0159143 0.0195137 0.0227694 0.0253196 0.0268886 0.0273448 0.0267239 0.0252065 0.0230625 0.0205812 0.0180118 0.0155293 0.0132304 0.0111496 0.0092855 0.00762413
 1.02339e-16 3.03883e-05 0.000178349 0.000847777 0.00326397 0.0101784 0.0257098 0.0526059 0.0872014 0.117113 0.127452 0.112446 0.0805456 0.0471139 0.0230658 0.0105044 0.00613502 0.0060697 0.00791957 0.0106161 0.0136843 0.0167936 0.0196183 0.0218497 0.0232519 0.0237116 0.0232572 0.0220397 0.0202849 0.0182346 0.0160957 0.0140126 0.0120637 0.0102767 0.00865077 0.00717691
 1.02813e-16 2.60555e-05 0.000152904 0.00072679 0.00279811 0.00872558 0.0220403 0.0450985 0.0747603 0.100415 0.109307 0.0965014 0.0692644 0.0407978 0.020501 0.0102274 0.00720293 0.00813081 0.0109677 0.0147546 0.018986 0.0232304 0.0270331 0.0299607 0.0316877 0.0320669 0.0311567 0.0291921 0.0265144 0.0234844 0.0204078 0.0174938 0.0148494 0.0125016 0.0104317 0.00860563
pSPR Fmed_Fpbrs
0.428376   0.336019 0.336019
Fs Fmed_Fpbrs
0.68   1.005 1.005
SSBpbr Bo_Bmed_Bpbrs
2.17468e+06  822845  621998 621998
Ro
55330
SPR SPRFo_SPRFmed_SPRFpbrs
1.13847e+06 487693 382547
log_Ro
10.7411
likeval ReclasPelacesDesembMPH_pf_preclas_ppelaces_ptallas_desvR_qrecl_qpela
 64.7773 27.0822 0.0175061 0.000381547 304.646 187.92 70.8725 0 15.1218 7.85051e-05 0 0 0 0 0
q_reclas_q_pelaces
0.284921 1
M
0.7
N
 51180.2 15450.1 5809.09 690.713 0.363395
 65970.2 23391.1 4970.96 1869.03 222.349
 39784.7 30561.2 8077.48 1716.59 722.202
 65733.4 17840.1 8901.29 2352.66 710.325
 113272 32011.3 7999.5 3991.34 1373.44
 81484 56038.8 15588.2 3895.43 2612.43
 130580 39016.6 23002.4 6398.51 2671.29
 122941 63388.2 17205.5 10143.6 3999.59
 149333 58397.8 24952.7 6772.92 5567.44
 146519 70572.1 22380.8 9563.05 4729.4
 68225.3 69950.4 28524.8 9046.17 5776.92
 40185.3 31236.2 22714.4 9262.59 4813.37
 42996.6 18506.4 10458.4 7605.12 4712.85
 23701.2 18946.4 4919.54 2780.14 3274.47
 18498.1 9549.07 3152.9 818.667 1007.56
 23025.3 7564.93 1718.15 567.295 328.589
 18963.5 10591.9 2518.05 571.899 298.202
 21112.9 8917.05 3954.44 940.104 324.849
 23538 10103.6 3649.25 1618.34 517.675
 44433.8 11324.6 4252.24 1535.84 898.968
 55808.3 21347.2 4730.29 1776.17 1017.02
 71549 27301.3 9801.64 2171.93 1282.5
 112133 34842.3 12239.9 4394.33 1548.71
 106108 54407.1 15325.9 5383.91 2614.14
pred_Ctot
 2945.69 4010.54 1507.93 179.296 0.0943304
 3196.95 5231.99 1111.88 418.055 49.7338
 2791.76 9368.43 2476.13 526.214 221.389
 914.847 1252.29 624.827 165.145 49.8614
 304.459 446.783 111.649 55.7073 19.1692
 2100.32 7065.78 1965.47 491.163 329.393
 2111.53 3163.62 1865.13 518.817 216.599
 3851.68 9576.81 2599.44 1532.51 604.265
 5206.2 9729.29 4157.21 1128.39 927.556
 4077.04 9555.44 3030.35 1294.83 640.36
 3846.32 17839.2 7274.59 2307.02 1473.27
 2107.61 7485.19 5443.08 2219.61 1153.43
 3507.19 6408.38 3621.52 2633.49 1631.96
 3254.89 9628.62 2500.12 1412.87 1664.1
 2373.94 4635 1530.38 397.371 489.055
 1224.98 1835.34 416.843 137.633 79.7196
 726.321 1921.67 456.846 103.759 54.1024
 552.622 1140.55 505.798 120.245 41.5502
 528.177 1118.6 404.021 179.171 57.3136
 1041.85 1306.7 490.65 177.215 103.729
 597.556 1162.45 257.585 96.7201 55.3813
 997.386 1919.39 689.094 152.696 90.1651
 1851.45 2882.15 1012.48 363.498 128.109
 1758.19 4515.86 1272.07 446.872 216.977
F
 0.082999 0.434002 0.434002 0.434002 0.434002
 0.0694729 0.363275 0.363275 0.363275 0.363275
 0.102033 0.533534 0.533534 0.533534 0.533534
 0.0195198 0.102069 0.102069 0.102069 0.102069
 0.00374368 0.0195757 0.0195757 0.0195757 0.0195757
 0.0364213 0.190447 0.190447 0.190447 0.190447
 0.0227114 0.118758 0.118758 0.118758 0.118758
 0.0444245 0.232296 0.232296 0.232296 0.232296
 0.0495458 0.259076 0.259076 0.259076 0.259076
 0.039369 0.205861 0.205861 0.205861 0.205861
 0.0812371 0.424789 0.424789 0.424789 0.424789
 0.0753823 0.394175 0.394175 0.394175 0.394175
 0.119507 0.624903 0.624903 0.624903 0.624903
 0.209082 1.09329 1.09329 1.09329 1.09329
 0.194147 1.0152 1.0152 1.0152 1.0152
 0.0765038 0.400039 0.400039 0.400039 0.400039
 0.0545512 0.285249 0.285249 0.285249 0.285249
 0.0369939 0.193442 0.193442 0.193442 0.193442
 0.0316403 0.165447 0.165447 0.165447 0.165447
 0.0330825 0.172988 0.172988 0.172988 0.172988
 0.0149874 0.0783692 0.0783692 0.0783692 0.0783692
 0.0195515 0.102235 0.102235 0.102235 0.102235
 0.0231949 0.121286 0.121286 0.121286 0.121286
 0.0232782 0.121722 0.121722 0.121722 0.121722
Np
 38021.2 15579.4 9357.49 4348.25 1447.5
YTP_r0W_actual
 14065.5 85801.4 34982 16087.4 9546.99
YTP_p0W_proyectada
 39642.3 536292 362269 130322 73142.2
 39642.3 162300 141711 84095.8 31066.7
CTP_r0_actual
 1758.19 4515.86 1272.07 446.872 216.977
CTP_p0_proyectada
 4834.42 24828.3 11537.2 3249.92 1643.65
 4834.42 7513.91 4513.1 2097.15 698.127
Wmedp
 8.2 21.6 31.4 40.1 44.5
nmprior
 10.6 11 7 0
nm_flota  nm_reclas  nm_pelaces    nm_pelaL
inf 14.8958 18.9392 34.1062
cv_recla  cv_pelaces  cv_mph
0.74514 0.61236 0.541754
 ------------------------------------------------
Talla a la edad & desviaci?n 
 7.2 14.2025 17.0495 18.207 18.6776
 1.08 2.13037 2.55742 2.73105 2.80164
