years
 1997 1998 1999 2000 2001 2002 2003 2004 2005 2006 2007 2008 2009 2010 2011 2012 2013 2014 2015 2016 2017 2018 2019 2020
reclasobs
 0 0 0 370054 412103 1.49427e+06 250295 1.28982e+06 931140 785840 897777 1.04006e+06 184774 17550 25797 100020 73551 82996 120727 218422 84188 347160 605670 569463
reclaspred
 487028 125451 317012 218191 354139 433727 955515 654108 741704 762623 645204 449314 278360 115642 68845.7 65495.5 78800.9 105992 113937 155815 235541 223034 383377 458360
pelacesobs
 0 0 0 0 0 0 0 0 0 2.06254e+06 1.5e+06 0 1.87456e+06 323000 250000 174000 83755 137374 0 501740 490994 745055 786931 1.00524e+06
pelacespred
 1.93605e+06 443320 661906 738278 1.05458e+06 1.03924e+06 2.63452e+06 2.15448e+06 2.19177e+06 2.29213e+06 1.69071e+06 1.22703e+06 735361 237305 142710 150859 190734 270186 295364 392648 690904 639253 876739 1.19328e+06
mphobs
 0 0 0 0 0 112323 0 153150 637223 0 255016 313432 73983 77613 109348 50772 17779 17303 59886 28197 0 207744 136588 643089
mphpred
 176279 96882.1 107390 104160 121778 206493 294604 363646 312894 335190 350867 246751 155330 81216.8 34699.4 27651 31066.2 40993.6 51358.9 58198.5 88044.5 108758 136980 189623
desembarqueobs
 350755 77701 442110 56441 14545 235359 269955 359681 431902 328805 639364 411747 362871 311530 167758 66681 60226 58785 57116 73181 50977 67692 138656 160484
desembarquepred
 350761 77699.4 442090 56444.1 14545.3 235437 270018 359673 431943 328811 639312 411780 362934 311620 167584 66676.7 60252.7 58778.3 57100.6 73177.6 50979.5 67682.2 138657 160490
Reclutas
 36378.9 44184.3 22613.4 34489.5 60972.3 43451.4 77763.2 75944.7 99348.7 116893 66520 46078.2 46162 24841.2 14454.9 13371.4 10155 11667.4 12483.9 20235.1 26479.1 34278.5 54052.9 57076.5
log_desv_Rt
 0.0333363 0.227717 -0.442113 -0.0199982 0.549766 0.21099 0.793014 0.769351 1.03798 1.2006 0.636849 0.269686 0.271503 -0.348149 -0.889621 -0.967539 -1.24269 -1.10386 -1.03621 -0.553233 -0.284297 -0.0261355 0.429309 0.483739
SSB
 450137 247393 274225 265977 310966 527290 752284 928587 798991 855923 895956 630091 396642 207391 88606.5 70608.1 79328.9 104679 131147 148613 224826 277718 349784 484210
BT
 1.54657e+06 376961 654136 486388 631256 743973 1.7959e+06 1.64819e+06 1.71907e+06 1.662e+06 1.53617e+06 1.07207e+06 789504 431641 227990 145144 163002 207130 214588 291185 448355 413342 594448 807362
Ftot
 0.95685 0.876014 1.51383 0.323965 0.056172 0.530283 0.334726 0.66073 0.746947 0.551396 1.024 0.901939 1.438 2.81281 3.22732 1.3775 1.0113 0.692207 0.558184 0.588231 0.270452 0.329355 0.393022 0.395012
BD_Bspro_t
 0.910835 0.639697 0.560249 0.378423 0.5428 0.720451 0.667159 0.684395 0.617305 0.58872 0.56914 0.410628 0.307708 0.209374 0.113407 0.111821 0.167078 0.273429 0.375431 0.464185 0.594358 0.703527 0.715133 0.7176
BD_Bspro
 0.621744 0.341707 0.378768 0.367376 0.429517 0.72831 1.03908 1.28259 1.10359 1.18223 1.23752 0.870303 0.547855 0.286455 0.122386 0.0975263 0.109572 0.144586 0.181145 0.205269 0.310537 0.383594 0.483134 0.668807
BD_Bo
 0.510827 0.280748 0.311197 0.301838 0.352892 0.598382 0.853712 1.05378 0.906715 0.971323 1.01675 0.715044 0.45012 0.235353 0.100553 0.080128 0.0900245 0.118793 0.148829 0.16865 0.255138 0.315162 0.396944 0.549494
BD_Brms
 1.42033 0.780604 0.865267 0.839243 0.981198 1.66377 2.3737 2.92999 2.52107 2.70071 2.82703 1.98814 1.25153 0.654385 0.279582 0.222791 0.250308 0.330296 0.413812 0.468921 0.709398 0.876291 1.10368 1.52784
S_f
 0.106915 0.694616 0.977384 0.998784 0.999936
 0.106915 0.694616 0.977384 0.998784 0.999936
 0.106915 0.694616 0.977384 0.998784 0.999936
 0.106915 0.694616 0.977384 0.998784 0.999936
 0.106915 0.694616 0.977384 0.998784 0.999936
 0.106915 0.694616 0.977384 0.998784 0.999936
 0.106915 0.694616 0.977384 0.998784 0.999936
 0.106915 0.694616 0.977384 0.998784 0.999936
 0.106915 0.694616 0.977384 0.998784 0.999936
 0.106915 0.694616 0.977384 0.998784 0.999936
 0.106915 0.694616 0.977384 0.998784 0.999936
 0.106915 0.694616 0.977384 0.998784 0.999936
 0.106915 0.694616 0.977384 0.998784 0.999936
 0.106915 0.694616 0.977384 0.998784 0.999936
 0.106915 0.694616 0.977384 0.998784 0.999936
 0.106915 0.694616 0.977384 0.998784 0.999936
 0.106915 0.694616 0.977384 0.998784 0.999936
 0.106915 0.694616 0.977384 0.998784 0.999936
 0.106915 0.694616 0.977384 0.998784 0.999936
 0.106915 0.694616 0.977384 0.998784 0.999936
 0.106915 0.694616 0.977384 0.998784 0.999936
 0.106915 0.694616 0.977384 0.998784 0.999936
 0.106915 0.694616 0.977384 0.998784 0.999936
 0.106915 0.694616 0.977384 0.998784 0.999936
Scru_reclas
 0.730255 0.942025 0.98985 0.998295 0.999715
 0.730255 0.942025 0.98985 0.998295 0.999715
 0.730255 0.942025 0.98985 0.998295 0.999715
 0.730255 0.942025 0.98985 0.998295 0.999715
 0.730255 0.942025 0.98985 0.998295 0.999715
 0.730255 0.942025 0.98985 0.998295 0.999715
 0.730255 0.942025 0.98985 0.998295 0.999715
 0.730255 0.942025 0.98985 0.998295 0.999715
 0.730255 0.942025 0.98985 0.998295 0.999715
 0.730255 0.942025 0.98985 0.998295 0.999715
 0.730255 0.942025 0.98985 0.998295 0.999715
 0.730255 0.942025 0.98985 0.998295 0.999715
 0.730255 0.942025 0.98985 0.998295 0.999715
 0.730255 0.942025 0.98985 0.998295 0.999715
 0.730255 0.942025 0.98985 0.998295 0.999715
 0.730255 0.942025 0.98985 0.998295 0.999715
 0.730255 0.942025 0.98985 0.998295 0.999715
 0.730255 0.942025 0.98985 0.998295 0.999715
 0.730255 0.942025 0.98985 0.998295 0.999715
 0.730255 0.942025 0.98985 0.998295 0.999715
 0.730255 0.942025 0.98985 0.998295 0.999715
 0.730255 0.942025 0.98985 0.998295 0.999715
 0.730255 0.942025 0.98985 0.998295 0.999715
 0.730255 0.942025 0.98985 0.998295 0.999715
Scru_pelaces
 0.719302 1 1 1 1
 0.719302 1 1 1 1
 0.719302 1 1 1 1
 0.719302 1 1 1 1
 0.719302 1 1 1 1
 0.719302 1 1 1 1
 0.719302 1 1 1 1
 0.719302 1 1 1 1
 0.719302 1 1 1 1
 0.719302 1 1 1 1
 0.719302 1 1 1 1
 0.719302 1 1 1 1
 0.719302 1 1 1 1
 0.719302 1 1 1 1
 0.719302 1 1 1 1
 0.719302 1 1 1 1
 0.719302 1 1 1 1
 0.719302 1 1 1 1
 0.719302 1 1 1 1
 0.719302 1 1 1 1
 0.719302 1 1 1 1
 0.719302 1 1 1 1
 0.719302 1 1 1 1
 0.719302 1 1 1 1
pf_obs 
 0.256992 0.487395 0.22802 0.0275931 0
 0.321318 0.546541 0.124235 0.00734118 0.000564706
 0.182869 0.594174 0.210203 0.0122559 0.00049798
 0.330522 0.361315 0.267642 0.0388342 0.00168674
 0.649043 0.306663 0.0425973 0.00169635 0
 0.582887 0.30429 0.105238 0.00758474 0
 0.465427 0.430635 0.0974691 0.00646863 0
 0.296916 0.608066 0.0921331 0.00288517 0
 0.311714 0.524322 0.152257 0.0117073 0
 0.15457 0.633149 0.183074 0.0267441 0.00246327
 0.131901 0.49318 0.331252 0.0422183 0.00144891
 0.196976 0.569456 0.194076 0.0375587 0.00193317
 0.518974 0.381816 0.0799577 0.0180837 0.00116848
 0.0928022 0.601141 0.25162 0.0475244 0.00691264
 0.122501 0.610282 0.24278 0.0234846 0.000952079
 0.383417 0.481906 0.127806 0.00687128 0
 0.0376549 0.599619 0.316969 0.0457579 0
 0.0361596 0.667082 0.258105 0.0386534 0
 0.158088 0.579412 0.248529 0.0139706 0
 0.0477256 0.309471 0.559284 0.082774 0.000745712
 0.0406174 0.521527 0.379366 0.0568643 0.0016247
 0.151134 0.462217 0.34131 0.0453401 0
 0.294876 0.26143 0.354403 0.0886775 0.000613685
 0.281977 0.475581 0.204845 0.0348837 0.00271318
pf_pred 
 0.306205 0.474387 0.195972 0.0234231 1.29219e-05
 0.287235 0.556556 0.121943 0.0307144 0.00355097
 0.158501 0.640576 0.171448 0.0231746 0.00630062
 0.27696 0.459002 0.225554 0.0330411 0.00544212
 0.284702 0.494643 0.158228 0.0535198 0.00890791
 0.148214 0.584234 0.203043 0.046539 0.0179694
 0.25243 0.395005 0.27092 0.0623738 0.0192715
 0.202832 0.54903 0.154443 0.0724164 0.0212781
 0.251606 0.48124 0.207369 0.0376279 0.0221567
 0.243672 0.537623 0.161939 0.0443682 0.0123981
 0.141692 0.591928 0.210544 0.041646 0.0141904
 0.147049 0.493106 0.283605 0.0607006 0.0155393
 0.222916 0.466202 0.215139 0.0759887 0.0197539
 0.212966 0.606903 0.132301 0.0335268 0.0143031
 0.283244 0.603401 0.101446 0.00890074 0.00300853
 0.332127 0.594115 0.069046 0.00424891 0.000462853
 0.220712 0.634273 0.135607 0.00882908 0.00057852
 0.24361 0.517565 0.209899 0.0271094 0.00181659
 0.221616 0.539956 0.184072 0.0479437 0.00641228
 0.287959 0.46647 0.190564 0.0427368 0.0122698
 0.251967 0.544528 0.151511 0.0406034 0.0113899
 0.22836 0.508598 0.2092 0.0403335 0.0135086
 0.264058 0.472318 0.194869 0.0549612 0.0137941
 0.206847 0.548499 0.177797 0.0497522 0.0171046
pobs_RECLAS
 0 0 0 0 0
 0 0 0 0 0
 0 0 0 0 0
 0 0 0 0 0
 0.835266 0.146461 0.0176864 0.000547809 3.91292e-05
 0.385257 0.428462 0.181853 0.0044286 0
 0.867414 0.0963971 0.0333333 0.00285562 0
 0.441836 0.489002 0.0689373 0.000224442 0
 0.779404 0.147425 0.0564933 0.0165055 0.000172143
 0.814271 0.122319 0.05973 0.00367925 0
 0.40263 0.566651 0.0304383 0.000280538 0
 0.475488 0.404961 0.113038 0.00651328 0
 0.955842 0.0263864 0.0167828 0.000988607 0
 0.975058 0.0227948 0.00214734 0 0
 0.738997 0.206755 0.0527124 0.00153531 0
 0.850938 0.134255 0.0134407 0.00136685 0
 0.542534 0.407297 0.0501686 0 0
 0.764087 0.199537 0.0359546 0.000420521 0
 0.470689 0.182191 0.310203 0.0369168 0
 0.84361 0.089868 0.0606195 0.00523954 0.000663233
 0.607945 0.314616 0.071237 0.00620181 0
 0.523733 0.453247 0.0230204 0 0
 0.530135 0.295979 0.169645 0.0042399 0
 0.562478 0.366248 0.0663022 0.0049721 0
ppred_RECLAS
 0.719236 0.210508 0.0628573 0.0073947 4.07998e-06
 0.693098 0.255114 0.0405649 0.01006 0.00116322
 0.529031 0.386455 0.072312 0.00959368 0.00260821
 0.683505 0.222007 0.0808762 0.0116857 0.00192519
 0.685661 0.236067 0.0563361 0.0188048 0.00313074
 0.494668 0.378218 0.0967961 0.0218715 0.00844666
 0.662842 0.203181 0.103277 0.0234523 0.00724773
 0.590726 0.30788 0.0634579 0.0293201 0.00861673
 0.66035 0.241929 0.0761057 0.0136039 0.00801183
 0.643105 0.274908 0.0609312 0.016456 0.00459937
 0.49038 0.385183 0.0986843 0.0192073 0.00654539
 0.507321 0.322605 0.134482 0.0283373 0.00725532
 0.641906 0.24427 0.0792098 0.027472 0.00714155
 0.654009 0.292108 0.0398689 0.00982554 0.00418952
 0.740103 0.233649 0.0235674 0.0020039 0.000676849
 0.737576 0.241314 0.0197846 0.00119589 0.000130275
 0.613551 0.331824 0.0511343 0.00327611 0.000214689
 0.646856 0.264119 0.0783815 0.00997441 0.0006685
 0.615512 0.290446 0.0728393 0.018701 0.00250169
 0.697356 0.218421 0.0655677 0.0144932 0.00416186
 0.648518 0.275346 0.0568804 0.0150371 0.00421918
 0.623746 0.272196 0.082989 0.0157816 0.00528687
 0.669715 0.234005 0.0714258 0.0198667 0.00498725
 0.592344 0.306802 0.0735701 0.0203023 0.00698144
pobs_PELACES
 0 0 0 0 0
 0 0 0 0 0
 0 0 0 0 0
 0 0 0 0 0
 0 0 0 0 0
 0 0 0 0 0
 0 0 0 0 0
 0 0 0 0 0
 0 0 0 0 0
 0 0 0 0 0
 0.450072 0.473896 0.0757376 0.000293798 0
 0 0 0 0 0
 0.463077 0.371075 0.160297 0.00555027 0
 0.529543 0.364841 0.0842815 0.0213345 0
 0.631943 0.363953 0.00410389 0 0
 0.735681 0.248677 0.0153453 0.000297389 0
 0.695825 0.281241 0.0229344 0 0
 0.275771 0.60734 0.115278 0.00161068 0
 0 0 0 0 0
 0.896147 0.0623911 0.0374545 0.00400742 0
 0.803859 0.145111 0.0509908 3.86294e-05 0
 0.739449 0.233085 0.0266225 0.000797448 4.60066e-05
 0.878498 0.100942 0.0204185 0.000141795 0
 0.694673 0.275183 0.0284847 0.00165964 0
ppred_PELACES
 0.74739 0.195818 0.0508927 0.00589653 3.24757e-06
 0.717311 0.240084 0.033479 0.00818166 0.000944379
 0.590759 0.346755 0.0536141 0.00697785 0.00189326
 0.686007 0.225511 0.0758553 0.0108427 0.00178354
 0.674791 0.247665 0.0559542 0.018512 0.00307754
 0.507844 0.377568 0.0875212 0.0195352 0.00753216
 0.667821 0.206748 0.0969371 0.0217749 0.00671892
 0.610123 0.301483 0.0556011 0.0253541 0.00743872
 0.683215 0.233377 0.0651644 0.0114888 0.00675466
 0.655651 0.271416 0.0543795 0.0145057 0.00404767
 0.529847 0.367737 0.0814915 0.0156135 0.00531109
 0.543521 0.312707 0.114044 0.0236762 0.00605122
 0.699333 0.217002 0.0585585 0.0199343 0.00517188
 0.759678 0.211921 0.0211722 0.00507193 0.00215724
 0.835915 0.152091 0.0108033 0.000890293 0.000299916
 0.775392 0.209302 0.0143611 0.00085239 9.26753e-05
 0.646299 0.309608 0.0413167 0.00260604 0.00017047
 0.666544 0.25646 0.0679005 0.00852579 0.000570449
 0.629137 0.287118 0.0650478 0.0164942 0.00220287
 0.711505 0.214276 0.0579459 0.0126475 0.00362587
 0.647124 0.280974 0.053862 0.0140918 0.00394791
 0.626368 0.276353 0.0777585 0.0146278 0.00489277
 0.675566 0.235722 0.0660079 0.018154 0.00455014
 0.597931 0.309147 0.0679975 0.0185539 0.0063702
pobs_pel_tallas
 0 0 0 0 0 0 0 0 0 0 0 0 0 0 0 0 0 0 0 0 0 0 0 0 0 0 0 0 0 0 0 0 0 0 0 0
 0 0 0 0 0 0 0 0 0 0 0 0 0 0 0 0 0 0 0 0 0 0 0 0 0 0 0 0 0 0 0 0 0 0 0 0
 0 0 0 0 0 0 0 0 0 0 0 0 0 0 0 0 0 0 0 0 0 0 0 0 0 0 0 0 0 0 0 0 0 0 0 0
 0 0 0 0 0 0 0 0 0 0 0 0 0 0 0 0 0 0 0 0 0 0 0 0 0 0 0 0 0 0 0 0 0 0 0 0
 0 0 0 0 0 0 0 0 0 0 0 0 0 0 0 0 0 0 0 0 0 0 0 0 0 0 0 0 0 0 0 0 0 0 0 0
 0 0 0 0 0 0 0 0 0 0 0 0 0 0 0 0 0 0 0 0 0 0 0 0 0 0 0 0 0 0 0 0 0 0 0 0
 0 0 0 0 0 0 0 0 0 0 0 0 0 0 0 0 0 0 0 0 0 0 0 0 0 0 0 0 0 0 0 0 0 0 0 0
 0 0 0 0 0 0 0 0 0 0 0 0 0 0 0 0 0 0 0 0 0 0 0 0 0 0 0 0 0 0 0 0 0 0 0 0
 0 0 0 0 0 0 0 0 0 0 0 0 0 0 0 0 0 0 0 0 0 0 0 0 0 0 0 0 0 0 0 0 0 0 0 0
 0 0 0 0 0 0 0 0 0 0 0 0 0 0 0 0 0 0 0 0 0 0 0 0 0 0 0 0 0 0 0 0 0 0 0 0
 0 0 0 0 0 0 0 0 1.78061e-05 0.00172719 0.00360574 0.0105946 0.0120993 0.0124554 0.0147524 0.0171206 0.0266825 0.0428682 0.0675386 0.121331 0.153587 0.119568 0.100827 0.0573624 0.0630603 0.0341343 0.0324427 0.0444173 0.0211091 0.0280891 0.0125444 0.00206551 0 0 0 0
 0 0 0 0 0 0 0 0 0 0 0 0 0 0 0 0 0 0 0 0 0 0 0 0 0 0 0 0 0 0 0 0 0 0 0 0
 0 0 0 0 0 0 0.0133647 0.0140871 0.0187388 0.0205184 0.03894 0.0496705 0.03968 0.0493445 0.0407372 0.0367815 0.0215668 0.0243155 0.0234873 0.0199281 0.019796 0.0243948 0.0301388 0.0376714 0.0412746 0.0863199 0.0771752 0.113111 0.0741005 0.0525337 0.0229764 0.00759418 0.00175318 0 0 0
 0 0 0 0 0 0 0 0 0 0 0.00219441 0.00772107 0.0458388 0.0604681 0.0671733 0.0775358 0.0609151 0.0617685 0.073594 0.0568108 0.0755445 0.0548602 0.0670107 0.0636378 0.0643287 0.046367 0.0373049 0.0286899 0.0247887 0.0153202 0.00654259 0.00121912 0.000365735 0 0 0
 0 0 0 0 0 0 0 0 0 0 0 0 0.000112435 0.00938835 0.0111873 0.0202946 0.0414886 0.0713402 0.111592 0.104902 0.108894 0.110636 0.117776 0.105296 0.107544 0.0401394 0.0192827 0.0124803 0.00416011 0.0028671 0.000618394 0 0 0 0 0
 0 0 0 0 0 0 0 0 0 0 0.00291406 0.0102884 0.027416 0.0768956 0.0749926 0.110853 0.0956884 0.0897413 0.0766577 0.0534642 0.0500743 0.0551293 0.0594112 0.0620874 0.0668451 0.0424026 0.0208742 0.0120726 0.0048766 0.00582813 0.00118941 0.000297354 0 0 0 0
 0 0.00264628 0.0354308 0.0461629 0.0458689 0.0383711 0.0214643 0.0164657 0.0346957 0.0420465 0.0363128 0.0245516 0.0311673 0.0291091 0.0169068 0.0133784 0.00837989 0.0085269 0.0148486 0.0160247 0.0276389 0.0546898 0.0760071 0.122758 0.109233 0.0665981 0.0333725 0.0166128 0.00676272 0.00308733 0.000882094 0 0 0 0 0
 0 0 0 0 0 0 0 0.000805153 0.000690131 0.00759144 0.0133425 0.0154129 0.00931677 0.000345066 0.00356568 0.00563607 0.00851162 0.0253048 0.0502646 0.0516448 0.0657925 0.0565908 0.0611916 0.0827007 0.0866115 0.110766 0.145733 0.0935128 0.0569358 0.0249597 0.0138026 0.00621118 0.00161031 0.00115022 0 0
 0 0 0 0 0 0 0 0 0 0 0 0 0 0 0 0 0 0 0 0 0 0 0 0 0 0 0 0 0 0 0 0 0 0 0 0
 0.00147267 0.00158595 0.00478618 0.00569244 0.00954404 0.0108468 0.00647125 0.017049 0.0510054 0.094081 0.124002 0.0959785 0.0687766 0.0820023 0.061753 0.0591476 0.0492212 0.0479892 0.0443925 0.0268479 0.0217502 0.0140895 0.0121071 0.0120363 0.00920419 0.00665534 0.0049561 0.00860946 0.00930331 0.0156896 0.0114698 0.00855282 0.00243557 0.00046729 0 2.83206e-05
 0 0 0 0 0.000772559 0.00158375 0.000888443 0.00281984 0.00712685 0.0440552 0.0773331 0.111326 0.0921469 0.0852325 0.0710754 0.0886704 0.0786465 0.0553345 0.0373146 0.0185414 0.00753245 0.00457741 0.012979 0.0271748 0.0457355 0.0583668 0.034881 0.0177882 0.00938659 0.00492506 0.0015258 0.00185414 0.000309023 5.79419e-05 3.86279e-05 0
 0 0.00173294 0.00326652 0 0.00397197 0.00683976 0.00946217 0.0152591 0.00757587 0.0136028 0.0228656 0.0392903 0.0559909 0.0764795 0.0681675 0.0726916 0.0566044 0.0477403 0.0527397 0.0444891 0.0609904 0.0582453 0.0661739 0.0445044 0.0529084 0.0360697 0.0280645 0.0235558 0.0158879 0.00826598 0.00280645 0.00217768 0.000904811 0.00058276 9.20147e-05 0
 0 0 0 0 0 0 0 0 0 0 0 0 0 0 0 0 0 0 0 0 0 0 0 0 0 0 0 0 0 0 0 0 0 0 0 0
 0 0 0 0 0 0 0 0 0 0 0 0 0 0 0 0 0 0 0 0 0 0 0 0 0 0 0 0 0 0 0 0 0 0 0 0
ppred_pel_tallas
 1.0099e-16 3.26104e-05 0.000191395 0.000909799 0.00350277 0.0109231 0.0275908 0.0564546 0.0935805 0.125678 0.136768 0.120652 0.086395 0.0504775 0.0246034 0.0110177 0.00617084 0.00587731 0.00756362 0.0100797 0.012921 0.0157476 0.0182328 0.0200725 0.0210416 0.0210438 0.0201301 0.0184791 0.0163467 0.0140041 0.0116835 0.00954634 0.00767718 0.00609765 0.00478957 0.0037173
 1.00879e-16 3.13005e-05 0.000183701 0.000873213 0.00336189 0.0104837 0.0264811 0.0541845 0.0898189 0.120631 0.131288 0.115846 0.0830151 0.0486272 0.0239333 0.0111091 0.00676798 0.00690464 0.0090455 0.0120602 0.0154124 0.018702 0.0215316 0.0235339 0.024444 0.024161 0.0227699 0.0205145 0.0177323 0.0147742 0.0119349 0.00941203 0.00729879 0.00560261 0.00427706 0.00325321
 1.01203e-16 2.57867e-05 0.00015132 0.000719248 0.00276905 0.00863493 0.0218114 0.0446307 0.0739866 0.099381 0.108196 0.0955562 0.0686625 0.0405966 0.0206822 0.0107784 0.00816203 0.00958113 0.0130022 0.0174338 0.0222991 0.0270667 0.0311707 0.0340804 0.0354115 0.0350159 0.0330141 0.0297559 0.0257273 0.0214352 0.0173064 0.0136291 0.0105412 0.00805739 0.00611395 0.00461386
 1.01607e-16 2.99351e-05 0.000175685 0.000835109 0.00321518 0.0100262 0.0253255 0.0518199 0.0858994 0.115367 0.125559 0.110792 0.0793956 0.0465117 0.0229023 0.010651 0.00652374 0.0066978 0.00881801 0.0118166 0.0151952 0.0185845 0.0216134 0.0239301 0.0252692 0.0255081 0.0246902 0.0230026 0.0207212 0.018142 0.0155207 0.0130386 0.010796 0.00882753 0.0071273 0.00567198
 1.01655e-16 2.94468e-05 0.000172817 0.000821469 0.00316266 0.00986242 0.0249118 0.0509736 0.0844972 0.113486 0.123517 0.109004 0.0781438 0.0458377 0.0226803 0.0107309 0.00681743 0.0071842 0.00951141 0.0127343 0.016336 0.0199165 0.0230702 0.0254164 0.0266738 0.0267232 0.0256313 0.0236236 0.0210213 0.0181621 0.0153318 0.0127251 0.0104396 0.00849462 0.00686176 0.00549431
 1.02389e-16 2.21725e-05 0.000130098 0.000618351 0.00238056 0.00742344 0.0187513 0.0383698 0.0636101 0.0854507 0.0930507 0.0822282 0.0591908 0.0352084 0.0183292 0.0101912 0.00849418 0.0104747 0.0143957 0.0193829 0.0248785 0.0303264 0.0351173 0.0386713 0.0405594 0.0405999 0.0388953 0.0357911 0.0317799 0.0273796 0.0230297 0.0190307 0.0155338 0.01257 0.0100959 0.00803874
 1.02506e-16 2.91414e-05 0.000171027 0.000812968 0.00312994 0.00976039 0.024654 0.0504459 0.0836215 0.112307 0.122226 0.107846 0.0772738 0.0452473 0.0222407 0.0102803 0.00621702 0.00633213 0.00834072 0.0112177 0.0144987 0.0178491 0.0209319 0.0234224 0.0250672 0.0257346 0.0254371 0.0243128 0.0225799 0.0204771 0.0182147 0.0159462 0.0137642 0.0117146 0.00981643 0.00807955
 1.02107e-16 2.66292e-05 0.00015627 0.000742792 0.00285971 0.00891768 0.0225255 0.0460915 0.0764067 0.102627 0.111717 0.0986347 0.0708071 0.0417293 0.0210102 0.0105469 0.00750523 0.00851358 0.0114763 0.0153996 0.0197463 0.0240513 0.0278258 0.0306096 0.0320655 0.0320554 0.0306682 0.0281867 0.0250083 0.0215476 0.0181524 0.0150556 0.0123683 0.0101039 0.00821771 0.00664367
 1.01712e-16 2.98136e-05 0.000174972 0.000831715 0.00320211 0.00998545 0.0252225 0.0516093 0.0855505 0.114899 0.125051 0.110349 0.0790874 0.0463503 0.0228582 0.0106892 0.00662505 0.00685966 0.00904572 0.0121143 0.0155596 0.0190013 0.0220564 0.0243639 0.0256545 0.0258092 0.0248822 0.0230767 0.0206869 0.0180241 0.0153544 0.0128617 0.0106424 0.0087217 0.00708187 0.00568792
 1.01548e-16 2.86132e-05 0.000167921 0.000798186 0.00307301 0.00958283 0.0242056 0.0495289 0.0821032 0.110273 0.120028 0.105942 0.0759862 0.0446476 0.0222316 0.0107524 0.00714037 0.00775471 0.0103405 0.0138489 0.0177479 0.0216057 0.0249784 0.0274495 0.0287135 0.028645 0.0273247 0.0250088 0.0220592 0.0188548 0.0157157 0.0128588 0.0103909 0.00832898 0.00663517 0.00524939
 1.02062e-16 2.31315e-05 0.00013573 0.000645126 0.00248365 0.00774492 0.0195633 0.0400312 0.0663636 0.0891471 0.0970693 0.0857638 0.0617017 0.0366334 0.0189451 0.010333 0.0083842 0.0102057 0.0139821 0.0188094 0.0241267 0.0293868 0.0339947 0.0373851 0.0391415 0.0390902 0.0373353 0.03422 0.0302305 0.0258784 0.0215974 0.017684 0.0142873 0.011436 0.00908448 0.00715646
 1.02818e-16 2.37256e-05 0.000139222 0.000661742 0.00254764 0.0079445 0.0200674 0.0410621 0.0680709 0.0914351 0.0995464 0.0879185 0.0631784 0.0373631 0.0190535 0.00996539 0.00760186 0.00898381 0.0122583 0.0165359 0.0213111 0.0261185 0.0304539 0.0338308 0.0358781 0.0364186 0.0355014 0.0333715 0.0303958 0.0269687 0.0234318 0.0200275 0.0168919 0.0140762 0.0115808 0.00938619
 1.01829e-16 3.05157e-05 0.000179095 0.000851323 0.00327761 0.0102209 0.0258173 0.052826 0.0875667 0.117605 0.127991 0.11293 0.08091 0.047363 0.0232543 0.0107012 0.00639989 0.00644751 0.008441 0.0112953 0.0145131 0.0177354 0.0206063 0.0227911 0.02404 0.0242419 0.0234455 0.021837 0.0196854 0.0172752 0.0148479 0.0125696 0.0105258 0.00873797 0.00718968 0.0058508
 1.00645e-16 3.31468e-05 0.000194542 0.000924762 0.00356037 0.0111027 0.0280446 0.0573832 0.0951199 0.127746 0.139021 0.122645 0.087833 0.0513397 0.0250639 0.0112899 0.00641097 0.00617055 0.00794595 0.0105552 0.0134665 0.016312 0.0187383 0.0204219 0.0211323 0.0207858 0.0194647 0.0173922 0.0148743 0.0122272 0.00971509 0.0075131 0.00570077 0.00427907 0.00319945 0.0023928
 1.00248e-16 3.64686e-05 0.00021405 0.00101752 0.00391752 0.0122165 0.0308578 0.0631387 0.104658 0.140549 0.152934 0.134872 0.0964875 0.0561927 0.0270494 0.0115342 0.00564221 0.00466401 0.00571117 0.00751519 0.00956371 0.0115607 0.013246 0.0143867 0.0148192 0.0144864 0.0134523 0.0118831 0.0100049 0.00805068 0.0062151 0.00462677 0.00334325 0.00236331 0.00164804 0.00114237
 1.00306e-16 3.38319e-05 0.000198565 0.000943885 0.003634 0.0113323 0.0286245 0.0585698 0.0970867 0.130387 0.141893 0.125174 0.0896338 0.0523715 0.0255288 0.0114328 0.00639767 0.00607492 0.00778506 0.0103218 0.0131461 0.0158896 0.0182014 0.019762 0.0203464 0.0198766 0.0184413 0.0162698 0.0136742 0.0109763 0.00844443 0.00625619 0.004491 0.003147 0.00217019 0.00148407
 1.00785e-16 2.82069e-05 0.000165532 0.000786823 0.00302924 0.00944635 0.0238609 0.0488238 0.0809357 0.108709 0.118334 0.104469 0.0749784 0.0441526 0.0221648 0.0110164 0.00769602 0.00862253 0.0115673 0.0154717 0.0197654 0.0239591 0.0275444 0.0300471 0.0311268 0.0306559 0.0287489 0.0257265 0.0220321 0.0181266 0.014398 0.0111072 0.00837791 0.00621991 0.00457044 0.00333495
 1.01368e-16 2.90876e-05 0.000170707 0.000811436 0.00312403 0.00974194 0.0246075 0.050351 0.0834656 0.112101 0.122014 0.107684 0.077213 0.045323 0.0224838 0.0107355 0.00695028 0.00742279 0.0098623 0.0132126 0.016952 0.0206684 0.0239404 0.0263705 0.0276636 0.0276925 0.0265227 0.0243861 0.0216162 0.018566 0.0155382 0.0127431 0.0102911 0.0082112 0.00648055 0.00505416
 1.01687e-16 2.74577e-05 0.000161136 0.000765926 0.00294879 0.00919547 0.0232272 0.047527 0.0787856 0.10582 0.115188 0.101685 0.072968 0.0429444 0.021514 0.0106226 0.0073379 0.00817618 0.0109764 0.0147235 0.0188848 0.0230112 0.0266345 0.0293128 0.0307198 0.0307185 0.029388 0.0269932 0.0239105 0.0205364 0.0172071 0.0141528 0.0114896 0.00924107 0.00737385 0.00583125
 1.01497e-16 3.10464e-05 0.000182211 0.000866135 0.00333465 0.0103988 0.0262665 0.0537452 0.0890901 0.11965 0.130215 0.114888 0.0823041 0.048161 0.0236121 0.0108083 0.00638438 0.00636642 0.00830784 0.0111055 0.0142572 0.0174044 0.0201938 0.0222937 0.0234574 0.0235764 0.0227019 0.0210221 0.0188085 0.0163486 0.0138879 0.0115959 0.00956118 0.00780641 0.00631441 0.00505185
 1.01525e-16 2.82418e-05 0.000165739 0.000787814 0.00303307 0.00945828 0.023891 0.0488852 0.0810367 0.108842 0.118473 0.104577 0.0750232 0.0441141 0.0220258 0.0107521 0.00726877 0.00798595 0.0106779 0.0143034 0.018325 0.0222985 0.0257646 0.0282923 0.0295664 0.0294589 0.0280553 0.025624 0.0225424 0.0192053 0.015946 0.0129899 0.0104474 0.00833462 0.00661023 0.00520937
 1.01926e-16 2.73366e-05 0.000160425 0.000762551 0.0029358 0.00915495 0.0231248 0.0473176 0.0784382 0.105353 0.114677 0.10123 0.0726318 0.0427273 0.0213702 0.0104949 0.00717969 0.00795633 0.0106764 0.0143367 0.0184192 0.0224921 0.0261052 0.0288308 0.0303498 0.0305207 0.0294077 0.0272517 0.0244015 0.0212268 0.0180442 0.0150732 0.0124295 0.0101446 0.00819843 0.00655
 1.01851e-16 2.94802e-05 0.000173014 0.000822406 0.00316627 0.00987369 0.0249402 0.0510317 0.0845932 0.113614 0.123654 0.109118 0.0782125 0.0458512 0.0226375 0.0106289 0.006646 0.00692747 0.00915338 0.0122659 0.0157615 0.0192586 0.0223713 0.0247355 0.0260787 0.0262795 0.0253907 0.0236146 0.0212446 0.0185916 0.0159208 0.0134156 0.0111718 0.00921514 0.00752929 0.00608175
 1.02002e-16 2.60979e-05 0.00015315 0.000727958 0.0028026 0.00873956 0.0220756 0.0451711 0.0748812 0.100579 0.109492 0.0966782 0.0694209 0.0409492 0.0206859 0.010497 0.00761199 0.00873222 0.0118056 0.015854 0.0203395 0.0247877 0.0286969 0.0315924 0.0331243 0.0331456 0.0317421 0.0291986 0.0259193 0.0223288 0.0187861 0.0155355 0.0126986 0.0102978 0.00829502 0.00662866
pSPR Fmed_Fpbrs
0.499267   0.409655 0.409655
Fs Fmed_Fpbrs
0.68   1.005 1.005
SSBpbr Bo_Bmed_Bpbrs
881192  395891  316925 316925
Ro
35186.2
SPR SPRFo_SPRFmed_SPRFpbrs
723991 361465 296586
log_Ro
10.2884
likeval ReclasPelacesDesembMPH_pf_preclas_ppelaces_ptallas_desvR_qrecl_qpela
 63.9562 15.0389 0.0084957 0.000376844 297.877 179.338 69.7793 0 15.8034 6.71286e-06 8.00653e-05 0 0 0 0
q_reclas_q_pelaces
0.69271 3.57162
M
0.7
N
 36378.9 10933.8 3557.16 419.204 0.231092
 44184.3 16308.5 2793.27 693.331 80.0957
 22613.4 19979.6 4407.01 589.202 160.097
 34489.5 9551.42 3466.62 498.377 82.0046
 60972.3 16543.9 3787.32 1254.26 208.526
 43451.4 30096.6 7901.09 1780.26 686.759
 77763.2 20388 10340.5 2336.63 721.229
 75944.7 37258.5 8024.04 3702.15 1086.87
 99348.7 35140.8 11692.3 2088.94 1229.03
 116893 45548.4 10386.7 2797.91 781.138
 66520 54724.2 15421.6 3008.96 1024.53
 46078.2 29607.3 13343.4 2814.9 720.06
 46162 20778.3 7857.91 2744.17 712.945
 24841.2 19656.6 3800.19 956.995 408.135
 14454.9 9131.9 1383.47 120.737 40.7986
 13371.4 5083.42 481.921 29.3124 3.19117
 10155 5730.71 969.622 62.267 4.07704
 11667.4 4526.01 1409.69 179.195 11.9976
 12483.9 5380.54 1389.61 355.873 47.554
 20235.1 5840.19 1813.15 399.901 114.711
 26479.1 9435.98 1927.39 506.686 141.989
 34278.5 12774.4 3883.24 734.792 245.855
 54052.9 16433.2 5046.36 1397.61 350.431
 57076.5 25737.3 6210.9 1706.65 586.173
pred_Ctot
 2559.17 3964.8 1637.88 195.764 0.107998
 2856.37 5534.61 1212.65 305.436 35.3122
 2452.96 9913.56 2653.33 358.651 97.5084
 846.097 1402.22 689.055 100.939 16.6254
 262.642 456.316 145.968 49.3728 8.21769
 1728.01 6811.51 2367.26 542.592 209.503
 1970.06 3082.77 2114.37 486.79 150.403
 3740.33 10124.4 2848.01 1335.4 392.38
 5509.29 10537.5 4540.64 823.917 485.154
 4829.02 10654.4 3209.26 879.275 245.702
 4992.36 20855.9 7418.26 1467.35 499.983
 3063.27 10272.2 5907.93 1264.49 323.708
 4773.13 9982.42 4606.6 1627.09 422.975
 4720.83 13453.2 2932.73 743.19 317.057
 3094.22 6591.69 1108.22 97.2337 32.8659
 1328.11 2375.75 276.101 16.9906 1.85086
 753.13 2164.31 462.727 30.1272 1.97407
 601.118 1277.11 517.935 66.8936 4.48251
 521.911 1271.61 433.495 112.909 15.1011
 890.252 1442.14 589.148 132.125 37.9334
 543.653 1174.89 326.906 87.6073 24.5753
 854.695 1903.56 782.987 150.959 50.5596
 1603.48 2868.13 1183.34 333.749 83.7639
 1701.59 4512.12 1462.62 409.278 140.708
F
 0.102301 0.664643 0.93521 0.955686 0.956788
 0.0936587 0.608493 0.856202 0.874948 0.875957
 0.161851 1.05153 1.47959 1.51199 1.51373
 0.0346366 0.225031 0.316638 0.323571 0.323944
 0.00600561 0.0390179 0.0549016 0.0561037 0.0561684
 0.0566951 0.368343 0.51829 0.529638 0.530249
 0.0357872 0.232506 0.327156 0.334319 0.334705
 0.0706417 0.458953 0.645787 0.659926 0.660688
 0.0798596 0.518841 0.730054 0.746039 0.746899
 0.0589524 0.383009 0.538926 0.550726 0.551361
 0.109481 0.711286 1.00084 1.02275 1.02393
 0.0964305 0.626501 0.881541 0.900842 0.901881
 0.153743 0.998857 1.40548 1.43625 1.43791
 0.300731 1.95382 2.7492 2.80939 2.81263
 0.345048 2.24175 3.15433 3.2234 3.22712
 0.147275 0.956834 1.34635 1.37582 1.37741
 0.108123 0.702468 0.988433 1.01007 1.01124
 0.0740071 0.480818 0.676552 0.691365 0.692163
 0.059678 0.387723 0.54556 0.557505 0.558148
 0.0628906 0.408595 0.574928 0.587516 0.588194
 0.0289153 0.18786 0.264336 0.270123 0.270435
 0.0352129 0.228775 0.321906 0.328954 0.329334
 0.0420199 0.273 0.384134 0.392544 0.392997
 0.0422326 0.274382 0.386079 0.394532 0.394987
Np
 23956.3 10684.4 6713.17 1806.32 450.893
YTP_r0W_actual
 13612.7 85730.4 40221.9 14734 6191.16
YTP_p0W_proyectada
 14482.2 220646 144981 40513.7 16360.1
 14482.2 86762.8 100194 34907.5 9676.8
CTP_r0_actual
 1701.59 4512.12 1462.62 409.278 140.708
CTP_p0_proyectada
 1766.13 10215.1 4617.22 1010.32 367.643
 1766.13 4016.8 3190.9 870.512 217.456
Wmedp
 8.2 21.6 31.4 40.1 44.5
nmprior
 10.6 11 7 0
nm_flota  nm_reclas  nm_pelaces    nm_pelaL
inf 19.46 14.0676 23.8706
cv_recla  cv_pelaces  cv_mph
0.740402 0.456324 0.538405
 ------------------------------------------------
Talla a la edad & desviaci?n 
 7.2 14.2025 17.0495 18.207 18.6776
 1.08 2.13037 2.55742 2.73105 2.80164
