    unsorted:	 3.944967981e-06 0.001699956242 0.008139191817 2.955863373 11.17392678 28.14032493 48.57139928 66.90006737 87.32063733 148.4285844 164.9910372 213.2859272 271.3629119 416.2510138 470.0685744 500.1026361 626.5207099 715.2414816 736.6850724 811.9344446 854.6802195 884.4490437 1057.716248 1135.632719 1385.183861 1455.376056 1700.659903 1845.695486 2158.815487 2087.397132 2585.149684 2831.176328 3092.434353 3247.674308 3439.062540 4520.874492 4531.447006 4187.633185 4667.351566 5079.743607 188937.6416 120392.8543 377235.0219 382398.7668 403280.6900 424504.5377 341845.8932 447254.1302 459396.7632 273311.1161 534657.1011 549659.1992 638194.7772 681712.1658 738095.1358 858053.6085 976474.3153 1107378.574 1216910.404 1390459.692 1539831.056 1779136.203 1985165.738 2147525.711 2398119.902 2520774.971 2665423.615 33381086.61
      sorted:	 3.944967981e-06 0.001699956242 0.008139191817 2.955863373 11.17392678 28.14032493 48.57139928 66.90006737 87.32063733 148.4285844 164.9910372 213.2859272 271.3629119 416.2510138 470.0685744 500.1026361 626.5207099 715.2414816 736.6850724 811.9344446 854.6802195 884.4490437 1057.716248 1135.632719 1385.183861 1455.376056 1700.659903 1845.695486 2087.397132 2158.815487 2585.149684 2831.176328 3092.434353 3247.674308 3439.062540 4187.633185 4520.874492 4531.447006 4667.351566 5079.743607 120392.8543 188937.6416 273311.1161 341845.8932 377235.0219 382398.7668 403280.6900 424504.5377 447254.1302 459396.7632 534657.1011 549659.1992 638194.7772 681712.1658 738095.1358 858053.6085 976474.3153 1107378.574 1216910.404 1390459.692 1539831.056 1779136.203 1985165.738 2147525.711 2398119.902 2520774.971 2665423.615 33381086.61
