years
 1997 1998 1999 2000 2001 2002 2003 2004 2005 2006 2007 2008 2009 2010 2011 2012 2013 2014 2015 2016 2017 2018 2019 2020 2021
reclasobs
 0 0 0 370054 412103 1.49427e+06 250295 1.28982e+06 931140 785840 897777 1.04006e+06 184774 17550 25797 100020 73551 82996 120727 218422 84188 347160 605670 569463 516374
reclaspred
 486067 125285 316891 216371 353252 435170 949604 653961 739955 764703 650388 451235 278127 115664 68888.9 65987.4 79157.8 105891 114295 155036 233972 218736 370506 461021 541068
pelacesobs
 0 0 0 0 0 0 0 0 0 2.06254e+06 1.5e+06 0 1.87456e+06 323000 250000 174000 83755 137374 0 501740 490994 745055 786931 1.00524e+06 1.33801e+06
pelacespred
 1.95277e+06 439749 663409 733138 1.05583e+06 1.0334e+06 2.64635e+06 2.15221e+06 2.19813e+06 2.30133e+06 1.69887e+06 1.23457e+06 740036 237932 144078 151603 191159 270096 294485 391155 685712 625161 844216 1.18926e+06 1.39357e+06
mphobs
 0 0 0 0 0 112323 0 153150 637223 0 255016 313432 73983 77613 109348 50772 17779 17303 59886 28197 0 207744 136588 643089 65757
mphpred
 163515 89669.8 99293.1 96030.4 112379 191779 272492 337151 290123 311151 326712 230276 144918 75335.8 32169.9 25741.4 28864.1 37988.7 47545.9 53924.1 81104.3 99705.6 123358 170419 231558
desembarqueobs
 350755 77701 442110 56441 14545 235359 269955 359681 431902 328805 639364 411747 362871 311530 167758 66681 60226 58785 57116 73181 50977 67692 138656 160484 209506
desembarquepred
 350761 77699.2 442088 56444.1 14545.3 235437 270019 359672 431943 328811 639306 411775 362928 311616 167581 66676 60252.2 58777.8 57100.2 73177.3 50979.6 67682.4 138661 160498 209512
Reclutas
 36163.5 43903.6 22532.5 34010.7 60941.6 42652.9 77625.1 75541.7 98919.8 116903 66745.6 46077.2 45905.2 24851.9 14465.9 13311.7 10083.7 11581.4 12456.4 19910.2 26012.3 32746.3 51855 61929 26897.6
log_desv_Rt
 0.0430216 0.236968 -0.43007 -0.0183516 0.564887 0.208066 0.806862 0.779657 1.04928 1.21632 0.655861 0.285291 0.281549 -0.332095 -0.873231 -0.956385 -1.23411 -1.09563 -1.02279 -0.553795 -0.286459 -0.0562372 0.403422 0.580961 -0.252992
SSB
 446316 244755 271022 262117 306741 523465 743771 920258 791895 849292 891766 628543 395556 205630 87808.2 70261.4 78784.9 103691 129777 147187 221375 272148 336709 465161 632040
BT
 1.53664e+06 373709 649828 479646 626390 737704 1.78485e+06 1.63635e+06 1.70821e+06 1.65478e+06 1.5331e+06 1.07047e+06 787182 430320 227404 144562 161990 205472 212953 287829 441197 403186 572549 806186 914615
Ftot
 0.974727 0.894165 1.54921 0.331691 0.0573279 0.538063 0.340935 0.672192 0.760061 0.560301 1.03644 0.909657 1.45166 2.86438 3.29687 1.39993 1.02814 0.704951 0.568374 0.598684 0.276837 0.338822 0.412216 0.413908 0.374085
BD_Bspro_t
 0.909769 0.637179 0.557189 0.375174 0.539541 0.718964 0.664645 0.682464 0.615172 0.586883 0.567958 0.410035 0.307051 0.20784 0.112506 0.111388 0.166222 0.271646 0.373095 0.461898 0.5908 0.699383 0.707381 0.709992 0.71395
BD_Bspro
 0.626633 0.34364 0.380518 0.368015 0.430668 0.734952 1.04426 1.29205 1.11183 1.19242 1.25205 0.882483 0.555365 0.288708 0.123284 0.098648 0.110615 0.145583 0.182209 0.206652 0.310814 0.382099 0.472743 0.653092 0.887393
BD_Bo
 0.502059 0.275324 0.304872 0.294854 0.345052 0.588844 0.836665 1.0352 0.8908 0.955365 1.00315 0.707046 0.444959 0.231313 0.0987752 0.0790369 0.0886249 0.116641 0.145986 0.16557 0.249025 0.306138 0.378762 0.523258 0.71098
BD_Brms
 1.3883 0.761329 0.843034 0.815333 0.95414 1.62828 2.31355 2.86253 2.46325 2.64178 2.77391 1.95513 1.23041 0.639628 0.273134 0.218553 0.245066 0.322538 0.403682 0.457835 0.688605 0.846537 1.04736 1.44692 1.96601
S_f
 0.104556 0.6893 0.976826 0.998753 0.999934
 0.104556 0.6893 0.976826 0.998753 0.999934
 0.104556 0.6893 0.976826 0.998753 0.999934
 0.104556 0.6893 0.976826 0.998753 0.999934
 0.104556 0.6893 0.976826 0.998753 0.999934
 0.104556 0.6893 0.976826 0.998753 0.999934
 0.104556 0.6893 0.976826 0.998753 0.999934
 0.104556 0.6893 0.976826 0.998753 0.999934
 0.104556 0.6893 0.976826 0.998753 0.999934
 0.104556 0.6893 0.976826 0.998753 0.999934
 0.104556 0.6893 0.976826 0.998753 0.999934
 0.104556 0.6893 0.976826 0.998753 0.999934
 0.104556 0.6893 0.976826 0.998753 0.999934
 0.104556 0.6893 0.976826 0.998753 0.999934
 0.104556 0.6893 0.976826 0.998753 0.999934
 0.104556 0.6893 0.976826 0.998753 0.999934
 0.104556 0.6893 0.976826 0.998753 0.999934
 0.104556 0.6893 0.976826 0.998753 0.999934
 0.104556 0.6893 0.976826 0.998753 0.999934
 0.104556 0.6893 0.976826 0.998753 0.999934
 0.104556 0.6893 0.976826 0.998753 0.999934
 0.104556 0.6893 0.976826 0.998753 0.999934
 0.104556 0.6893 0.976826 0.998753 0.999934
 0.104556 0.6893 0.976826 0.998753 0.999934
 0.104556 0.6893 0.976826 0.998753 0.999934
Scru_reclas
 0.742907 1 1 1 1
 0.742907 1 1 1 1
 0.742907 1 1 1 1
 0.742907 1 1 1 1
 0.742907 1 1 1 1
 0.742907 1 1 1 1
 0.742907 1 1 1 1
 0.742907 1 1 1 1
 0.742907 1 1 1 1
 0.742907 1 1 1 1
 0.742907 1 1 1 1
 0.742907 1 1 1 1
 0.742907 1 1 1 1
 0.742907 1 1 1 1
 0.742907 1 1 1 1
 0.742907 1 1 1 1
 0.742907 1 1 1 1
 0.742907 1 1 1 1
 0.742907 1 1 1 1
 0.742907 1 1 1 1
 0.742907 1 1 1 1
 0.742907 1 1 1 1
 0.742907 1 1 1 1
 0.742907 1 1 1 1
 0.742907 1 1 1 1
Scru_pelaces
 0.732748 1 1 1 1
 0.732748 1 1 1 1
 0.732748 1 1 1 1
 0.732748 1 1 1 1
 0.732748 1 1 1 1
 0.732748 1 1 1 1
 0.732748 1 1 1 1
 0.732748 1 1 1 1
 0.732748 1 1 1 1
 0.732748 1 1 1 1
 0.732748 1 1 1 1
 0.732748 1 1 1 1
 0.732748 1 1 1 1
 0.732748 1 1 1 1
 0.732748 1 1 1 1
 0.732748 1 1 1 1
 0.732748 1 1 1 1
 0.732748 1 1 1 1
 0.732748 1 1 1 1
 0.732748 1 1 1 1
 0.732748 1 1 1 1
 0.732748 1 1 1 1
 0.732748 1 1 1 1
 0.732748 1 1 1 1
 0.732748 1 1 1 1
pf_obs 
 0.256992 0.487395 0.22802 0.0275931 0
 0.321318 0.546541 0.124235 0.00734118 0.000564706
 0.182869 0.594174 0.210203 0.0122559 0.00049798
 0.330522 0.361315 0.267642 0.0388342 0.00168674
 0.649043 0.306663 0.0425973 0.00169635 0
 0.582887 0.30429 0.105238 0.00758474 0
 0.465427 0.430635 0.0974691 0.00646863 0
 0.296916 0.608066 0.0921331 0.00288517 0
 0.311714 0.524322 0.152257 0.0117073 0
 0.15457 0.633149 0.183074 0.0267441 0.00246327
 0.131901 0.49318 0.331252 0.0422183 0.00144891
 0.196976 0.569456 0.194076 0.0375587 0.00193317
 0.518974 0.381816 0.0799577 0.0180837 0.00116848
 0.0928022 0.601141 0.25162 0.0475244 0.00691264
 0.122501 0.610282 0.24278 0.0234846 0.000952079
 0.383417 0.481906 0.127806 0.00687128 0
 0.0376549 0.599619 0.316969 0.0457579 0
 0.0361596 0.667082 0.258105 0.0386534 0
 0.158088 0.579412 0.248529 0.0139706 0
 0.0477256 0.309471 0.559284 0.082774 0.000745712
 0.0406174 0.521527 0.379366 0.0568643 0.0016247
 0.151134 0.462217 0.34131 0.0453401 0
 0.294876 0.26143 0.354403 0.0886775 0.000613685
 0.281977 0.475581 0.204845 0.0348837 0.00271318
 0.0841818 0.532909 0.334909 0.0458182 0.00218182
pf_pred 
 0.303867 0.475741 0.196843 0.0235366 1.2899e-05
 0.285064 0.559172 0.121905 0.0303522 0.00350656
 0.157944 0.642275 0.170988 0.0226994 0.00609336
 0.273542 0.464061 0.225036 0.0321779 0.00518251
 0.284129 0.494081 0.160205 0.0530055 0.00857847
 0.144638 0.588343 0.202681 0.0467578 0.0175803
 0.251492 0.392424 0.274807 0.0621169 0.0191603
 0.200766 0.552407 0.153184 0.0726946 0.0209477
 0.249507 0.482884 0.208768 0.036942 0.0218995
 0.242229 0.539334 0.162291 0.0441087 0.0120381
 0.140725 0.593794 0.21047 0.0411756 0.0138354
 0.145098 0.49558 0.284321 0.0599037 0.0150977
 0.219411 0.468145 0.217384 0.075754 0.0193059
 0.212305 0.607364 0.132926 0.0334146 0.0139895
 0.282802 0.606487 0.0993802 0.00850356 0.00282773
 0.32916 0.598791 0.0677157 0.00392021 0.000413424
 0.218158 0.636674 0.136155 0.00849179 0.0005211
 0.241194 0.519347 0.210856 0.0268862 0.00171717
 0.220362 0.54119 0.184587 0.0475996 0.00626087
 0.28294 0.47091 0.191547 0.0425435 0.012059
 0.248528 0.545355 0.154139 0.04071 0.0112681
 0.220998 0.512599 0.21176 0.0411189 0.0135236
 0.261057 0.469757 0.199222 0.0559067 0.0140572
 0.226456 0.535961 0.171956 0.0489065 0.0167203
 0.0894871 0.587942 0.249069 0.0535925 0.0199099
pobs_RECLAS
 0 0 0 0 0
 0 0 0 0 0
 0 0 0 0 0
 0 0 0 0 0
 0.835266 0.146461 0.0176864 0.000547809 3.91292e-05
 0.385257 0.428462 0.181853 0.0044286 0
 0.867414 0.0963971 0.0333333 0.00285562 0
 0.441836 0.489002 0.0689373 0.000224442 0
 0.779404 0.147425 0.0564933 0.0165055 0.000172143
 0.814271 0.122319 0.05973 0.00367925 0
 0.40263 0.566651 0.0304383 0.000280538 0
 0.475488 0.404961 0.113038 0.00651328 0
 0.955842 0.0263864 0.0167828 0.000988607 0
 0.975058 0.0227948 0.00214734 0 0
 0.738997 0.206755 0.0527124 0.00153531 0
 0.850938 0.134255 0.0134407 0.00136685 0
 0.542534 0.407297 0.0501686 0 0
 0.764087 0.199537 0.0359546 0.000420521 0
 0.470689 0.182191 0.310203 0.0369168 0
 0.84361 0.089868 0.0606195 0.00523954 0.000663233
 0.607945 0.314616 0.071237 0.00620181 0
 0.523733 0.453247 0.0230204 0 0
 0.530135 0.295979 0.169645 0.0042399 0
 0.562478 0.366248 0.0663022 0.0049721 0
 0.250443 0.683176 0.0655157 0.000865301 0
ppred_RECLAS
 0.714454 0.217123 0.0612731 0.00714531 3.9107e-06
 0.687048 0.263038 0.0392728 0.00953981 0.00110067
 0.524131 0.395254 0.0692756 0.00894229 0.00239684
 0.677176 0.231468 0.0786034 0.010986 0.00176724
 0.682232 0.241743 0.0552562 0.0178793 0.00289017
 0.484086 0.392667 0.0940819 0.0212028 0.00796202
 0.661005 0.207724 0.101839 0.0224999 0.0069318
 0.584327 0.318198 0.0610458 0.0282877 0.00814104
 0.655414 0.249717 0.0744074 0.0128525 0.00760923
 0.637947 0.282907 0.0591587 0.015706 0.0042811
 0.484956 0.395476 0.0952925 0.0181767 0.00609932
 0.501343 0.33386 0.131075 0.0269412 0.0067811
 0.63527 0.253519 0.0780252 0.0264535 0.00673178
 0.65004 0.298455 0.0383443 0.0092822 0.00387828
 0.736528 0.239096 0.0219734 0.00180378 0.000598485
 0.73043 0.249626 0.018775 0.00105778 0.000111392
 0.605422 0.341676 0.0496946 0.00302203 0.000185197
 0.640851 0.272569 0.0764548 0.00951811 0.000607127
 0.610575 0.29853 0.0707366 0.0178177 0.00234066
 0.689589 0.228107 0.0643834 0.0139667 0.00395391
 0.64101 0.284109 0.0563204 0.0145413 0.00402
 0.611108 0.285497 0.0825751 0.0156723 0.00514819
 0.664509 0.239997 0.0710991 0.0194982 0.00489662
 0.616856 0.292999 0.0656631 0.0182504 0.00623183
 0.35393 0.467588 0.138537 0.0291339 0.0108102
pobs_PELACES
 0 0 0 0 0
 0 0 0 0 0
 0 0 0 0 0
 0 0 0 0 0
 0 0 0 0 0
 0 0 0 0 0
 0 0 0 0 0
 0 0 0 0 0
 0 0 0 0 0
 0 0 0 0 0
 0.450072 0.473896 0.0757376 0.000293798 0
 0 0 0 0 0
 0.463077 0.371075 0.160297 0.00555027 0
 0.529543 0.364841 0.0842815 0.0213345 0
 0.631943 0.363953 0.00410389 0 0
 0.735681 0.248677 0.0153453 0.000297389 0
 0.695825 0.281241 0.0229344 0 0
 0.275771 0.60734 0.115278 0.00161068 0
 0 0 0 0 0
 0.896147 0.0623911 0.0374545 0.00400742 0
 0.803859 0.145111 0.0509908 3.86294e-05 0
 0.739449 0.233085 0.0266225 0.000797448 4.60066e-05
 0.878498 0.100942 0.0204185 0.000141795 0
 0.694673 0.275183 0.0284847 0.00165964 0
 0.469039 0.446079 0.0841089 0.000773354 0
ppred_PELACES
 0.752687 0.19215 0.0494353 0.00572435 3.1318e-06
 0.7228 0.2361 0.0323833 0.00781555 0.000901419
 0.599994 0.3402 0.0514753 0.00657051 0.00176006
 0.689966 0.224284 0.0738043 0.0102905 0.00165515
 0.681932 0.242291 0.0550812 0.0178152 0.00287976
 0.509639 0.377791 0.0860124 0.0193089 0.0072493
 0.675334 0.20147 0.0956288 0.0210757 0.00649217
 0.615741 0.298598 0.0537459 0.0247842 0.00713089
 0.689007 0.229847 0.0637216 0.0109463 0.0064788
 0.662043 0.267159 0.0529731 0.0140069 0.00381713
 0.537019 0.363521 0.0793888 0.01503 0.00504138
 0.548663 0.3108 0.111931 0.0228555 0.00575069
 0.703108 0.214981 0.0576506 0.0193415 0.00491916
 0.767535 0.205575 0.0201261 0.00477208 0.00199164
 0.84234 0.146744 0.00986345 0.000790595 0.000261979
 0.779449 0.206138 0.0135757 0.000757144 7.96888e-05
 0.65143 0.305662 0.0403245 0.00243404 0.000149104
 0.671985 0.252919 0.0663529 0.00821847 0.000524084
 0.63603 0.282536 0.0634321 0.0159122 0.00208988
 0.714011 0.213335 0.0568887 0.0122875 0.00347774
 0.651338 0.277464 0.0535771 0.0138053 0.00381612
 0.625313 0.277438 0.0777055 0.0147119 0.00483209
 0.681445 0.230447 0.0656511 0.0179506 0.00450722
 0.634511 0.282106 0.0607873 0.0168447 0.00575091
 0.36969 0.460696 0.131735 0.0276286 0.0102502
pobs_pel_tallas
 0 0 0 0 0 0 0 0 0 0 0 0 0 0 0 0 0 0 0 0 0 0 0 0 0 0 0 0 0 0 0 0 0 0 0 0
 0 0 0 0 0 0 0 0 0 0 0 0 0 0 0 0 0 0 0 0 0 0 0 0 0 0 0 0 0 0 0 0 0 0 0 0
 0 0 0 0 0 0 0 0 0 0 0 0 0 0 0 0 0 0 0 0 0 0 0 0 0 0 0 0 0 0 0 0 0 0 0 0
 0 0 0 0 0 0 0 0 0 0 0 0 0 0 0 0 0 0 0 0 0 0 0 0 0 0 0 0 0 0 0 0 0 0 0 0
 0 0 0 0 0 0 0 0 0 0 0 0 0 0 0 0 0 0 0 0 0 0 0 0 0 0 0 0 0 0 0 0 0 0 0 0
 0 0 0 0 0 0 0 0 0 0 0 0 0 0 0 0 0 0 0 0 0 0 0 0 0 0 0 0 0 0 0 0 0 0 0 0
 0 0 0 0 0 0 0 0 0 0 0 0 0 0 0 0 0 0 0 0 0 0 0 0 0 0 0 0 0 0 0 0 0 0 0 0
 0 0 0 0 0 0 0 0 0 0 0 0 0 0 0 0 0 0 0 0 0 0 0 0 0 0 0 0 0 0 0 0 0 0 0 0
 0 0 0 0 0 0 0 0 0 0 0 0 0 0 0 0 0 0 0 0 0 0 0 0 0 0 0 0 0 0 0 0 0 0 0 0
 0 0 0 0 0 0 0 0 0 0 0 0 0 0 0 0 0 0 0 0 0 0 0 0 0 0 0 0 0 0 0 0 0 0 0 0
 0 0 0 0 0 0 0 0 1.78061e-05 0.00172719 0.00360574 0.0105946 0.0120993 0.0124554 0.0147524 0.0171206 0.0266825 0.0428682 0.0675386 0.121331 0.153587 0.119568 0.100827 0.0573624 0.0630603 0.0341343 0.0324427 0.0444173 0.0211091 0.0280891 0.0125444 0.00206551 0 0 0 0
 0 0 0 0 0 0 0 0 0 0 0 0 0 0 0 0 0 0 0 0 0 0 0 0 0 0 0 0 0 0 0 0 0 0 0 0
 0 0 0 0 0 0 0.0133647 0.0140871 0.0187388 0.0205184 0.03894 0.0496705 0.03968 0.0493445 0.0407372 0.0367815 0.0215668 0.0243155 0.0234873 0.0199281 0.019796 0.0243948 0.0301388 0.0376714 0.0412746 0.0863199 0.0771752 0.113111 0.0741005 0.0525337 0.0229764 0.00759418 0.00175318 0 0 0
 0 0 0 0 0 0 0 0 0 0 0.00219441 0.00772107 0.0458388 0.0604681 0.0671733 0.0775358 0.0609151 0.0617685 0.073594 0.0568108 0.0755445 0.0548602 0.0670107 0.0636378 0.0643287 0.046367 0.0373049 0.0286899 0.0247887 0.0153202 0.00654259 0.00121912 0.000365735 0 0 0
 0 0 0 0 0 0 0 0 0 0 0 0 0.000112435 0.00938835 0.0111873 0.0202946 0.0414886 0.0713402 0.111592 0.104902 0.108894 0.110636 0.117776 0.105296 0.107544 0.0401394 0.0192827 0.0124803 0.00416011 0.0028671 0.000618394 0 0 0 0 0
 0 0 0 0 0 0 0 0 0 0 0.00291406 0.0102884 0.027416 0.0768956 0.0749926 0.110853 0.0956884 0.0897413 0.0766577 0.0534642 0.0500743 0.0551293 0.0594112 0.0620874 0.0668451 0.0424026 0.0208742 0.0120726 0.0048766 0.00582813 0.00118941 0.000297354 0 0 0 0
 0 0.00264628 0.0354308 0.0461629 0.0458689 0.0383711 0.0214643 0.0164657 0.0346957 0.0420465 0.0363128 0.0245516 0.0311673 0.0291091 0.0169068 0.0133784 0.00837989 0.0085269 0.0148486 0.0160247 0.0276389 0.0546898 0.0760071 0.122758 0.109233 0.0665981 0.0333725 0.0166128 0.00676272 0.00308733 0.000882094 0 0 0 0 0
 0 0 0 0 0 0 0 0.000805153 0.000690131 0.00759144 0.0133425 0.0154129 0.00931677 0.000345066 0.00356568 0.00563607 0.00851162 0.0253048 0.0502646 0.0516448 0.0657925 0.0565908 0.0611916 0.0827007 0.0866115 0.110766 0.145733 0.0935128 0.0569358 0.0249597 0.0138026 0.00621118 0.00161031 0.00115022 0 0
 0 0 0 0 0 0 0 0 0 0 0 0 0 0 0 0 0 0 0 0 0 0 0 0 0 0 0 0 0 0 0 0 0 0 0 0
 0.00147267 0.00158595 0.00478618 0.00569244 0.00954404 0.0108468 0.00647125 0.017049 0.0510054 0.094081 0.124002 0.0959785 0.0687766 0.0820023 0.061753 0.0591476 0.0492212 0.0479892 0.0443925 0.0268479 0.0217502 0.0140895 0.0121071 0.0120363 0.00920419 0.00665534 0.0049561 0.00860946 0.00930331 0.0156896 0.0114698 0.00855282 0.00243557 0.00046729 0 2.83206e-05
 0 0 0 0 0.000772559 0.00158375 0.000888443 0.00281984 0.00712685 0.0440552 0.0773331 0.111326 0.0921469 0.0852325 0.0710754 0.0886704 0.0786465 0.0553345 0.0373146 0.0185414 0.00753245 0.00457741 0.012979 0.0271748 0.0457355 0.0583668 0.034881 0.0177882 0.00938659 0.00492506 0.0015258 0.00185414 0.000309023 5.79419e-05 3.86279e-05 0
 0 0.00173294 0.00326652 0 0.00397197 0.00683976 0.00946217 0.0152591 0.00757587 0.0136028 0.0228656 0.0392903 0.0559909 0.0764795 0.0681675 0.0726916 0.0566044 0.0477403 0.0527397 0.0444891 0.0609904 0.0582453 0.0661739 0.0445044 0.0529084 0.0360697 0.0280645 0.0235558 0.0158879 0.00826598 0.00280645 0.00217768 0.000904811 0.00058276 9.20147e-05 0
 0 0 0 0 0 0 0 0 0 0 0 0 0 0 0 0 0 0 0 0 0 0 0 0 0 0 0 0 0 0 0 0 0 0 0 0
 0 0 0 0 0 0 0 0 0 0 0 0 0 0 0 0 0 0 0 0 0 0 0 0 0 0 0 0 0 0 0 0 0 0 0 0
 0 0 0 0 0 0 0 0 0 0 0 0 0 0 0 0 0 0 0 0 0 0 0 0 0 0 0 0 0 0 0 0 0 0 0 0
ppred_pel_tallas
 1.00962e-16 3.28412e-05 0.00019275 0.000916245 0.00352759 0.0110005 0.0277863 0.0568546 0.0942433 0.126568 0.137735 0.121502 0.0869972 0.0508162 0.0247439 0.0110389 0.00612408 0.00578239 0.00742178 0.0098858 0.0126707 0.0154408 0.0178752 0.0196753 0.0206207 0.020617 0.0197147 0.0180895 0.0159931 0.013692 0.0114143 0.00931837 0.00748716 0.00594154 0.00466323 0.0036168
 1.00848e-16 3.15397e-05 0.000185105 0.000879892 0.00338761 0.0105639 0.0266837 0.0545989 0.0905057 0.121553 0.132289 0.116726 0.0836388 0.0489776 0.024078 0.0111297 0.00671718 0.00680288 0.00889388 0.0118534 0.0151461 0.0183764 0.0211535 0.0231158 0.0240032 0.0237167 0.0223406 0.0201151 0.0173728 0.0144594 0.0116652 0.00918461 0.00710925 0.00544612 0.0041491 0.00314977
 1.0115e-16 2.61891e-05 0.000153683 0.000730484 0.00281231 0.00876985 0.0221522 0.0453279 0.075142 0.100932 0.109882 0.0970379 0.0697119 0.0411866 0.0209264 0.0108141 0.00807852 0.00941278 0.012751 0.0170909 0.0218571 0.0265258 0.0305414 0.0333831 0.0346746 0.0342711 0.032292 0.0290814 0.0251177 0.0208991 0.0168452 0.0132388 0.0102153 0.00778817 0.00589413 0.00443677
 1.01552e-16 3.01076e-05 0.000176699 0.000839926 0.00323373 0.0100841 0.0254716 0.0521188 0.0863948 0.116032 0.126282 0.111428 0.0798481 0.0467697 0.0230159 0.0106811 0.0065111 0.00665985 0.00875794 0.0117318 0.0150819 0.0184399 0.0214361 0.0237209 0.025031 0.0252456 0.0244093 0.0227099 0.0204238 0.0178469 0.0152347 0.012768 0.0105462 0.00860286 0.00693073 0.00550482
 1.01608e-16 2.9758e-05 0.000174645 0.000830158 0.00319611 0.00996675 0.0251753 0.0515127 0.0853906 0.114685 0.124821 0.110149 0.0789549 0.0462931 0.0228677 0.0107562 0.00674911 0.00704858 0.00930981 0.0124598 0.0159832 0.0194863 0.022572 0.0248676 0.0260976 0.0261455 0.0250762 0.0231104 0.0205623 0.0177623 0.0149901 0.0124367 0.0101979 0.00829262 0.00669357 0.00535512
 1.02347e-16 2.22508e-05 0.000130558 0.000620536 0.00238897 0.00744967 0.0188176 0.0385053 0.0638348 0.0857524 0.093379 0.0825175 0.0593974 0.0353279 0.0183851 0.0102121 0.00849987 0.0104744 0.0143919 0.0193752 0.0248648 0.0303039 0.0350827 0.038621 0.0404902 0.0405094 0.0387826 0.0356573 0.0316278 0.0272141 0.0228567 0.0188569 0.0153657 0.0124133 0.00995488 0.00791614
 1.02451e-16 2.94687e-05 0.00017295 0.000822108 0.00316513 0.00987015 0.0249313 0.0510131 0.0845614 0.113568 0.123597 0.109052 0.0781277 0.0457275 0.0224399 0.0103102 0.00615048 0.00619732 0.00813954 0.0109431 0.0141448 0.0174162 0.0204284 0.0228648 0.0244777 0.0251384 0.0248581 0.0237706 0.0220874 0.0200406 0.0178349 0.0156197 0.013486 0.0114792 0.00961884 0.00791546
 1.02046e-16 2.6874e-05 0.000157708 0.000749628 0.00288603 0.00899976 0.0227329 0.0465157 0.0771097 0.10357 0.112743 0.099537 0.0714474 0.0420917 0.0211651 0.0105791 0.0074709 0.00843554 0.0113575 0.0152356 0.0195323 0.0237854 0.0275103 0.0302516 0.0316756 0.0316463 0.0302532 0.0277778 0.0246151 0.0211773 0.0178096 0.0147432 0.012088 0.0098567 0.00800372 0.0064623
 1.01659e-16 3.0066e-05 0.000176454 0.000838761 0.00322924 0.0100701 0.0254363 0.0520466 0.0862752 0.115872 0.126109 0.111278 0.0797466 0.0467223 0.0230147 0.0107173 0.0065816 0.00676731 0.00890673 0.0119237 0.0153126 0.0186971 0.0216994 0.0239642 0.0252262 0.0253686 0.0244453 0.0226573 0.0202948 0.0176654 0.0150317 0.0125752 0.0103909 0.00850362 0.0068953 0.00553091
 1.01499e-16 2.88918e-05 0.000169557 0.000805964 0.00310295 0.00967623 0.0244415 0.0500115 0.0829031 0.111347 0.121195 0.106968 0.0767132 0.045057 0.0224024 0.01078 0.00708705 0.00764484 0.010176 0.0136239 0.0174573 0.0212493 0.0245625 0.0269867 0.0282217 0.0281444 0.0268345 0.0245454 0.0216338 0.0184734 0.0153798 0.012567 0.01014 0.00811536 0.00645528 0.00509994
 1.01998e-16 2.34441e-05 0.000137565 0.000653852 0.00251725 0.00784971 0.019828 0.0405727 0.067261 0.0903517 0.0983787 0.0869152 0.0625183 0.0370945 0.0191398 0.010369 0.00833241 0.0100942 0.013814 0.0185784 0.0238269 0.0290168 0.0335593 0.036896 0.0386154 0.0385465 0.0367937 0.0336972 0.0297393 0.0254269 0.0211897 0.0173214 0.0139692 0.0111609 0.00885028 0.00696074
 1.02745e-16 2.39497e-05 0.000140538 0.000667998 0.00257173 0.00801962 0.0202571 0.0414503 0.0687142 0.0922988 0.100485 0.0887449 0.0637657 0.0376972 0.0191994 0.0100018 0.00758129 0.00892843 0.0121719 0.0164151 0.0211512 0.0259164 0.0302091 0.0335461 0.0355587 0.0360721 0.0351364 0.032997 0.0300202 0.0265998 0.0230767 0.0196925 0.0165825 0.0137967 0.0113345 0.00917456
 1.01783e-16 3.06803e-05 0.000180061 0.000855916 0.0032953 0.0102761 0.0259566 0.053111 0.0880391 0.118239 0.12868 0.113536 0.0813402 0.0476064 0.023358 0.0107223 0.00637596 0.00639384 0.00835954 0.0111831 0.0143671 0.0175545 0.0203926 0.0225496 0.0237781 0.0239685 0.0231696 0.0215662 0.0194258 0.0170307 0.0146212 0.0123619 0.0103379 0.00857026 0.00704243 0.00572394
 1.0061e-16 3.34891e-05 0.000196553 0.000934321 0.00359718 0.0112175 0.0283345 0.0579763 0.096103 0.129066 0.140455 0.123905 0.0887246 0.0518392 0.0252675 0.0113133 0.00632898 0.00601119 0.00770991 0.0102343 0.0130549 0.0158115 0.0181606 0.0197883 0.0204712 0.0201284 0.0188401 0.0168234 0.0143755 0.0118038 0.00936474 0.00722854 0.00547231 0.00409678 0.0030545 0.00227796
 1.00228e-16 3.67486e-05 0.000215694 0.00102533 0.00394762 0.0123103 0.0310948 0.0636238 0.105462 0.141628 0.154106 0.135902 0.0972163 0.0566007 0.0272149 0.0115518 0.00557259 0.00452985 0.00551273 0.00724562 0.00921816 0.0111408 0.0127619 0.0138568 0.0142676 0.0139397 0.0129354 0.0114154 0.00959851 0.00771009 0.00593812 0.00440681 0.00317156 0.00223084 0.00154663 0.00106526
 1.0029e-16 3.40087e-05 0.000199603 0.000948822 0.00365301 0.0113916 0.0287743 0.0588761 0.0975944 0.131068 0.142633 0.125824 0.0900944 0.0526299 0.0256345 0.0114458 0.00635677 0.00599471 0.00766601 0.0101597 0.0129379 0.0156358 0.0179077 0.0194388 0.0200078 0.0195383 0.0181179 0.0159733 0.0134123 0.0107522 0.00825773 0.00610383 0.00436856 0.00304975 0.00209375 0.00142464
 1.00763e-16 2.84305e-05 0.000166845 0.000793066 0.00305328 0.00952132 0.0240503 0.0492113 0.0815777 0.10957 0.119271 0.105292 0.075561 0.0444795 0.0222988 0.0110334 0.00764515 0.00852236 0.0114185 0.0152691 0.0195049 0.0236416 0.0271766 0.0296421 0.030702 0.0302307 0.0283416 0.025352 0.0216999 0.017841 0.0141586 0.0109105 0.00821845 0.00609208 0.00446895 0.00325523
 1.01332e-16 2.93248e-05 0.0001721 0.000818058 0.00314952 0.00982145 0.0248083 0.0507619 0.0841464 0.113015 0.123007 0.108557 0.077832 0.0456717 0.0226295 0.0107595 0.00690571 0.00733042 0.00972379 0.0130229 0.0167066 0.0203669 0.0235876 0.025977 0.0272441 0.027264 0.0261018 0.023987 0.0212489 0.0182365 0.0152486 0.0124928 0.0100779 0.00803207 0.00633236 0.00493367
 1.01637e-16 2.77581e-05 0.000162899 0.000774312 0.00298108 0.00929617 0.0234815 0.0480474 0.0796481 0.106978 0.116446 0.102792 0.0737519 0.0433857 0.0216981 0.0106524 0.00728037 0.00805764 0.0107989 0.0144807 0.0185711 0.0226263 0.0261851 0.0288125 0.030188 0.0301769 0.0288577 0.0264916 0.0234503 0.0201242 0.0168448 0.013839 0.0112209 0.00901364 0.00718365 0.00567454
 1.01462e-16 3.11556e-05 0.000182852 0.000869185 0.00334639 0.0104354 0.026359 0.0539344 0.0894038 0.120071 0.130673 0.115291 0.0825904 0.0483238 0.0236832 0.0108259 0.00637414 0.00633911 0.0082653 0.011046 0.0141785 0.017305 0.0200735 0.0221538 0.0233006 0.0234066 0.0225233 0.0208391 0.0186253 0.0161692 0.0137156 0.0114338 0.00941177 0.00767182 0.00619607 0.00495045
 1.01504e-16 2.84254e-05 0.000166817 0.00079294 0.0030528 0.00951984 0.0240465 0.0492033 0.0815638 0.10955 0.119242 0.105253 0.0755012 0.0443817 0.0221345 0.0107638 0.00722349 0.00789858 0.0105487 0.014128 0.0181005 0.022026 0.0254508 0.0279492 0.0292098 0.0291058 0.0277217 0.025322 0.0222794 0.0189835 0.0157634 0.0128421 0.0103284 0.00823896 0.00653302 0.00514686
 1.01925e-16 2.72906e-05 0.000160155 0.000761267 0.00293086 0.00913954 0.0230859 0.0472379 0.0783062 0.105175 0.114484 0.101061 0.0725125 0.042661 0.0213442 0.0104939 0.00719409 0.00798273 0.010715 0.0143889 0.0184856 0.0225721 0.0261962 0.028929 0.0304499 0.0306173 0.0294958 0.0273276 0.0244632 0.0212742 0.0180784 0.0150964 0.0124441 0.0101531 0.00820286 0.00655192
 1.01835e-16 2.97363e-05 0.000174518 0.000829559 0.00319381 0.00995957 0.0251572 0.0514755 0.0853286 0.114601 0.124727 0.110061 0.0788788 0.0462233 0.0227869 0.0106415 0.00657698 0.00679689 0.00896101 0.0120052 0.0154284 0.0188553 0.0219086 0.0242319 0.0255586 0.0257692 0.0249143 0.0231905 0.0208836 0.0182966 0.015688 0.0132368 0.011037 0.00911447 0.00745418 0.00602547
 1.01803e-16 2.76918e-05 0.000162511 0.000772463 0.00297396 0.00927397 0.0234255 0.0479327 0.0794579 0.106722 0.116168 0.102546 0.0735761 0.0432828 0.0216475 0.0106289 0.00726615 0.0080432 0.0107801 0.0144559 0.0185401 0.0225903 0.0261468 0.0287764 0.0301603 0.0301652 0.0288702 0.0265365 0.0235342 0.0202517 0.0170173 0.014054 0.0114724 0.00929221 0.00747762 0.00597121
 1.03449e-16 1.61518e-05 9.47437e-05 0.000450255 0.00173331 0.00540501 0.013653 0.027939 0.0463236 0.0622463 0.0678287 0.0600495 0.043465 0.0263348 0.0145921 0.00951786 0.00952661 0.0126732 0.0177083 0.023932 0.030781 0.037608 0.0436762 0.0482753 0.0508723 0.0512299 0.0494515 0.0459339 0.0412533 0.0360207 0.0307583 0.0258286 0.0214223 0.0175919 0.0143063 0.0115008
pSPR Fmed_Fpbrs
0.501132   0.411636 0.411636
Fs Fmed_Fpbrs
0.68   1.005 1.005
SSBpbr Bo_Bmed_Bpbrs
888970  401043  321484 321484
Ro
34640.7
SPR SPRFo_SPRFmed_SPRFpbrs
712244 356928 293186
log_Ro
10.2728
likeval ReclasPelacesDesembMPH_pf_preclas_ppelaces_ptallas_desvR_qrecl_qpela
 64.0005 14.9151 0.00862651 0.000466008 309.428 189.468 76.7527 0 16.0403 7.57428e-06 8.03333e-05 0 0 0 0
q_reclas_q_pelaces
0.677064 3.57923
M
0.7
N
 36163.5 10856.8 3524.71 415.448 0.227509
 43903.6 16218.2 2753.62 675.475 77.9753
 22532.5 19856 4348.31 570.907 153.163
 34010.7 9516.04 3389.35 475.439 76.4952
 60941.6 16313.6 3759.72 1217.3 196.782
 42652.9 30081.8 7787.19 1765.34 663.129
 77625.1 20022.1 10309.2 2286.19 704.474
 75541.7 37197.6 7860.34 3669.3 1056.43
 98919.8 34967 11622 2024.28 1199
 116903 45369.5 10283 2746.85 748.977
 66745.6 54749.1 15311.8 2954.05 991.858
 46077.2 29740.9 13307.7 2762.69 695.744
 45905.2 20805.3 7889.21 2717.65 692.17
 24851.9 19585.6 3798.39 948.829 397.11
 14465.9 9147.16 1350.37 114.931 38.2078
 13311.7 5089.03 468.092 26.7802 2.82246
 10083.7 5710.3 962.823 59.2149 3.63104
 11581.4 4497.05 1395.95 175.135 11.1759
 12456.4 5342.51 1373.69 348.179 45.7547
 19910.2 5828.78 1793.05 391.526 110.879
 26012.3 9287.2 1915.8 496.142 137.183
 32746.3 12548.8 3810.7 725.941 238.512
 51855 15695.4 4933.63 1359.13 341.403
 61929 24664.1 5866.3 1637.89 559.417
 26897.6 29450.5 9207.73 1944.31 721.602
pred_Ctot
 2534.81 3968.56 1642.04 196.339 0.107602
 2833.34 5557.8 1211.66 301.681 34.8529
 2446 9946.55 2648 351.533 94.3645
 835.393 1417.24 687.258 98.2709 15.8273
 262.004 455.607 147.73 48.8779 7.91046
 1683.5 6847.98 2359.1 544.234 204.624
 1958.98 3056.76 2140.59 483.855 149.248
 3702.12 10186.4 2824.71 1340.48 386.275
 5459.62 10566.3 4568.17 808.35 479.196
 4799.96 10687.3 3215.92 874.048 238.544
 4960.71 20931.9 7419.31 1451.49 487.714
 3023.01 10325 5923.6 1248.05 314.549
 4689.94 10006.7 4646.61 1619.25 412.667
 4705.8 13462.4 2946.35 740.642 310.081
 3093.98 6635.24 1087.26 93.0328 30.9367
 1314.59 2391.44 270.442 15.6564 1.65112
 743.726 2170.49 464.167 28.9494 1.77649
 594.35 1279.77 519.59 66.2528 4.23144
 518.629 1273.71 434.431 112.027 14.7351
 871.97 1451.26 590.315 131.111 37.1638
 534.611 1173.12 331.57 87.5718 24.2388
 821.36 1905.12 787.025 152.822 50.2616
 1577.07 2837.84 1203.51 337.736 84.9203
 1891.04 4475.58 1435.93 408.397 139.624
 743.667 4885.99 2069.84 445.371 165.458
F
 0.101914 0.671879 0.952139 0.973511 0.974663
 0.0934908 0.616348 0.873444 0.89305 0.894107
 0.16198 1.06787 1.51331 1.54727 1.5491
 0.0346804 0.228635 0.324004 0.331277 0.331669
 0.00599401 0.0395161 0.0559994 0.0572564 0.0573242
 0.056258 0.370887 0.525594 0.537392 0.538028
 0.0356469 0.235006 0.333034 0.34051 0.340912
 0.070282 0.463342 0.656615 0.671354 0.672148
 0.0794693 0.52391 0.742448 0.759113 0.760011
 0.0585831 0.386216 0.547317 0.559603 0.560265
 0.108366 0.714416 1.01242 1.03515 1.03637
 0.0951106 0.627027 0.888577 0.908523 0.909598
 0.151781 1.00063 1.41802 1.44985 1.45157
 0.29949 1.97442 2.798 2.86081 2.86419
 0.344709 2.27253 3.22047 3.29276 3.29666
 0.146372 0.964973 1.36749 1.39819 1.39984
 0.107499 0.708697 1.00431 1.02686 1.02807
 0.0737071 0.485922 0.688614 0.704072 0.704904
 0.0594272 0.39178 0.555202 0.567665 0.568337
 0.0625962 0.412672 0.58481 0.597937 0.598644
 0.028945 0.190823 0.270421 0.276491 0.276818
 0.0354261 0.23355 0.330971 0.3384 0.3388
 0.0430998 0.28414 0.402663 0.411702 0.412189
 0.0432768 0.285307 0.404316 0.413392 0.413881
 0.039113 0.257856 0.365416 0.373618 0.37406
Np
 22869.7 10224 3190.5 2102.54 682.432
YTP_r0W_actual
 8329.07 107492 68304.8 18304.8 7081.6
YTP_p0W_proyectada
 13534.3 103721 168600 61314.8 19133.2
 13534.3 82559.4 47600.9 40631.3 14645.9
CTP_r0_actual
 743.667 4885.99 2069.84 445.371 165.458
CTP_p0_proyectada
 1650.53 4801.91 5369.43 1529.05 429.958
 1650.53 3822.19 1515.95 1013.25 329.122
Wmedp
 8.2 21.6 31.4 40.1 44.5
nmprior
 10.6 11 7 0
nm_flota  nm_reclas  nm_pelaces    nm_pelaL
inf 18.9205 16.204 37.3687
cv_recla  cv_pelaces  cv_mph
0.72363 0.43791 0.58753
 ------------------------------------------------
Talla a la edad & desviaci?n 
 7.2 14.2025 17.0495 18.207 18.6776
 1.08 2.13037 2.55742 2.73105 2.80164
