years
 1997 1998 1999 2000 2001 2002 2003 2004 2005 2006 2007 2008 2009 2010 2011 2012 2013 2014 2015 2016 2017 2018 2019 2020 2021
reclasobs
 0 0 0 370054 412103 1.49427e+06 250295 1.28982e+06 931140 785840 897777 1.04006e+06 184774 17550 25797 100020 73551 82996 120727 218422 84188 347160 605670 569463 516374
reclaspred
 373074 102916 318258 237311 354906 424459 940181 628491 701979 635197 499464 334919 205628 96231.9 68682.1 71043.3 89623.4 122394 127991 185838 269912 244207 421694 532324 600008
pelacesobs
 0 0 0 0 0 0 0 0 0 2.06254e+06 1.5e+06 0 1.87456e+06 323000 250000 174000 83755 137374 0 501740 490994 745055 786931 1.00524e+06 1.33801e+06
pelacespred
 1.07943e+06 263425 505099 569346 727889 730901 1.83831e+06 1.53474e+06 1.51481e+06 1.38553e+06 982528 679603 415587 162816 114281 126277 166190 229352 247809 348719 561376 498485 702950 1.00064e+06 1.12611e+06
mphobs
 0 0 0 0 0 112323 0 153150 637223 0 255016 313432 73983 77613 109348 50772 17779 17303 59886 28197 0 207744 136588 643089 65757
mphpred
 690554 421802 521863 649474 700618 1.11048e+06 1.68333e+06 1.99092e+06 1.70973e+06 1.72956e+06 1.6158e+06 1.13768e+06 701011 371082 181733 158949 194930 270624 334629 380917 578166 683991 853122 1.20281e+06 1.63239e+06
desembarqueobs
 350755 77701 442110 56441 14545 235359 269955 359681 431902 328805 639364 411747 362871 311530 167758 66681 60226 58785 57116 73181 50977 67692 138656 160484 209506
desembarquepred
 350761 77700.9 442105 56442.1 14545.1 235393 269981 359684 431932 328826 639579 411994 363204 311974 167801 66692 60244 58786.2 57112.3 73179.6 50977.2 67686.7 138655 160486 209505
Reclutas
 51399.5 66434.2 40171.7 66567.6 114633 82338.6 131883 123714 149856 146554 68204.3 40156.4 42936.4 23702.8 18534.4 23142.4 19085.7 21260.9 23672.5 44388.1 55010.3 68504 112792 132421 50047.9
log_desv_Rt
 -0.0803982 0.176185 -0.326865 0.178191 0.721707 0.390813 0.861887 0.797945 0.989646 0.967369 0.20248 -0.327246 -0.260308 -0.854432 -1.1004 -0.878359 -1.07109 -0.963158 -0.855712 -0.227054 -0.012506 0.206866 0.705522 0.865957 -0.107046
SSB
 690554 421802 521863 649474 700618 1.11048e+06 1.68333e+06 1.99092e+06 1.70973e+06 1.72956e+06 1.6158e+06 1.13768e+06 701011 371082 181733 158949 194930 270624 334629 380917 578166 683991 853122 1.20281e+06 1.63239e+06
BT
 2.21999e+06 603251 1.14709e+06 1.0793e+06 1.31445e+06 1.49414e+06 3.47536e+06 3.15665e+06 3.10802e+06 2.79887e+06 2.33967e+06 1.59756e+06 1.10219e+06 592731 347823 281341 347026 457714 493049 684269 1.04669e+06 956247 1.35522e+06 1.92318e+06 2.18035e+06
Ftot
 0.434693 0.362493 0.529686 0.101027 0.0193634 0.188047 0.1173 0.22961 0.256508 0.204346 0.422496 0.39215 0.62188 1.08786 1.00903 0.397363 0.283299 0.191978 0.164129 0.172006 0.0784034 0.103377 0.124602 0.120255 0.111951
BD_Bspro_t
 0.946726 0.7528 0.713451 0.592043 0.724274 0.844964 0.816638 0.823807 0.776021 0.743003 0.708938 0.561054 0.447534 0.336174 0.219158 0.2348 0.349994 0.514407 0.621755 0.70076 0.794913 0.856781 0.861023 0.863674 0.865004
BD_Bspro
 0.602948 0.368291 0.455658 0.567079 0.611735 0.969602 1.46978 1.73834 1.49282 1.51014 1.41081 0.993354 0.612078 0.324005 0.158678 0.138784 0.1702 0.236292 0.292176 0.332592 0.504817 0.597217 0.744892 1.05021 1.4253
BD_Bo
 0.304249 0.18584 0.229926 0.286149 0.308683 0.489263 0.741653 0.877172 0.753283 0.762019 0.711898 0.501248 0.308856 0.163494 0.0800691 0.0700308 0.0858835 0.119233 0.147433 0.167827 0.254732 0.301357 0.375874 0.529939 0.719209
BD_Brms
 1.06132 0.648271 0.802055 0.998181 1.07678 1.70671 2.58712 3.05986 2.62769 2.65817 2.48333 1.74852 1.07739 0.570319 0.279307 0.24429 0.299589 0.415924 0.514293 0.585433 0.888586 1.05123 1.31117 1.8486 2.50883
S_f
 0.189404 1 1 1 1
 0.189404 1 1 1 1
 0.189404 1 1 1 1
 0.189404 1 1 1 1
 0.189404 1 1 1 1
 0.189404 1 1 1 1
 0.189404 1 1 1 1
 0.189404 1 1 1 1
 0.189404 1 1 1 1
 0.189404 1 1 1 1
 0.189404 1 1 1 1
 0.189404 1 1 1 1
 0.189404 1 1 1 1
 0.189404 1 1 1 1
 0.189404 1 1 1 1
 0.189404 1 1 1 1
 0.189404 1 1 1 1
 0.189404 1 1 1 1
 0.189404 1 1 1 1
 0.189404 1 1 1 1
 0.189404 1 1 1 1
 0.189404 1 1 1 1
 0.189404 1 1 1 1
 0.189404 1 1 1 1
 0.189404 1 1 1 1
Scru_reclas
 1 1 1 1 1
 1 1 1 1 1
 1 1 1 1 1
 1 1 1 1 1
 1 1 1 1 1
 1 1 1 1 1
 1 1 1 1 1
 1 1 1 1 1
 1 1 1 1 1
 1 1 1 1 1
 1 1 1 1 1
 1 1 1 1 1
 1 1 1 1 1
 1 1 1 1 1
 1 1 1 1 1
 1 1 1 1 1
 1 1 1 1 1
 1 1 1 1 1
 1 1 1 1 1
 1 1 1 1 1
 1 1 1 1 1
 1 1 1 1 1
 1 1 1 1 1
 1 1 1 1 1
 1 1 1 1 1
Scru_pelaces
 1 1 1 1 1
 1 1 1 1 1
 1 1 1 1 1
 1 1 1 1 1
 1 1 1 1 1
 1 1 1 1 1
 1 1 1 1 1
 1 1 1 1 1
 1 1 1 1 1
 1 1 1 1 1
 1 1 1 1 1
 1 1 1 1 1
 1 1 1 1 1
 1 1 1 1 1
 1 1 1 1 1
 1 1 1 1 1
 1 1 1 1 1
 1 1 1 1 1
 1 1 1 1 1
 1 1 1 1 1
 1 1 1 1 1
 1 1 1 1 1
 1 1 1 1 1
 1 1 1 1 1
 1 1 1 1 1
pf_obs 
 0.256992 0.487395 0.22802 0.0275931 0
 0.321318 0.546541 0.124235 0.00734118 0.000564706
 0.182869 0.594174 0.210203 0.0122559 0.00049798
 0.330522 0.361315 0.267642 0.0388342 0.00168674
 0.649043 0.306663 0.0425973 0.00169635 0
 0.582887 0.30429 0.105238 0.00758474 0
 0.465427 0.430635 0.0974691 0.00646863 0
 0.296916 0.608066 0.0921331 0.00288517 0
 0.311714 0.524322 0.152257 0.0117073 0
 0.15457 0.633149 0.183074 0.0267441 0.00246327
 0.131901 0.49318 0.331252 0.0422183 0.00144891
 0.196976 0.569456 0.194076 0.0375587 0.00193317
 0.518974 0.381816 0.0799577 0.0180837 0.00116848
 0.0928022 0.601141 0.25162 0.0475244 0.00691264
 0.122501 0.610282 0.24278 0.0234846 0.000952079
 0.383417 0.481906 0.127806 0.00687128 0
 0.0376549 0.599619 0.316969 0.0457579 0
 0.0361596 0.667082 0.258105 0.0386534 0
 0.158088 0.579412 0.248529 0.0139706 0
 0.0477256 0.309471 0.559284 0.082774 0.000745712
 0.0406174 0.521527 0.379366 0.0568643 0.0016247
 0.151134 0.462217 0.34131 0.0453401 0
 0.294876 0.26143 0.354403 0.0886775 0.000613685
 0.281977 0.475581 0.204845 0.0348837 0.00271318
 0.0841818 0.532909 0.334909 0.0458182 0.00218182
pf_pred 
 0.339854 0.464653 0.174708 0.0207737 1.10093e-05
 0.318094 0.524525 0.110775 0.0416511 0.00495515
 0.180333 0.610376 0.160987 0.0339991 0.0143044
 0.302453 0.417637 0.208438 0.0549758 0.0164952
 0.322361 0.478171 0.119426 0.0596043 0.0204376
 0.17397 0.592275 0.164947 0.0411965 0.0276108
 0.265576 0.402455 0.238026 0.0662896 0.0276525
 0.209414 0.528307 0.143725 0.0850042 0.0335488
 0.243063 0.460649 0.197994 0.0538642 0.0444303
 0.216322 0.51426 0.163959 0.0704723 0.034986
 0.116006 0.544138 0.223018 0.0711038 0.0457339
 0.113027 0.40611 0.295993 0.121315 0.0635558
 0.194662 0.359942 0.203929 0.148633 0.0928331
 0.174465 0.521581 0.135851 0.0769677 0.0911353
 0.249336 0.49257 0.163066 0.0424722 0.0525555
 0.328988 0.497927 0.113574 0.037599 0.021911
 0.220772 0.589965 0.140444 0.0320344 0.0167852
 0.23213 0.484065 0.214873 0.0511513 0.0177807
 0.228699 0.490147 0.177239 0.0786751 0.0252393
 0.329838 0.420835 0.158442 0.0572936 0.0335909
 0.270291 0.538285 0.120207 0.0452574 0.0259602
 0.250851 0.501638 0.182582 0.0407733 0.0241564
 0.30299 0.452727 0.163575 0.0595365 0.0211723
 0.253123 0.529103 0.14145 0.0511072 0.0252167
 0.0911998 0.594382 0.222741 0.0595473 0.0321307
pobs_RECLAS
 0 0 0 0 0
 0 0 0 0 0
 0 0 0 0 0
 0 0 0 0 0
 0.835266 0.146461 0.0176864 0.000547809 3.91292e-05
 0.385257 0.428462 0.181853 0.0044286 0
 0.867414 0.0963971 0.0333333 0.00285562 0
 0.441836 0.489002 0.0689373 0.000224442 0
 0.779404 0.147425 0.0564933 0.0165055 0.000172143
 0.814271 0.122319 0.05973 0.00367925 0
 0.40263 0.566651 0.0304383 0.000280538 0
 0.475488 0.404961 0.113038 0.00651328 0
 0.955842 0.0263864 0.0167828 0.000988607 0
 0.975058 0.0227948 0.00214734 0 0
 0.738997 0.206755 0.0527124 0.00153531 0
 0.850938 0.134255 0.0134407 0.00136685 0
 0.542534 0.407297 0.0501686 0 0
 0.764087 0.199537 0.0359546 0.000420521 0
 0.470689 0.182191 0.310203 0.0369168 0
 0.84361 0.089868 0.0606195 0.00523954 0.000663233
 0.607945 0.314616 0.071237 0.00620181 0
 0.523733 0.453247 0.0230204 0 0
 0.530135 0.295979 0.169645 0.0042399 0
 0.562478 0.366248 0.0663022 0.0049721 0
 0.250443 0.683176 0.0655157 0.000865301 0
ppred_RECLAS
 0.736458 0.185497 0.0697466 0.00829322 4.39509e-06
 0.715741 0.218653 0.0461776 0.0173627 0.0020656
 0.546234 0.337903 0.0891222 0.0188218 0.00791889
 0.697067 0.181373 0.0905214 0.0238751 0.00716361
 0.71542 0.200812 0.050154 0.0250313 0.00858294
 0.52905 0.337678 0.0940425 0.0234876 0.0157419
 0.657625 0.187617 0.110963 0.030903 0.0128911
 0.586191 0.276527 0.0752289 0.044493 0.0175601
 0.632395 0.223713 0.0961555 0.026159 0.0215774
 0.595767 0.265263 0.0845725 0.0363507 0.0180463
 0.415762 0.359625 0.147394 0.046993 0.0302259
 0.408068 0.271022 0.197534 0.0809606 0.0424147
 0.571492 0.19152 0.108508 0.0790856 0.049395
 0.551171 0.283574 0.0738597 0.041846 0.0495487
 0.656496 0.2254 0.0746193 0.0194353 0.0240494
 0.726289 0.203109 0.0463279 0.0153369 0.00893768
 0.603271 0.300369 0.0715042 0.0163097 0.00854585
 0.617274 0.24127 0.107098 0.0254951 0.00886235
 0.612291 0.246381 0.0890927 0.0395475 0.012687
 0.723958 0.173343 0.065263 0.0235994 0.0138362
 0.662542 0.248932 0.0555903 0.0209295 0.0120054
 0.63993 0.241106 0.0877558 0.0195972 0.0116105
 0.69788 0.196235 0.0709015 0.0258061 0.00917717
 0.642919 0.252963 0.067627 0.0244343 0.012056
 0.347634 0.426666 0.15989 0.042745 0.0230644
pobs_PELACES
 0 0 0 0 0
 0 0 0 0 0
 0 0 0 0 0
 0 0 0 0 0
 0 0 0 0 0
 0 0 0 0 0
 0 0 0 0 0
 0 0 0 0 0
 0 0 0 0 0
 0 0 0 0 0
 0.450072 0.473896 0.0757376 0.000293798 0
 0 0 0 0 0
 0.463077 0.371075 0.160297 0.00555027 0
 0.529543 0.364841 0.0842815 0.0213345 0
 0.631943 0.363953 0.00410389 0 0
 0.735681 0.248677 0.0153453 0.000297389 0
 0.695825 0.281241 0.0229344 0 0
 0.275771 0.60734 0.115278 0.00161068 0
 0 0 0 0 0
 0.896147 0.0623911 0.0374545 0.00400742 0
 0.803859 0.145111 0.0509908 3.86294e-05 0
 0.739449 0.233085 0.0266225 0.000797448 4.60066e-05
 0.878498 0.100942 0.0204185 0.000141795 0
 0.694673 0.275183 0.0284847 0.00165964 0
 0.469039 0.446079 0.0841089 0.000773354 0
ppred_PELACES
 0.758399 0.170054 0.0639401 0.00760279 4.02919e-06
 0.73505 0.2038 0.0430408 0.0161832 0.00192529
 0.581067 0.311964 0.0822808 0.017377 0.007311
 0.702743 0.177975 0.0888253 0.0234277 0.00702939
 0.716473 0.200069 0.0499683 0.0249387 0.00855117
 0.541562 0.328707 0.091544 0.0228636 0.0153237
 0.664655 0.183765 0.108685 0.0302685 0.0126264
 0.601006 0.266627 0.0725355 0.0429 0.0169314
 0.648197 0.214097 0.0920223 0.0250346 0.02065
 0.60886 0.256672 0.0818333 0.0351733 0.0174618
 0.443448 0.342583 0.14041 0.0447661 0.0287935
 0.433629 0.259319 0.189004 0.0774645 0.0405831
 0.611659 0.173567 0.0983363 0.0716723 0.0447649
 0.621614 0.239068 0.0622676 0.0352784 0.0417721
 0.714559 0.187301 0.0620062 0.0161501 0.0199843
 0.746904 0.187811 0.0428386 0.0141818 0.00826452
 0.621259 0.28675 0.0682622 0.0155702 0.00815838
 0.629331 0.23367 0.103724 0.024692 0.00858316
 0.622661 0.239792 0.0867098 0.0384898 0.0123477
 0.733057 0.167629 0.0631117 0.0228215 0.0133801
 0.667215 0.245485 0.0548205 0.0206397 0.0118392
 0.646277 0.236857 0.086209 0.0192518 0.0114059
 0.704861 0.1917 0.0692633 0.0252098 0.00896512
 0.65027 0.247756 0.0662349 0.0239313 0.0118079
 0.354456 0.422205 0.158218 0.042298 0.0228232
pobs_pel_tallas
 0 0 0 0 0 0 0 0 0 0 0 0 0 0 0 0 0 0 0 0 0 0 0 0 0 0 0 0 0 0 0 0 0 0 0 0
 0 0 0 0 0 0 0 0 0 0 0 0 0 0 0 0 0 0 0 0 0 0 0 0 0 0 0 0 0 0 0 0 0 0 0 0
 0 0 0 0 0 0 0 0 0 0 0 0 0 0 0 0 0 0 0 0 0 0 0 0 0 0 0 0 0 0 0 0 0 0 0 0
 0 0 0 0 0 0 0 0 0 0 0 0 0 0 0 0 0 0 0 0 0 0 0 0 0 0 0 0 0 0 0 0 0 0 0 0
 0 0 0 0 0 0 0 0 0 0 0 0 0 0 0 0 0 0 0 0 0 0 0 0 0 0 0 0 0 0 0 0 0 0 0 0
 0 0 0 0 0 0 0 0 0 0 0 0 0 0 0 0 0 0 0 0 0 0 0 0 0 0 0 0 0 0 0 0 0 0 0 0
 0 0 0 0 0 0 0 0 0 0 0 0 0 0 0 0 0 0 0 0 0 0 0 0 0 0 0 0 0 0 0 0 0 0 0 0
 0 0 0 0 0 0 0 0 0 0 0 0 0 0 0 0 0 0 0 0 0 0 0 0 0 0 0 0 0 0 0 0 0 0 0 0
 0 0 0 0 0 0 0 0 0 0 0 0 0 0 0 0 0 0 0 0 0 0 0 0 0 0 0 0 0 0 0 0 0 0 0 0
 0 0 0 0 0 0 0 0 0 0 0 0 0 0 0 0 0 0 0 0 0 0 0 0 0 0 0 0 0 0 0 0 0 0 0 0
 0 0 0 0 0 0 0 0 1.78061e-05 0.00172719 0.00360574 0.0105946 0.0120993 0.0124554 0.0147524 0.0171206 0.0266825 0.0428682 0.0675386 0.121331 0.153587 0.119568 0.100827 0.0573624 0.0630603 0.0341343 0.0324427 0.0444173 0.0211091 0.0280891 0.0125444 0.00206551 0 0 0 0
 0 0 0 0 0 0 0 0 0 0 0 0 0 0 0 0 0 0 0 0 0 0 0 0 0 0 0 0 0 0 0 0 0 0 0 0
 0 0 0 0 0 0 0.0133647 0.0140871 0.0187388 0.0205184 0.03894 0.0496705 0.03968 0.0493445 0.0407372 0.0367815 0.0215668 0.0243155 0.0234873 0.0199281 0.019796 0.0243948 0.0301388 0.0376714 0.0412746 0.0863199 0.0771752 0.113111 0.0741005 0.0525337 0.0229764 0.00759418 0.00175318 0 0 0
 0 0 0 0 0 0 0 0 0 0 0.00219441 0.00772107 0.0458388 0.0604681 0.0671733 0.0775358 0.0609151 0.0617685 0.073594 0.0568108 0.0755445 0.0548602 0.0670107 0.0636378 0.0643287 0.046367 0.0373049 0.0286899 0.0247887 0.0153202 0.00654259 0.00121912 0.000365735 0 0 0
 0 0 0 0 0 0 0 0 0 0 0 0 0.000112435 0.00938835 0.0111873 0.0202946 0.0414886 0.0713402 0.111592 0.104902 0.108894 0.110636 0.117776 0.105296 0.107544 0.0401394 0.0192827 0.0124803 0.00416011 0.0028671 0.000618394 0 0 0 0 0
 0 0 0 0 0 0 0 0 0 0 0.00291406 0.0102884 0.027416 0.0768956 0.0749926 0.110853 0.0956884 0.0897413 0.0766577 0.0534642 0.0500743 0.0551293 0.0594112 0.0620874 0.0668451 0.0424026 0.0208742 0.0120726 0.0048766 0.00582813 0.00118941 0.000297354 0 0 0 0
 0 0.00264628 0.0354308 0.0461629 0.0458689 0.0383711 0.0214643 0.0164657 0.0346957 0.0420465 0.0363128 0.0245516 0.0311673 0.0291091 0.0169068 0.0133784 0.00837989 0.0085269 0.0148486 0.0160247 0.0276389 0.0546898 0.0760071 0.122758 0.109233 0.0665981 0.0333725 0.0166128 0.00676272 0.00308733 0.000882094 0 0 0 0 0
 0 0 0 0 0 0 0 0.000805153 0.000690131 0.00759144 0.0133425 0.0154129 0.00931677 0.000345066 0.00356568 0.00563607 0.00851162 0.0253048 0.0502646 0.0516448 0.0657925 0.0565908 0.0611916 0.0827007 0.0866115 0.110766 0.145733 0.0935128 0.0569358 0.0249597 0.0138026 0.00621118 0.00161031 0.00115022 0 0
 0 0 0 0 0 0 0 0 0 0 0 0 0 0 0 0 0 0 0 0 0 0 0 0 0 0 0 0 0 0 0 0 0 0 0 0
 0.00147267 0.00158595 0.00478618 0.00569244 0.00954404 0.0108468 0.00647125 0.017049 0.0510054 0.094081 0.124002 0.0959785 0.0687766 0.0820023 0.061753 0.0591476 0.0492212 0.0479892 0.0443925 0.0268479 0.0217502 0.0140895 0.0121071 0.0120363 0.00920419 0.00665534 0.0049561 0.00860946 0.00930331 0.0156896 0.0114698 0.00855282 0.00243557 0.00046729 0 2.83206e-05
 0 0 0 0 0.000772559 0.00158375 0.000888443 0.00281984 0.00712685 0.0440552 0.0773331 0.111326 0.0921469 0.0852325 0.0710754 0.0886704 0.0786465 0.0553345 0.0373146 0.0185414 0.00753245 0.00457741 0.012979 0.0271748 0.0457355 0.0583668 0.034881 0.0177882 0.00938659 0.00492506 0.0015258 0.00185414 0.000309023 5.79419e-05 3.86279e-05 0
 0 0.00173294 0.00326652 0 0.00397197 0.00683976 0.00946217 0.0152591 0.00757587 0.0136028 0.0228656 0.0392903 0.0559909 0.0764795 0.0681675 0.0726916 0.0566044 0.0477403 0.0527397 0.0444891 0.0609904 0.0582453 0.0661739 0.0445044 0.0529084 0.0360697 0.0280645 0.0235558 0.0158879 0.00826598 0.00280645 0.00217768 0.000904811 0.00058276 9.20147e-05 0
 0 0 0 0 0 0 0 0 0 0 0 0 0 0 0 0 0 0 0 0 0 0 0 0 0 0 0 0 0 0 0 0 0 0 0 0
 0 0 0 0 0 0 0 0 0 0 0 0 0 0 0 0 0 0 0 0 0 0 0 0 0 0 0 0 0 0 0 0 0 0 0 0
 0 0 0 0 0 0 0 0 0 0 0 0 0 0 0 0 0 0 0 0 0 0 0 0 0 0 0 0 0 0 0 0 0 0 0 0
ppred_pel_tallas
 1.01225e-16 3.30894e-05 0.000194209 0.000923185 0.00355432 0.0110838 0.0279968 0.0572852 0.0949565 0.127524 0.13877 0.122403 0.0876157 0.0511241 0.0247948 0.0108948 0.00581224 0.00529438 0.00673335 0.00897829 0.0115476 0.0141382 0.0164654 0.0182619 0.0193249 0.019558 0.0189891 0.0177541 0.0160566 0.0141165 0.0121256 0.0102216 0.00848354 0.00694249 0.00559965 0.00444294
 1.01324e-16 3.20726e-05 0.000188237 0.000894786 0.00344496 0.0107428 0.0271354 0.055523 0.0920366 0.123606 0.134515 0.118671 0.0849901 0.0496841 0.024268 0.0109543 0.00625704 0.00606282 0.00784085 0.0104556 0.0134013 0.0163297 0.0189035 0.0208094 0.021817 0.0218298 0.0209048 0.0192301 0.0170723 0.0147109 0.012382 0.0102459 0.00838181 0.00680381 0.00548632 0.00438851
 1.02209e-16 2.53627e-05 0.000148834 0.000707435 0.00272358 0.00849314 0.0214532 0.0438975 0.0727705 0.0977453 0.10641 0.0939647 0.0674891 0.0398434 0.02019 0.0103489 0.00763509 0.00884913 0.0120004 0.016137 0.0207291 0.0253025 0.0293515 0.0323951 0.034075 0.034235 0.0329509 0.0304983 0.027274 0.0236973 0.0201255 0.0168047 0.0138622 0.0113291 0.00917827 0.00735918
 1.02453e-16 3.06629e-05 0.000179963 0.000855454 0.00329353 0.0102706 0.0259427 0.0530823 0.0879904 0.118171 0.128598 0.113445 0.0812353 0.047465 0.0231407 0.0103762 0.00583935 0.00560356 0.00726213 0.00975103 0.0126163 0.0155586 0.0182868 0.0205208 0.0220403 0.022728 0.0225881 0.0217317 0.0203377 0.0186032 0.0167025 0.0147633 0.0128646 0.0110479 0.00933504 0.00774173
 1.02032e-16 3.12624e-05 0.000183481 0.000872174 0.0033579 0.0104713 0.0264497 0.0541199 0.0897108 0.120482 0.131117 0.115675 0.0828487 0.0484409 0.0236772 0.0107168 0.00616459 0.0060149 0.00780501 0.0104323 0.0134076 0.0163942 0.0190644 0.0211114 0.0223066 0.0225485 0.021882 0.020477 0.0185778 0.0164415 0.0142842 0.012252 0.010417 0.00879412 0.00736573 0.00610426
 1.02909e-16 2.36408e-05 0.000138723 0.000659364 0.00253848 0.00791593 0.0199952 0.0409146 0.0678268 0.0911085 0.0991944 0.087616 0.0629791 0.0372813 0.0190778 0.0100837 0.0078155 0.00930645 0.0127061 0.0171168 0.0220151 0.0269121 0.0312789 0.03461 0.0365265 0.0368596 0.0356818 0.0332734 0.0300406 0.0264123 0.0227536 0.0193146 0.0162244 0.0135153 0.0111625 0.00912103
 1.03233e-16 2.90024e-05 0.000170213 0.000809103 0.00311507 0.00971402 0.0245369 0.050206 0.0832232 0.11177 0.121638 0.107316 0.0768698 0.0449626 0.0220119 0.0100267 0.00586682 0.00582879 0.00764383 0.0103072 0.0133835 0.0165752 0.0195855 0.0221244 0.0239583 0.0249542 0.0250997 0.0244885 0.023283 0.0216665 0.0198028 0.0178151 0.0157845 0.0137619 0.0117846 0.00988792
 1.03382e-16 2.62302e-05 0.000153931 0.000731679 0.00281694 0.0087843 0.0221886 0.0454018 0.0752626 0.101088 0.110035 0.0971351 0.0696983 0.0410112 0.0205302 0.0101141 0.00696334 0.00775461 0.0104322 0.0140402 0.0180881 0.0221685 0.0258546 0.0287397 0.030517 0.0310459 0.0303763 0.0287216 0.026392 0.0237141 0.0209615 0.0183178 0.0158739 0.0136497 0.0116279 0.0097828
 1.03202e-16 2.82859e-05 0.000166004 0.000789087 0.00303799 0.00947365 0.0239298 0.048964 0.0811654 0.109009 0.118641 0.104691 0.0750303 0.0439688 0.0216778 0.0101306 0.00627746 0.00651404 0.00862447 0.0116104 0.0150116 0.0184883 0.0216954 0.0243007 0.0260457 0.0267981 0.0265733 0.0255148 0.0238453 0.021806 0.0196051 0.0173895 0.0152429 0.0132014 0.0112769 0.00947583
 1.0327e-16 2.65723e-05 0.00015594 0.000741232 0.00285372 0.00889902 0.0224783 0.0459946 0.0762449 0.102406 0.111467 0.0983917 0.0705841 0.0415007 0.0207165 0.0101093 0.00683772 0.00753208 0.0101106 0.0136113 0.0175502 0.0215329 0.0251472 0.0279993 0.0297894 0.0303758 0.0297993 0.0282574 0.0260423 0.023464 0.0207852 0.0181853 0.0157576 0.0135293 0.0114926 0.00963082
 1.04989e-16 1.93632e-05 0.000113608 0.000539963 0.00207875 0.00648228 0.016374 0.0335054 0.0555465 0.0746206 0.081263 0.0718249 0.0517316 0.0308315 0.0161632 0.00917185 0.00786766 0.0098587 0.0136497 0.0184963 0.0239239 0.0294502 0.0345341 0.0386465 0.0413762 0.0425152 0.0420926 0.0403432 0.0376286 0.0343387 0.030809 0.0272749 0.0238688 0.0206453 0.0176188 0.0147951
 1.07326e-16 1.89317e-05 0.000111083 0.000527973 0.00203262 0.00633843 0.0160105 0.0327611 0.0543107 0.0729544 0.0794328 0.07017 0.0504588 0.0299116 0.0153884 0.00827738 0.00661251 0.0080488 0.0111439 0.015225 0.0199215 0.0248844 0.029717 0.0340134 0.0374317 0.0397551 0.0409193 0.0409955 0.0401435 0.0385524 0.0363937 0.0337992 0.0308662 0.0276755 0.0243136 0.0208832
 1.06007e-16 2.66909e-05 0.000156645 0.000744598 0.00286671 0.00893954 0.0225806 0.0462033 0.0765884 0.10286 0.111943 0.0987678 0.070758 0.0414103 0.020316 0.00933003 0.00557016 0.00563786 0.00745614 0.0101121 0.0132164 0.0165058 0.0197149 0.0225806 0.0248858 0.0264978 0.0273843 0.0275996 0.0272498 0.026452 0.0253024 0.023864 0.0221726 0.0202548 0.0181466 0.0159045
 1.04126e-16 2.71276e-05 0.000159202 0.000756745 0.00291346 0.0090853 0.0229489 0.0469572 0.0778398 0.104546 0.113791 0.100429 0.0720157 0.042282 0.0209944 0.0100588 0.00656333 0.00705967 0.00942114 0.0126748 0.0163481 0.0200719 0.0234667 0.0261721 0.027916 0.0285729 0.0281852 0.026937 0.0250954 0.0229381 0.0206927 0.0185057 0.0164422 0.0145082 0.0126822 0.0109426
 1.02431e-16 3.11784e-05 0.000182989 0.000869838 0.00334891 0.0104433 0.0263789 0.0539749 0.0894701 0.120158 0.130762 0.115356 0.0826068 0.0482732 0.0235469 0.0105769 0.00597405 0.00574246 0.00742906 0.00994291 0.0128109 0.0157167 0.0183542 0.0204351 0.0217402 0.0221662 0.0217429 0.0206146 0.0189954 0.017112 0.0151571 0.0132621 0.0114955 0.00987695 0.00840005 0.0070516
 1.01543e-16 3.25888e-05 0.000191269 0.000909204 0.00350048 0.0109159 0.0275728 0.0564177 0.093519 0.125595 0.136676 0.120566 0.0863237 0.0504163 0.0245372 0.0109265 0.00603389 0.00567464 0.00727769 0.00969827 0.0124414 0.0151804 0.0176048 0.0194258 0.0204304 0.0205277 0.0197663 0.0183146 0.0164119 0.0143096 0.0122194 0.0102844 0.00857476 0.00710308 0.00584757 0.00477439
 1.01979e-16 2.71142e-05 0.000159119 0.000756338 0.00291187 0.00908034 0.0229364 0.0469321 0.0777995 0.104496 0.113747 0.100416 0.072062 0.0424211 0.0212705 0.0105336 0.00731695 0.00818286 0.0109988 0.0147629 0.018948 0.023108 0.0267766 0.0295126 0.0309897 0.0310687 0.0298249 0.0275179 0.0245182 0.0212155 0.0179404 0.0149185 0.0122636 0.00999915 0.0080937 0.00649436
 1.02799e-16 2.74641e-05 0.000161178 0.000766137 0.00294962 0.00919806 0.0232337 0.0475399 0.0788056 0.105843 0.115201 0.10167 0.0728986 0.0427864 0.0212194 0.0101256 0.00655593 0.00701986 0.00936731 0.012619 0.0163047 0.0200585 0.0235022 0.0262702 0.0280782 0.0287812 0.0283973 0.0270877 0.025103 0.0227166 0.0201674 0.0176283 0.0152016 0.0129347 0.0108444 0.00893671
 1.03209e-16 2.71734e-05 0.000159471 0.000758021 0.00291837 0.00910062 0.0229875 0.0470364 0.0779711 0.104722 0.113983 0.1006 0.0721409 0.0423607 0.0210434 0.0100996 0.00661439 0.00713563 0.00953506 0.0128394 0.0165754 0.0203707 0.0238401 0.0266136 0.0284069 0.0290807 0.0286637 0.0273296 0.025341 0.0229789 0.0204831 0.0180204 0.0156813 0.0134987 0.0114753 0.00960668
 1.0236e-16 3.19843e-05 0.000187721 0.000892343 0.00343557 0.0107135 0.0270614 0.0553713 0.0917841 0.123264 0.134136 0.118318 0.0846981 0.0494347 0.0240002 0.010589 0.00571382 0.00526832 0.00673626 0.00900936 0.0116253 0.0142933 0.0167384 0.0187012 0.0199824 0.0204834 0.0202228 0.0193202 0.0179571 0.016328 0.0145989 0.0128855 0.0112504 0.00971719 0.00828835 0.00696203
 1.02121e-16 2.91164e-05 0.000170877 0.000812248 0.00312716 0.00975171 0.0246321 0.0504014 0.0835487 0.112212 0.122131 0.107781 0.0772688 0.0453274 0.0224334 0.0106238 0.0067631 0.00713909 0.00945939 0.0126728 0.0162697 0.0198563 0.0230327 0.0254233 0.0267503 0.026895 0.0259209 0.0240474 0.0215863 0.0188645 0.0161567 0.0136477 0.0114274 0.00951081 0.00786868 0.00645698
 1.02496e-16 2.82031e-05 0.000165516 0.000786762 0.00302903 0.0094457 0.0238592 0.0488198 0.0809271 0.108691 0.1183 0.104402 0.0748501 0.0439169 0.0217517 0.0103307 0.00662098 0.00703281 0.00935307 0.0125718 0.0162037 0.0198735 0.0231964 0.0258045 0.0274172 0.0278999 0.0272876 0.0257626 0.0235979 0.0210862 0.0184797 0.0159561 0.0136136 0.0114878 0.00957842 0.00787249
 1.02331e-16 3.07558e-05 0.000180507 0.000858039 0.00330348 0.0103016 0.026021 0.0532427 0.0882566 0.118529 0.128991 0.113798 0.0815011 0.047647 0.0232788 0.0105203 0.00603242 0.00587699 0.00763594 0.0102319 0.0131934 0.0161996 0.0189372 0.0211093 0.0224885 0.0229645 0.0225626 0.0214253 0.0197671 0.0178179 0.0157745 0.0137746 0.0118935 0.0101586 0.00857113 0.00712451
 1.02396e-16 2.83776e-05 0.00016654 0.000791626 0.00304775 0.00950409 0.0240067 0.0491217 0.0814277 0.109364 0.119034 0.105054 0.0753263 0.0442137 0.0219306 0.0104676 0.0067744 0.00723843 0.00962893 0.0129214 0.0166151 0.020317 0.0236251 0.026159 0.027634 0.0279232 0.027081 0.0253171 0.022935 0.0202544 0.017546 0.014994 0.0126915 0.0106602 0.00888028 0.00731862
 1.04904e-16 1.5486e-05 9.08382e-05 0.000431695 0.00166187 0.00518222 0.0130902 0.0267872 0.0444134 0.0596783 0.0650272 0.0575616 0.0416475 0.0252009 0.0139062 0.00898824 0.00892553 0.0118569 0.0165961 0.022494 0.0290422 0.0356585 0.0416742 0.0464367 0.0494441 0.0504521 0.0495162 0.0469516 0.0432335 0.0388724 0.034308 0.0298494 0.025668 0.0218285 0.0183354 0.0151737
pSPR Fmed_Fpbrs
0.429013   0.336671 0.336671
Fs Fmed_Fpbrs
0.68   1.005 1.005
SSBpbr Bo_Bmed_Bpbrs
2.2697e+06  860246  650658 650658
Ro
55702.6
SPR SPRFo_SPRFmed_SPRFpbrs
1.1453e+06 491347 385588
log_Ro
10.7478
likeval ReclasPelacesDesembMPH_pf_preclas_ppelaces_ptallas_desvR_qrecl_qpela
 64.8161 27.1001 0.0178747 0.00327281 316.37 198.88 77.9713 0 15.6021 8.04211e-05 0 0 0 0 0
q_reclas_q_pelaces
0.280615 1
M
0.7
N
 51399.5 15440.6 5805.61 690.316 0.365841
 66434.2 23506.9 4964.46 1866.63 222.069
 40171.7 30801.2 8123.84 1715.68 721.838
 66567.6 18044.4 9005.8 2375.28 712.693
 114633 32430 8099.56 4042.41 1386.09
 82338.6 56716.6 15795.4 3944.99 2644.02
 131883 39457.5 23336.5 6499.15 2711.1
 123714 64052.1 17425.3 10305.9 4067.46
 149856 58820.1 25281.8 6877.9 5673.29
 146554 70887.1 22600.6 9714.1 4822.57
 68204.3 70013.7 28695.6 9148.86 5884.54
 40156.4 31264.5 22787.1 9339.45 4892.87
 42936.4 18513.6 10489.1 7644.95 4774.86
 23702.8 18952.4 4936.35 2796.74 3311.54
 18534.4 9578.78 3171.07 825.937 1022.02
 23142.4 7602.77 1734.15 574.093 334.556
 19085.7 10659 2537.42 578.772 303.261
 21260.9 8982.54 3987.27 949.187 329.947
 23672.5 10180.8 3681.44 1634.16 524.246
 44388.1 11395.6 4290.39 1551.43 909.592
 55010.3 21336 4764.64 1793.87 1028.98
 68504 26914.6 9796.16 2187.63 1296.08
 112792 33358.5 12052.8 4386.86 1560.05
 132421 54704.6 14624.7 5284.05 2607.18
 50047.9 64277.3 24087.5 6439.53 3474.66
pred_Ctot
 2935.4 4013.32 1509 179.427 0.0950897
 3182.78 5248.29 1108.39 416.753 49.5802
 2773.75 9388.35 2476.18 522.948 220.02
 908.34 1254.27 625.991 165.106 49.5392
 301.857 447.758 111.83 55.8133 19.1377
 2076.2 7068.35 1968.52 491.648 329.513
 2086.62 3162.08 1870.16 520.835 217.265
 3795.84 9576.09 2605.17 1540.79 608.105
 5125.1 9713.02 4174.82 1135.75 936.836
 4010.29 9533.61 3039.55 1306.45 648.588
 3789.63 17775.6 7285.44 2322.78 1494.01
 2076.15 7459.69 5436.98 2228.38 1167.43
 3454.42 6387.44 3618.87 2637.61 1647.39
 3211.98 9602.5 2501.07 1417.01 1677.84
 2344.47 4631.56 1533.29 399.36 494.171
 1211.88 1834.2 418.37 138.502 80.7129
 719.311 1922.2 457.588 104.373 54.6888
 547.13 1140.94 506.454 120.564 41.909
 522.029 1118.81 404.566 179.584 57.6112
 1025.15 1307.98 492.447 178.071 104.402
 583.644 1162.33 259.565 97.7251 56.0563
 956.319 1912.4 696.057 155.44 92.0917
 1894.52 2830.78 1022.79 372.266 132.385
 2147.4 4488.7 1200 433.573 213.928
 756.08 4927.64 1846.6 493.668 266.375
F
 0.0823324 0.434693 0.434693 0.434693 0.434693
 0.0686575 0.362493 0.362493 0.362493 0.362493
 0.100324 0.529686 0.529686 0.529686 0.529686
 0.0191349 0.101027 0.101027 0.101027 0.101027
 0.00366749 0.0193634 0.0193634 0.0193634 0.0193634
 0.0356168 0.188047 0.188047 0.188047 0.188047
 0.022217 0.1173 0.1173 0.1173 0.1173
 0.043489 0.22961 0.22961 0.22961 0.22961
 0.0485835 0.256508 0.256508 0.256508 0.256508
 0.0387039 0.204346 0.204346 0.204346 0.204346
 0.0800222 0.422496 0.422496 0.422496 0.422496
 0.0742746 0.39215 0.39215 0.39215 0.39215
 0.117786 0.62188 0.62188 0.62188 0.62188
 0.206045 1.08786 1.08786 1.08786 1.08786
 0.191115 1.00903 1.00903 1.00903 1.00903
 0.0752621 0.397363 0.397363 0.397363 0.397363
 0.0536578 0.283299 0.283299 0.283299 0.283299
 0.0363613 0.191978 0.191978 0.191978 0.191978
 0.0310867 0.164129 0.164129 0.164129 0.164129
 0.0325785 0.172006 0.172006 0.172006 0.172006
 0.0148499 0.0784034 0.0784034 0.0784034 0.0784034
 0.01958 0.103377 0.103377 0.103377 0.103377
 0.0236 0.124602 0.124602 0.124602 0.124602
 0.0227768 0.120255 0.120255 0.120255 0.120255
 0.021204 0.111951 0.111951 0.111951 0.111951
Np
 39247.8 16111.7 4422.81 5187.52 2297.35
YTP_r0W_actual
 8468.09 108408 60937.8 20289.8 11400.8
YTP_p0W_proyectada
 40559.9 253478 432193 206836 88607.1
 40559.9 167846 66979.8 100327 49306.4
CTP_r0_actual
 756.08 4927.64 1846.6 493.668 266.375
CTP_p0_proyectada
 4946.34 11735.1 13764.1 5158 1991.17
 4946.34 7770.63 2133.12 2501.93 1108.01
Wmedp
 8.2 21.6 31.4 40.1 44.5
nmprior
 10.6 11 7 0
nm_flota  nm_reclas  nm_pelaces    nm_pelaL
inf 13.736 20.9831 52.2914
cv_recla  cv_pelaces  cv_mph
0.728226 0.59028 1.55702
 ------------------------------------------------
Talla a la edad & desviaci?n 
 7.2 14.2025 17.0495 18.207 18.6776
 1.08 2.13037 2.55742 2.73105 2.80164
