years
 1997 1998 1999 2000 2001 2002 2003 2004 2005 2006 2007 2008 2009 2010 2011 2012 2013 2014 2015 2016 2017 2018 2019 2020
reclasobs
 0 0 0 370054 412103 1.49427e+06 250295 1.28982e+06 931140 785840 897777 1.04006e+06 184774 17550 25797 100020 73551 82996 120727 218422 84188 347160 605670 569463
reclaspred
 378068 103924 320192 238075 355941 425449 942804 631219 706537 641072 504591 338433 207900 97206.1 69296.5 71609.6 90295.4 123246 128904 187911 275268 252789 435708 501736
pelacesobs
 0 0 0 0 0 0 0 0 0 2.06254e+06 1.5e+06 0 1.87456e+06 323000 250000 174000 83755 137374 0 501740 490994 745055 786931 1.00524e+06
pelacespred
 1.07563e+06 262305 499843 562455 718929 720889 1.81562e+06 1.51618e+06 1.50078e+06 1.37606e+06 976677 675823 413461 161707 113404 125253 164797 227362 245648 347052 563854 506060 714039 939763
mphobs
 0 0 0 0 0 112323 0 153150 637223 0 255016 313432 73983 77613 109348 50772 17779 17303 59886 28197 0 207744 136588 643089
mphpred
 690102 420623 518079 642289 691916 1.09644e+06 1.661e+06 1.96584e+06 1.69084e+06 1.71453e+06 1.60615e+06 1.1314e+06 697251 369166 180485 157721 193382 268356 331721 378018 577048 688903 872582 1.20414e+06
desembarqueobs
 350755 77701 442110 56441 14545 235359 269955 359681 431902 328805 639364 411747 362871 311530 167758 66681 60226 58785 57116 73181 50977 67692 138656 160484
desembarquepred
 350761 77700.9 442105 56442.1 14545.1 235393 269981 359683 431931 328825 639575 411992 363200 311970 167799 66691.8 60243.9 58786.1 57112.3 73179.4 50977.1 67686.4 138653 160483
Reclutas
 51179.8 65969.5 39784.1 65732.3 113269 81482.6 130578 122939 149332 146519 68225.2 40185.3 42996.7 23701.2 18498 23025 18963.3 21112.7 23537.7 44433.4 55807.7 71548.1 112132 106107
log_desv_Rt
 -0.0779606 0.175887 -0.329838 0.172285 0.716464 0.387085 0.858666 0.798385 0.992869 0.973848 0.209509 -0.319805 -0.252182 -0.847781 -1.09564 -0.876724 -1.0708 -0.963433 -0.854702 -0.219313 0.00860595 0.257064 0.706373 0.651142
SSB
 690102 420623 518079 642289 691916 1.09644e+06 1.661e+06 1.96584e+06 1.69084e+06 1.71453e+06 1.60615e+06 1.1314e+06 697251 369166 180485 157721 193382 268356 331721 378018 577048 688903 872582 1.20414e+06
BT
 2.21345e+06 601194 1.13791e+06 1.06697e+06 1.29843e+06 1.4762e+06 3.43491e+06 3.12319e+06 3.08288e+06 2.78177e+06 2.32894e+06 1.59068e+06 1.09829e+06 590595 346195 279489 344519 454152 489169 681253 1.05111e+06 969624 1.37468e+06 1.81538e+06
Ftot
 0.434007 0.363279 0.533542 0.102071 0.0195761 0.190451 0.118761 0.232301 0.259081 0.205864 0.424794 0.39418 0.624911 1.09331 1.01522 0.400046 0.285254 0.193445 0.16545 0.172991 0.0783703 0.102236 0.121288 0.121724
BD_Bspro_t
 0.946724 0.752267 0.711905 0.58937 0.72179 0.843283 0.814611 0.821917 0.774031 0.741231 0.70752 0.559453 0.445948 0.334733 0.217766 0.233133 0.347787 0.511859 0.619327 0.698902 0.794411 0.85752 0.863502 0.863276
BD_Bspro
 0.606172 0.369467 0.455071 0.564175 0.607766 0.963089 1.45899 1.72676 1.4852 1.50601 1.41081 0.9938 0.612452 0.324269 0.158535 0.13854 0.169863 0.235718 0.291377 0.332044 0.506868 0.605119 0.76646 1.05769
BD_Bo
 0.317341 0.193422 0.238237 0.295354 0.318175 0.504192 0.763803 0.903984 0.777526 0.78842 0.73858 0.52027 0.320628 0.16976 0.0829955 0.0725276 0.0889258 0.123402 0.152541 0.17383 0.265353 0.316789 0.401254 0.553719
BD_Brms
 1.10951 0.676255 0.83294 1.03264 1.11243 1.76279 2.67046 3.16057 2.71844 2.75653 2.58228 1.819 1.121 0.593526 0.290175 0.253576 0.310908 0.431447 0.533323 0.607757 0.927747 1.10758 1.40289 1.93595
S_f
 0.19124 1 1 1 1
 0.19124 1 1 1 1
 0.19124 1 1 1 1
 0.19124 1 1 1 1
 0.19124 1 1 1 1
 0.19124 1 1 1 1
 0.19124 1 1 1 1
 0.19124 1 1 1 1
 0.19124 1 1 1 1
 0.19124 1 1 1 1
 0.19124 1 1 1 1
 0.19124 1 1 1 1
 0.19124 1 1 1 1
 0.19124 1 1 1 1
 0.19124 1 1 1 1
 0.19124 1 1 1 1
 0.19124 1 1 1 1
 0.19124 1 1 1 1
 0.19124 1 1 1 1
 0.19124 1 1 1 1
 0.19124 1 1 1 1
 0.19124 1 1 1 1
 0.19124 1 1 1 1
 0.19124 1 1 1 1
Scru_reclas
 1 1 1 1 1
 1 1 1 1 1
 1 1 1 1 1
 1 1 1 1 1
 1 1 1 1 1
 1 1 1 1 1
 1 1 1 1 1
 1 1 1 1 1
 1 1 1 1 1
 1 1 1 1 1
 1 1 1 1 1
 1 1 1 1 1
 1 1 1 1 1
 1 1 1 1 1
 1 1 1 1 1
 1 1 1 1 1
 1 1 1 1 1
 1 1 1 1 1
 1 1 1 1 1
 1 1 1 1 1
 1 1 1 1 1
 1 1 1 1 1
 1 1 1 1 1
 1 1 1 1 1
Scru_pelaces
 1 1 1 1 1
 1 1 1 1 1
 1 1 1 1 1
 1 1 1 1 1
 1 1 1 1 1
 1 1 1 1 1
 1 1 1 1 1
 1 1 1 1 1
 1 1 1 1 1
 1 1 1 1 1
 1 1 1 1 1
 1 1 1 1 1
 1 1 1 1 1
 1 1 1 1 1
 1 1 1 1 1
 1 1 1 1 1
 1 1 1 1 1
 1 1 1 1 1
 1 1 1 1 1
 1 1 1 1 1
 1 1 1 1 1
 1 1 1 1 1
 1 1 1 1 1
 1 1 1 1 1
pf_obs 
 0.256992 0.487395 0.22802 0.0275931 0
 0.321318 0.546541 0.124235 0.00734118 0.000564706
 0.182869 0.594174 0.210203 0.0122559 0.00049798
 0.330522 0.361315 0.267642 0.0388342 0.00168674
 0.649043 0.306663 0.0425973 0.00169635 0
 0.582887 0.30429 0.105238 0.00758474 0
 0.465427 0.430635 0.0974691 0.00646863 0
 0.296916 0.608066 0.0921331 0.00288517 0
 0.311714 0.524322 0.152257 0.0117073 0
 0.15457 0.633149 0.183074 0.0267441 0.00246327
 0.131901 0.49318 0.331252 0.0422183 0.00144891
 0.196976 0.569456 0.194076 0.0375587 0.00193317
 0.518974 0.381816 0.0799577 0.0180837 0.00116848
 0.0928022 0.601141 0.25162 0.0475244 0.00691264
 0.122501 0.610282 0.24278 0.0234846 0.000952079
 0.383417 0.481906 0.127806 0.00687128 0
 0.0376549 0.599619 0.316969 0.0457579 0
 0.0361596 0.667082 0.258105 0.0386534 0
 0.158088 0.579412 0.248529 0.0139706 0
 0.0477256 0.309471 0.559284 0.082774 0.000745712
 0.0406174 0.521527 0.379366 0.0568643 0.0016247
 0.151134 0.462217 0.34131 0.0453401 0
 0.294876 0.26143 0.354403 0.0886775 0.000613685
 0.281977 0.475581 0.204845 0.0348837 0.00271318
pf_pred 
 0.340795 0.463993 0.174457 0.0207433 1.09134e-05
 0.31942 0.52275 0.111092 0.0417695 0.0049691
 0.181472 0.608977 0.160955 0.0342053 0.0143909
 0.304241 0.416463 0.207793 0.0549206 0.0165818
 0.324662 0.476433 0.119059 0.0594041 0.0204412
 0.175728 0.591173 0.164445 0.0410943 0.0275593
 0.268107 0.401695 0.23682 0.0658756 0.0275022
 0.212043 0.527221 0.143103 0.0843668 0.0332657
 0.246173 0.460044 0.196569 0.0533548 0.0438582
 0.21922 0.51379 0.162938 0.0696209 0.0344309
 0.11748 0.544871 0.222189 0.0704629 0.0449973
 0.114489 0.406609 0.295676 0.120572 0.0626548
 0.197006 0.359972 0.203427 0.147927 0.0916683
 0.176316 0.521579 0.13543 0.0765338 0.0901412
 0.251858 0.49174 0.16236 0.0421574 0.0518836
 0.331567 0.496777 0.112826 0.0372524 0.021577
 0.222613 0.588983 0.140021 0.031801 0.0165816
 0.234086 0.483127 0.214252 0.0509347 0.0175999
 0.230919 0.489054 0.176638 0.0783332 0.0250571
 0.333912 0.418795 0.157252 0.0567966 0.0332444
 0.27541 0.535768 0.118719 0.0445775 0.0255247
 0.259146 0.498708 0.179045 0.0396741 0.023427
 0.296816 0.462054 0.162317 0.0582747 0.0205378
 0.214153 0.550047 0.154942 0.0544302 0.0264284
pobs_RECLAS
 0 0 0 0 0
 0 0 0 0 0
 0 0 0 0 0
 0 0 0 0 0
 0.835266 0.146461 0.0176864 0.000547809 3.91292e-05
 0.385257 0.428462 0.181853 0.0044286 0
 0.867414 0.0963971 0.0333333 0.00285562 0
 0.441836 0.489002 0.0689373 0.000224442 0
 0.779404 0.147425 0.0564933 0.0165055 0.000172143
 0.814271 0.122319 0.05973 0.00367925 0
 0.40263 0.566651 0.0304383 0.000280538 0
 0.475488 0.404961 0.113038 0.00651328 0
 0.955842 0.0263864 0.0167828 0.000988607 0
 0.975058 0.0227948 0.00214734 0 0
 0.738997 0.206755 0.0527124 0.00153531 0
 0.850938 0.134255 0.0134407 0.00136685 0
 0.542534 0.407297 0.0501686 0 0
 0.764087 0.199537 0.0359546 0.000420521 0
 0.470689 0.182191 0.310203 0.0369168 0
 0.84361 0.089868 0.0606195 0.00523954 0.000663233
 0.607945 0.314616 0.071237 0.00620181 0
 0.523733 0.453247 0.0230204 0 0
 0.530135 0.295979 0.169645 0.0042399 0
 0.562478 0.366248 0.0663022 0.0049721 0
ppred_RECLAS
 0.735377 0.18626 0.0700319 0.00832695 4.38093e-06
 0.715023 0.218889 0.0465171 0.01749 0.00208069
 0.545815 0.337909 0.089311 0.0189799 0.00798521
 0.696826 0.181472 0.0905449 0.0239315 0.00722547
 0.715598 0.200638 0.0501388 0.0250166 0.00860832
 0.529712 0.337294 0.0938242 0.0234463 0.015724
 0.658381 0.187496 0.110538 0.0307482 0.0128369
 0.587719 0.275857 0.0748756 0.044143 0.0174055
 0.634098 0.223302 0.0954135 0.0258981 0.0212885
 0.597556 0.264827 0.0839845 0.0358853 0.017747
 0.416922 0.359995 0.1468 0.0465546 0.0297296
 0.409268 0.271252 0.197248 0.0804343 0.0417975
 0.572825 0.191497 0.108218 0.0786938 0.0487655
 0.552084 0.283633 0.0736461 0.0416187 0.0490184
 0.657487 0.225128 0.0743315 0.0193004 0.0237532
 0.72672 0.203101 0.0461276 0.0152302 0.0088215
 0.60354 0.300376 0.0714092 0.0162182 0.00845644
 0.617596 0.241215 0.106971 0.0254306 0.00878724
 0.612992 0.246096 0.0888855 0.0394179 0.012609
 0.725706 0.172459 0.064756 0.0233887 0.01369
 0.666142 0.246857 0.0547005 0.0205392 0.0117606
 0.647714 0.237142 0.0851382 0.0188656 0.0111398
 0.68954 0.204 0.071664 0.0257286 0.00906757
 0.589144 0.287575 0.0810066 0.0284572 0.0138173
pobs_PELACES
 0 0 0 0 0
 0 0 0 0 0
 0 0 0 0 0
 0 0 0 0 0
 0 0 0 0 0
 0 0 0 0 0
 0 0 0 0 0
 0 0 0 0 0
 0 0 0 0 0
 0 0 0 0 0
 0.450072 0.473896 0.0757376 0.000293798 0
 0 0 0 0 0
 0.463077 0.371075 0.160297 0.00555027 0
 0.529543 0.364841 0.0842815 0.0213345 0
 0.631943 0.363953 0.00410389 0 0
 0.735681 0.248677 0.0153453 0.000297389 0
 0.695825 0.281241 0.0229344 0 0
 0.275771 0.60734 0.115278 0.00161068 0
 0 0 0 0 0
 0.896147 0.0623911 0.0374545 0.00400742 0
 0.803859 0.145111 0.0509908 3.86294e-05 0
 0.739449 0.233085 0.0266225 0.000797448 4.60066e-05
 0.878498 0.100942 0.0204185 0.000141795 0
 0.694673 0.275183 0.0284847 0.00165964 0
ppred_PELACES
 0.757296 0.170832 0.0642311 0.00763723 4.01806e-06
 0.734361 0.204036 0.0433605 0.0163031 0.0019395
 0.580828 0.31186 0.082426 0.0175167 0.00736964
 0.70255 0.178046 0.0888354 0.0234796 0.00708905
 0.71666 0.199889 0.0499515 0.0249232 0.00857617
 0.542353 0.328228 0.0913023 0.0228161 0.0153013
 0.665474 0.183603 0.108243 0.0301098 0.0125704
 0.602656 0.265862 0.0721629 0.0425437 0.016775
 0.649987 0.213605 0.0912701 0.0247734 0.020364
 0.610696 0.256181 0.0812426 0.0347137 0.0171676
 0.444714 0.342835 0.139802 0.0443355 0.0283125
 0.434924 0.259471 0.188681 0.076941 0.0399823
 0.613054 0.173463 0.098027 0.0712828 0.044173
 0.622668 0.238937 0.0620407 0.0350603 0.0412939
 0.715667 0.186887 0.0617054 0.016022 0.0197185
 0.747403 0.187729 0.0426363 0.0140775 0.00815382
 0.621606 0.286689 0.0681553 0.0154792 0.0080711
 0.629713 0.233572 0.103582 0.0246248 0.00850881
 0.623413 0.239469 0.0864919 0.0383564 0.0122694
 0.7348 0.166741 0.0626091 0.0226133 0.0132361
 0.670778 0.24343 0.053941 0.0202541 0.0115973
 0.653915 0.232968 0.0836397 0.0185335 0.0109438
 0.696427 0.199474 0.0700742 0.0251579 0.00886643
 0.596984 0.282087 0.0794608 0.0279141 0.0135536
pobs_pel_tallas
 0 0 0 0 0 0 0 0 0 0 0 0 0 0 0 0 0 0 0 0 0 0 0 0 0 0 0 0 0 0 0 0 0 0 0 0
 0 0 0 0 0 0 0 0 0 0 0 0 0 0 0 0 0 0 0 0 0 0 0 0 0 0 0 0 0 0 0 0 0 0 0 0
 0 0 0 0 0 0 0 0 0 0 0 0 0 0 0 0 0 0 0 0 0 0 0 0 0 0 0 0 0 0 0 0 0 0 0 0
 0 0 0 0 0 0 0 0 0 0 0 0 0 0 0 0 0 0 0 0 0 0 0 0 0 0 0 0 0 0 0 0 0 0 0 0
 0 0 0 0 0 0 0 0 0 0 0 0 0 0 0 0 0 0 0 0 0 0 0 0 0 0 0 0 0 0 0 0 0 0 0 0
 0 0 0 0 0 0 0 0 0 0 0 0 0 0 0 0 0 0 0 0 0 0 0 0 0 0 0 0 0 0 0 0 0 0 0 0
 0 0 0 0 0 0 0 0 0 0 0 0 0 0 0 0 0 0 0 0 0 0 0 0 0 0 0 0 0 0 0 0 0 0 0 0
 0 0 0 0 0 0 0 0 0 0 0 0 0 0 0 0 0 0 0 0 0 0 0 0 0 0 0 0 0 0 0 0 0 0 0 0
 0 0 0 0 0 0 0 0 0 0 0 0 0 0 0 0 0 0 0 0 0 0 0 0 0 0 0 0 0 0 0 0 0 0 0 0
 0 0 0 0 0 0 0 0 0 0 0 0 0 0 0 0 0 0 0 0 0 0 0 0 0 0 0 0 0 0 0 0 0 0 0 0
 0 0 0 0 0 0 0 0 1.78061e-05 0.00172719 0.00360574 0.0105946 0.0120993 0.0124554 0.0147524 0.0171206 0.0266825 0.0428682 0.0675386 0.121331 0.153587 0.119568 0.100827 0.0573624 0.0630603 0.0341343 0.0324427 0.0444173 0.0211091 0.0280891 0.0125444 0.00206551 0 0 0 0
 0 0 0 0 0 0 0 0 0 0 0 0 0 0 0 0 0 0 0 0 0 0 0 0 0 0 0 0 0 0 0 0 0 0 0 0
 0 0 0 0 0 0 0.0133647 0.0140871 0.0187388 0.0205184 0.03894 0.0496705 0.03968 0.0493445 0.0407372 0.0367815 0.0215668 0.0243155 0.0234873 0.0199281 0.019796 0.0243948 0.0301388 0.0376714 0.0412746 0.0863199 0.0771752 0.113111 0.0741005 0.0525337 0.0229764 0.00759418 0.00175318 0 0 0
 0 0 0 0 0 0 0 0 0 0 0.00219441 0.00772107 0.0458388 0.0604681 0.0671733 0.0775358 0.0609151 0.0617685 0.073594 0.0568108 0.0755445 0.0548602 0.0670107 0.0636378 0.0643287 0.046367 0.0373049 0.0286899 0.0247887 0.0153202 0.00654259 0.00121912 0.000365735 0 0 0
 0 0 0 0 0 0 0 0 0 0 0 0 0.000112435 0.00938835 0.0111873 0.0202946 0.0414886 0.0713402 0.111592 0.104902 0.108894 0.110636 0.117776 0.105296 0.107544 0.0401394 0.0192827 0.0124803 0.00416011 0.0028671 0.000618394 0 0 0 0 0
 0 0 0 0 0 0 0 0 0 0 0.00291406 0.0102884 0.027416 0.0768956 0.0749926 0.110853 0.0956884 0.0897413 0.0766577 0.0534642 0.0500743 0.0551293 0.0594112 0.0620874 0.0668451 0.0424026 0.0208742 0.0120726 0.0048766 0.00582813 0.00118941 0.000297354 0 0 0 0
 0 0.00264628 0.0354308 0.0461629 0.0458689 0.0383711 0.0214643 0.0164657 0.0346957 0.0420465 0.0363128 0.0245516 0.0311673 0.0291091 0.0169068 0.0133784 0.00837989 0.0085269 0.0148486 0.0160247 0.0276389 0.0546898 0.0760071 0.122758 0.109233 0.0665981 0.0333725 0.0166128 0.00676272 0.00308733 0.000882094 0 0 0 0 0
 0 0 0 0 0 0 0 0.000805153 0.000690131 0.00759144 0.0133425 0.0154129 0.00931677 0.000345066 0.00356568 0.00563607 0.00851162 0.0253048 0.0502646 0.0516448 0.0657925 0.0565908 0.0611916 0.0827007 0.0866115 0.110766 0.145733 0.0935128 0.0569358 0.0249597 0.0138026 0.00621118 0.00161031 0.00115022 0 0
 0 0 0 0 0 0 0 0 0 0 0 0 0 0 0 0 0 0 0 0 0 0 0 0 0 0 0 0 0 0 0 0 0 0 0 0
 0.00147267 0.00158595 0.00478618 0.00569244 0.00954404 0.0108468 0.00647125 0.017049 0.0510054 0.094081 0.124002 0.0959785 0.0687766 0.0820023 0.061753 0.0591476 0.0492212 0.0479892 0.0443925 0.0268479 0.0217502 0.0140895 0.0121071 0.0120363 0.00920419 0.00665534 0.0049561 0.00860946 0.00930331 0.0156896 0.0114698 0.00855282 0.00243557 0.00046729 0 2.83206e-05
 0 0 0 0 0.000772559 0.00158375 0.000888443 0.00281984 0.00712685 0.0440552 0.0773331 0.111326 0.0921469 0.0852325 0.0710754 0.0886704 0.0786465 0.0553345 0.0373146 0.0185414 0.00753245 0.00457741 0.012979 0.0271748 0.0457355 0.0583668 0.034881 0.0177882 0.00938659 0.00492506 0.0015258 0.00185414 0.000309023 5.79419e-05 3.86279e-05 0
 0 0.00173294 0.00326652 0 0.00397197 0.00683976 0.00946217 0.0152591 0.00757587 0.0136028 0.0228656 0.0392903 0.0559909 0.0764795 0.0681675 0.0726916 0.0566044 0.0477403 0.0527397 0.0444891 0.0609904 0.0582453 0.0661739 0.0445044 0.0529084 0.0360697 0.0280645 0.0235558 0.0158879 0.00826598 0.00280645 0.00217768 0.000904811 0.00058276 9.20147e-05 0
 0 0 0 0 0 0 0 0 0 0 0 0 0 0 0 0 0 0 0 0 0 0 0 0 0 0 0 0 0 0 0 0 0 0 0 0
 0 0 0 0 0 0 0 0 0 0 0 0 0 0 0 0 0 0 0 0 0 0 0 0 0 0 0 0 0 0 0 0 0 0 0 0
ppred_pel_tallas
 1.01231e-16 3.30414e-05 0.000193927 0.000921844 0.00354915 0.0110677 0.0279561 0.057202 0.0948185 0.127338 0.138569 0.122226 0.0874904 0.0510536 0.0247657 0.0108905 0.00582218 0.00531444 0.00676329 0.00901918 0.0116003 0.0142028 0.0165406 0.0183454 0.0194132 0.0196473 0.0190758 0.0178351 0.0161299 0.0141809 0.0121809 0.0102682 0.00852219 0.0069741 0.00562514 0.00446316
 1.01333e-16 3.20426e-05 0.00018806 0.000893947 0.00344173 0.0107327 0.02711 0.0554709 0.0919503 0.12349 0.134389 0.11856 0.0849113 0.0496393 0.0242483 0.0109493 0.00625954 0.00606986 0.00785191 0.0104711 0.013422 0.0163559 0.0189355 0.0208468 0.0218592 0.021876 0.0209539 0.0192808 0.0171234 0.0147613 0.0124306 0.0102918 0.00842416 0.00684191 0.00551971 0.00441697
 1.02218e-16 2.53523e-05 0.000148772 0.000707144 0.00272245 0.00848964 0.0214444 0.0438795 0.0727405 0.0977051 0.106366 0.0939261 0.0674614 0.0398272 0.0201821 0.0103453 0.0076331 0.00884734 0.0119983 0.0161346 0.0207266 0.0253004 0.0293505 0.0323961 0.0340789 0.0342426 0.0329629 0.0305149 0.027295 0.0237221 0.0201531 0.016834 0.0138919 0.011358 0.00920533 0.00738362
 1.02458e-16 3.06545e-05 0.000179913 0.00085522 0.00329263 0.0102677 0.0259355 0.0530677 0.0879663 0.118138 0.128563 0.113414 0.0812132 0.0474524 0.0231352 0.0103747 0.00584003 0.00560548 0.00726512 0.0097552 0.0126218 0.0155655 0.0182951 0.0205304 0.0220511 0.0227397 0.0226005 0.0217447 0.020351 0.0186167 0.0167161 0.0147768 0.0128777 0.0110605 0.0093469 0.00775259
 1.02032e-16 3.12706e-05 0.000183528 0.000872402 0.00335878 0.010474 0.0264566 0.054134 0.0897342 0.120514 0.131151 0.115705 0.0828698 0.0484527 0.0236819 0.0107171 0.0061622 0.00601045 0.00779847 0.0104234 0.0133963 0.0163805 0.0190487 0.0210944 0.0222891 0.0225315 0.0218663 0.0204632 0.0185664 0.0164325 0.0142775 0.0122472 0.0104139 0.00879229 0.00736481 0.00610395
 1.02902e-16 2.36752e-05 0.000138925 0.000660326 0.00254219 0.00792749 0.0200244 0.0409743 0.0679257 0.0912413 0.0993387 0.0877429 0.0630691 0.0373321 0.0190992 0.0100875 0.00780955 0.00929381 0.0126871 0.0170907 0.0219812 0.0268703 0.0312298 0.0345549 0.0364675 0.0367988 0.0356215 0.0332155 0.0299865 0.0263631 0.0227095 0.0192758 0.0161908 0.0134865 0.0111383 0.00910103
 1.03219e-16 2.90381e-05 0.000170423 0.000810099 0.0031189 0.00972598 0.0245671 0.0502678 0.0833257 0.111908 0.121787 0.107447 0.0769636 0.0450163 0.0220359 0.0100339 0.00586561 0.00582302 0.00763432 0.0102935 0.0133648 0.0165508 0.0195547 0.022087 0.0239143 0.0249041 0.0250441 0.0244284 0.0232199 0.0216019 0.0197384 0.0177525 0.0157254 0.0137077 0.0117363 0.00984616
 1.03357e-16 2.63021e-05 0.000154353 0.000733686 0.00282467 0.0088084 0.0222495 0.0455264 0.075469 0.101365 0.110337 0.0974001 0.0698865 0.041118 0.0205763 0.0101246 0.00695477 0.00773396 0.0104006 0.0139964 0.0180308 0.0220971 0.0257695 0.0286425 0.0304102 0.0309326 0.0302597 0.0286046 0.026277 0.0236028 0.0208554 0.018218 0.0157813 0.0135652 0.0115522 0.00971639
 1.03169e-16 2.83639e-05 0.000166463 0.000791265 0.00304638 0.00949981 0.0239958 0.0490992 0.0813895 0.10931 0.118968 0.104979 0.0752352 0.0440857 0.0217296 0.010145 0.006273 0.00649878 0.00860004 0.0115758 0.0149651 0.0184287 0.0216219 0.0242133 0.0259453 0.0266861 0.0264518 0.0253861 0.0237122 0.0216712 0.0194715 0.01726 0.0151202 0.013088 0.0111748 0.00938633
 1.03232e-16 2.66523e-05 0.00015641 0.000743467 0.00286233 0.00892584 0.0225461 0.0461333 0.0764746 0.102714 0.111803 0.098687 0.0707942 0.0416207 0.0207698 0.0101243 0.00683357 0.00751707 0.0100865 0.0135771 0.0175044 0.021474 0.0250746 0.0279128 0.0296898 0.0302644 0.0296778 0.0281279 0.0259072 0.0233259 0.0206469 0.0180496 0.0156275 0.0134075 0.0113815 0.00953215
 1.04943e-16 1.94184e-05 0.000113932 0.000541504 0.00208469 0.00650079 0.0164207 0.033601 0.055705 0.0748334 0.0814946 0.0720291 0.0518775 0.0309162 0.0162034 0.00918793 0.00787378 0.00986168 0.0136517 0.0184972 0.0239226 0.0294446 0.0345216 0.0386241 0.0413409 0.0424642 0.0420241 0.0402567 0.037525 0.0342205 0.0306799 0.0271397 0.0237326 0.0205129 0.0174945 0.0146823
 1.07275e-16 1.89882e-05 0.000111414 0.000529549 0.00203869 0.00635735 0.0160583 0.0328589 0.0544727 0.073172 0.0796695 0.0703787 0.0506079 0.0299979 0.015429 0.00829301 0.00661753 0.00805005 0.0111435 0.015223 0.0199166 0.024875 0.0297008 0.0339878 0.0373942 0.0397032 0.0408512 0.0409106 0.0400424 0.0384369 0.0362669 0.0336652 0.0307295 0.027541 0.0241855 0.0207652
 1.05962e-16 2.67518e-05 0.000157002 0.000746296 0.00287325 0.00895993 0.0226321 0.0463086 0.076763 0.103095 0.112198 0.0989924 0.0709181 0.0415024 0.0203582 0.00934425 0.00557143 0.00563307 0.00744716 0.0100985 0.0131972 0.0164795 0.01968 0.0225358 0.0248297 0.0264296 0.0273036 0.0275065 0.0271454 0.026338 0.0251813 0.0237389 0.0220471 0.0201326 0.018031 0.0157984
 1.04093e-16 2.71736e-05 0.000159472 0.000758028 0.0029184 0.00910071 0.0229878 0.0470368 0.0779718 0.104723 0.113983 0.100599 0.0721366 0.0423515 0.021026 0.010069 0.0065635 0.00705488 0.00941271 0.0126624 0.016331 0.020049 0.0234371 0.0261349 0.0278707 0.0285192 0.0281229 0.0268665 0.0250176 0.022854 0.0206042 0.0184149 0.0163514 0.0144199 0.0125988 0.010866
 1.02409e-16 3.12267e-05 0.000183272 0.000871187 0.00335411 0.0104595 0.0264198 0.0540586 0.0896088 0.120344 0.130964 0.115534 0.0827334 0.0483453 0.0235784 0.0105848 0.00596982 0.00573086 0.00741098 0.00991767 0.0127776 0.0156747 0.0183036 0.0203762 0.0216744 0.0220948 0.0216675 0.0205368 0.0189166 0.0170337 0.0150803 0.013188 0.0114251 0.00981145 0.00834035 0.00699844
 1.01532e-16 3.26106e-05 0.000191397 0.000909812 0.00350282 0.0109232 0.0275912 0.0564554 0.0935815 0.125679 0.136767 0.120647 0.086381 0.0504491 0.024552 0.0109311 0.00603351 0.00567167 0.00727268 0.009691 0.0124314 0.0151673 0.017588 0.0194052 0.0204059 0.0204993 0.0197343 0.0182793 0.0163741 0.01427 0.0121789 0.0102441 0.00853572 0.00706627 0.00581384 0.00474435
 1.0197e-16 2.71293e-05 0.000159208 0.00075676 0.0029135 0.00908541 0.0229492 0.0469582 0.0778429 0.104554 0.11381 0.100472 0.0721018 0.0424439 0.0212807 0.0105367 0.00731666 0.00818077 0.0109953 0.0147579 0.0189411 0.0230989 0.026765 0.0294985 0.030973 0.0310493 0.0298031 0.0274939 0.0244924 0.0211883 0.0179124 0.0148904 0.0122362 0.00997308 0.00806957 0.00647264
 1.02791e-16 2.74808e-05 0.000161276 0.000766602 0.00295141 0.00920365 0.0232478 0.0475688 0.0788534 0.105907 0.115271 0.101732 0.0729423 0.0428114 0.0212305 0.0101287 0.0065551 0.0070168 0.00936238 0.012612 0.0162952 0.0200464 0.0234872 0.0262523 0.0280575 0.0287579 0.0283719 0.0270606 0.0250747 0.0226876 0.0201385 0.0176 0.0151744 0.0129094 0.0108214 0.0089163
 1.03198e-16 2.72062e-05 0.000159664 0.000758937 0.0029219 0.00911161 0.0230153 0.0470932 0.0780653 0.104849 0.114121 0.100721 0.0722268 0.0424095 0.0210645 0.0101046 0.00661082 0.00712671 0.00952131 0.0128203 0.0165503 0.0203393 0.0238025 0.0265703 0.0283591 0.0290296 0.0286106 0.0272758 0.0252877 0.022927 0.0204334 0.0179735 0.0156378 0.0134591 0.0114399 0.00957579
 1.02339e-16 3.20602e-05 0.000188167 0.000894463 0.00344373 0.010739 0.0271257 0.0555029 0.0920022 0.123556 0.134454 0.118598 0.0848968 0.0495471 0.0240483 0.0105992 0.00570338 0.00524444 0.0066999 0.00895916 0.0115599 0.0142119 0.0166419 0.0185917 0.0198631 0.0203582 0.0200956 0.0191946 0.0178359 0.0162132 0.0144919 0.0127871 0.0111613 0.0096377 0.00821868 0.00690218
 1.02083e-16 2.92716e-05 0.000171789 0.000816583 0.00314385 0.00980375 0.0247636 0.0506703 0.0839944 0.11281 0.122782 0.108353 0.0776745 0.0455566 0.0225304 0.0106423 0.0067382 0.007085 0.0093777 0.0125606 0.016124 0.0196764 0.0228211 0.0251854 0.0264941 0.0266298 0.025656 0.0237906 0.0213436 0.0186396 0.0159514 0.0134627 0.0112627 0.00936584 0.00774297 0.00634984
 1.02412e-16 2.8536e-05 0.000167471 0.000796055 0.00306481 0.00955729 0.0241411 0.0493965 0.0818828 0.109974 0.119695 0.105629 0.0757208 0.0444098 0.0219624 0.0103748 0.00657479 0.00692742 0.00919254 0.0123501 0.0159143 0.0195137 0.0227694 0.0253196 0.0268886 0.0273448 0.0267239 0.0252065 0.0230625 0.0205812 0.0180118 0.0155293 0.0132304 0.0111495 0.00928548 0.00762411
 1.02339e-16 3.03883e-05 0.000178349 0.000847778 0.00326397 0.0101784 0.0257098 0.052606 0.0872015 0.117113 0.127452 0.112446 0.0805457 0.0471139 0.0230658 0.0105044 0.00613502 0.00606968 0.00791955 0.0106161 0.0136843 0.0167935 0.0196183 0.0218496 0.0232519 0.0237116 0.0232572 0.0220396 0.0202849 0.0182346 0.0160957 0.0140126 0.0120637 0.0102766 0.00865074 0.00717689
 1.02813e-16 2.60555e-05 0.000152904 0.000726792 0.00279811 0.0087256 0.0220403 0.0450986 0.0747604 0.100415 0.109307 0.0965016 0.0692645 0.0407979 0.020501 0.0102274 0.00720293 0.00813079 0.0109676 0.0147546 0.018986 0.0232304 0.027033 0.0299606 0.0316876 0.0320668 0.0311566 0.029192 0.0265143 0.0234843 0.0204077 0.0174937 0.0148493 0.0125016 0.0104316 0.00860558
pSPR Fmed_Fpbrs
0.428376   0.336019 0.336019
Fs Fmed_Fpbrs
0.68   1.005 1.005
SSBpbr Bo_Bmed_Bpbrs
2.17464e+06  822832  621989 621989
Ro
55329.5
SPR SPRFo_SPRFmed_SPRFpbrs
1.13846e+06 487688 382544
log_Ro
10.7411
likeval ReclasPelacesDesembMPH_pf_preclas_ppelaces_ptallas_desvR_qrecl_qpela
 64.7773 27.0828 0.0175056 0.00274209 304.646 187.92 70.8724 0 15.1217 7.85033e-05 0 0 0 0 0
q_reclas_q_pelaces
0.284925 1
M
0.7
N
 51179.8 15450 5809.04 690.708 0.363392
 65969.5 23390.9 4970.9 1869.01 222.346
 39784.1 30560.8 8077.37 1716.56 722.19
 65732.3 17839.8 8901.12 2352.61 710.307
 113269 32010.7 7999.36 3991.26 1373.41
 81482.6 56037.8 15587.9 3895.36 2612.37
 130578 39015.9 23001.8 6398.37 2671.23
 122939 63387.1 17205.1 10143.3 3999.49
 149332 58397 24952.1 6772.74 5567.27
 146519 70571.6 22380.4 9562.78 4729.25
 68225.2 69950.2 28524.5 9045.98 5776.73
 40185.3 31236.2 22714.2 9262.45 4813.22
 42996.7 18506.4 10458.3 7605.03 4712.73
 23701.2 18946.4 4919.5 2780.1 3274.39
 18498 9549.03 3152.85 818.648 1007.52
 23025 7564.87 1718.11 567.276 328.573
 18963.3 10591.8 2518.01 571.882 298.188
 21112.7 8916.93 3954.38 940.085 324.836
 23537.7 10103.5 3649.19 1618.3 517.66
 44433.4 11324.4 4252.16 1535.81 898.946
 55807.7 21347 4730.22 1776.13 1017
 71548.1 27301 9801.54 2171.9 1282.47
 112132 34841.8 12239.7 4394.28 1548.68
 106107 54406.5 15325.7 5383.83 2614.1
pred_Ctot
 2945.68 4010.55 1507.93 179.296 0.0943303
 3196.95 5232 1111.87 418.054 49.7337
 2791.75 9368.44 2476.12 526.212 221.388
 914.844 1252.29 624.827 165.145 49.8611
 304.458 446.783 111.65 55.7072 19.1691
 2100.32 7065.77 1965.47 491.164 329.392
 2111.53 3163.63 1865.12 518.817 216.599
 3851.7 9576.82 2599.43 1532.5 604.263
 5206.25 9729.34 4157.19 1128.38 927.544
 4077.07 9555.51 3030.34 1294.82 640.348
 3846.34 17839.3 7274.58 2306.99 1473.23
 2107.62 7485.25 5443.09 2219.6 1153.41
 3507.23 6408.44 3621.53 2633.49 1631.94
 3254.91 9628.7 2500.12 1412.86 1664.07
 2373.96 4635.03 1530.37 397.366 489.043
 1224.98 1835.36 416.84 137.63 79.7169
 726.321 1921.68 456.846 103.757 54.1007
 552.622 1140.55 505.797 120.245 41.5492
 528.177 1118.61 404.021 179.171 57.3129
 1041.86 1306.71 490.649 177.214 103.728
 597.555 1162.45 257.585 96.7194 55.3807
 997.382 1919.39 689.096 152.695 90.1642
 1851.44 2882.15 1012.48 363.499 128.108
 1758.19 4515.87 1272.07 446.871 216.976
F
 0.0829995 0.434007 0.434007 0.434007 0.434007
 0.0694735 0.363279 0.363279 0.363279 0.363279
 0.102035 0.533542 0.533542 0.533542 0.533542
 0.0195201 0.102071 0.102071 0.102071 0.102071
 0.00374373 0.0195761 0.0195761 0.0195761 0.0195761
 0.0364219 0.190451 0.190451 0.190451 0.190451
 0.0227118 0.118761 0.118761 0.118761 0.118761
 0.0444253 0.232301 0.232301 0.232301 0.232301
 0.0495466 0.259081 0.259081 0.259081 0.259081
 0.0393695 0.205864 0.205864 0.205864 0.205864
 0.0812377 0.424794 0.424794 0.424794 0.424794
 0.0753829 0.39418 0.39418 0.39418 0.39418
 0.119508 0.624911 0.624911 0.624911 0.624911
 0.209084 1.09331 1.09331 1.09331 1.09331
 0.19415 1.01522 1.01522 1.01522 1.01522
 0.0765049 0.400046 0.400046 0.400046 0.400046
 0.054552 0.285254 0.285254 0.285254 0.285254
 0.0369945 0.193445 0.193445 0.193445 0.193445
 0.0316407 0.16545 0.16545 0.16545 0.16545
 0.0330829 0.172991 0.172991 0.172991 0.172991
 0.0149875 0.0783703 0.0783703 0.0783703 0.0783703
 0.0195516 0.102236 0.102236 0.102236 0.102236
 0.0231951 0.121288 0.121288 0.121288 0.121288
 0.0232784 0.121724 0.121724 0.121724 0.121724
Np
 38020.9 15579.3 9357.41 4348.19 1447.48
YTP_r0W_actual
 14065.5 85801.5 34981.9 16087.3 9546.96
YTP_p0W_proyectada
 39641.8 536287 362265 130320 73141
 39641.8 162299 141710 84094.7 31066.2
CTP_r0_actual
 1758.19 4515.87 1272.07 446.871 216.976
CTP_p0_proyectada
 4834.37 24828.1 11537.1 3249.87 1643.62
 4834.37 7513.85 4513.07 2097.13 698.116
Wmedp
 8.2 21.6 31.4 40.1 44.5
nmprior
 10.6 11 7 0
nm_flota  nm_reclas  nm_pelaces    nm_pelaL
inf 14.8959 18.9391 34.1061
cv_recla  cv_pelaces  cv_mph
0.74514 0.612366 1.45234
 ------------------------------------------------
Talla a la edad & desviaci?n 
 7.2 14.2025 17.0495 18.207 18.6776
 1.08 2.13037 2.55742 2.73105 2.80164
