years
 1997 1998 1999 2000 2001 2002 2003 2004 2005 2006 2007 2008 2009 2010 2011 2012 2013 2014 2015 2016 2017 2018 2019
reclasobs
 0 0 0 370054 412103 1.49427e+06 250295 1.28982e+06 931140 785840 897777 1.04006e+06 184774 17550 25797 100020 73551 82996 120727 218422 84188 347160 605670
reclaspred
 372779 102505 315282 235235 353216 422421 936557 627339 702845 638307 502498 337009 206974 96738.9 68924.6 71228.3 89804.6 122595 128388 188427 277892 251700 417702
pelacesobs
 0 0 0 0 0 0 0 0 0 2.06254e+06 1.5e+06 0 1.87456e+06 323000 250000 174000 83755 137374 0 501740 490994 745055 786931
pelacespred
 1.06579e+06 259240 494763 558008 716635 719177 1.81321e+06 1.51429e+06 1.50063e+06 1.37706e+06 977670 676492 413820 161796 113386 125223 164738 227324 245876 349687 572113 508958 690142
mphobs
 0 0 0 0 0 112323 0 153150 637223 0 255016 313432 73983 77613 109348 50772 17779 17303 59886 28197 0 207744 136588
mphpred
 114215 69436.9 85579 105957 114762 182513 276552 327454 281789 286029 268194 188951 116417 61621.4 30114.4 26306 32250.5 44749.7 55336 63227.4 97262.7 116558 144235
desembarqueobs
 350755 77701 442110 56441 14545 235359 269955 359681 431902 328805 639364 411747 362871 311530 167758 66681 60226 58785 57116 73181 50977 67692 138656
desembarquepred
 350761 77700.7 442103 56442 14545.1 235393 269981 359682 431930 328824 639571 411990 363198 311967 167798 66691.7 60243.9 58786 57112.2 73179.2 50976.9 67685.9 138652
Reclutas
 50726.1 65593.5 39490 65721.1 113328 81263.8 130490 122892 149504 146789 68185.8 40119.8 42970.4 23669.2 18473.6 23013.9 18951.5 21114.1 23620.2 45069.1 56924.9 69321.1 102215
log_desv_Rt
 -0.0535253 0.203511 -0.303919 0.205454 0.75032 0.417736 0.891329 0.831342 1.02736 1.00903 0.242271 -0.288094 -0.219454 -0.815792 -1.06362 -0.843868 -1.03808 -0.930025 -0.817863 -0.171768 0.0617679 0.258783 0.647109
SSB
 684726 416279 513052 635222 688005 1.09418e+06 1.65795e+06 1.96311e+06 1.68935e+06 1.71476e+06 1.60784e+06 1.13277e+06 697930 369425 180538 157706 193344 268278 331744 379053 583097 698777 864700
BT
 2.19516e+06 595814 1.12861e+06 1.05901e+06 1.29433e+06 1.47312e+06 3.43049e+06 3.11991e+06 3.08258e+06 2.78357e+06 2.33065e+06 1.59185e+06 1.09897e+06 590828 346172 279445 344417 454086 489580 685944 1.06583e+06 974902 1.33245e+06
Ftot
 0.438635 0.367908 0.540071 0.103306 0.0197084 0.190929 0.119153 0.232929 0.259688 0.206065 0.424545 0.393867 0.624923 1.09368 1.01687 0.400754 0.28576 0.193757 0.165568 0.172616 0.077565 0.101053 0.123461
BD_Bspro_t
 0.946192 0.75034 0.709918 0.586811 0.720727 0.843019 0.814333 0.821705 0.773887 0.741291 0.707775 0.559785 0.446214 0.334943 0.217893 0.233252 0.347944 0.512038 0.619573 0.69967 0.796216 0.859234 0.862363
BD_Bspro
 0.620754 0.377388 0.465119 0.575875 0.623727 0.991951 1.50305 1.7797 1.53152 1.55456 1.45763 1.02694 0.632724 0.334911 0.163671 0.142972 0.17528 0.243214 0.30075 0.343639 0.52862 0.633492 0.783914
BD_Bo
 0.323373 0.196595 0.242297 0.299994 0.324921 0.516743 0.782995 0.92711 0.797821 0.809824 0.759329 0.534971 0.329609 0.174467 0.0852621 0.0744793 0.0913098 0.126699 0.156671 0.179014 0.275377 0.330009 0.408369
BD_Brms
 1.12229 0.682298 0.840913 1.04115 1.12767 1.7934 2.71745 3.21761 2.76891 2.81056 2.63532 1.85666 1.14393 0.605502 0.295909 0.258487 0.316898 0.439718 0.543741 0.621282 0.955719 1.14532 1.41728
S_f
 0.188997 1 1 1 1
 0.188997 1 1 1 1
 0.188997 1 1 1 1
 0.188997 1 1 1 1
 0.188997 1 1 1 1
 0.188997 1 1 1 1
 0.188997 1 1 1 1
 0.188997 1 1 1 1
 0.188997 1 1 1 1
 0.188997 1 1 1 1
 0.188997 1 1 1 1
 0.188997 1 1 1 1
 0.188997 1 1 1 1
 0.188997 1 1 1 1
 0.188997 1 1 1 1
 0.188997 1 1 1 1
 0.188997 1 1 1 1
 0.188997 1 1 1 1
 0.188997 1 1 1 1
 0.188997 1 1 1 1
 0.188997 1 1 1 1
 0.188997 1 1 1 1
 0.188997 1 1 1 1
Scru_reclas
 1 1 1 1 1
 1 1 1 1 1
 1 1 1 1 1
 1 1 1 1 1
 1 1 1 1 1
 1 1 1 1 1
 1 1 1 1 1
 1 1 1 1 1
 1 1 1 1 1
 1 1 1 1 1
 1 1 1 1 1
 1 1 1 1 1
 1 1 1 1 1
 1 1 1 1 1
 1 1 1 1 1
 1 1 1 1 1
 1 1 1 1 1
 1 1 1 1 1
 1 1 1 1 1
 1 1 1 1 1
 1 1 1 1 1
 1 1 1 1 1
 1 1 1 1 1
Scru_pelaces
 1 1 1 1 1
 1 1 1 1 1
 1 1 1 1 1
 1 1 1 1 1
 1 1 1 1 1
 1 1 1 1 1
 1 1 1 1 1
 1 1 1 1 1
 1 1 1 1 1
 1 1 1 1 1
 1 1 1 1 1
 1 1 1 1 1
 1 1 1 1 1
 1 1 1 1 1
 1 1 1 1 1
 1 1 1 1 1
 1 1 1 1 1
 1 1 1 1 1
 1 1 1 1 1
 1 1 1 1 1
 1 1 1 1 1
 1 1 1 1 1
 1 1 1 1 1
pf_obs 
 0.256992 0.487395 0.22802 0.0275931 0
 0.321318 0.546541 0.124235 0.00734118 0.000564706
 0.182869 0.594174 0.210203 0.0122559 0.00049798
 0.330522 0.361315 0.267642 0.0388342 0.00168674
 0.649043 0.306663 0.0425973 0.00169635 0
 0.582887 0.30429 0.105238 0.00758474 0
 0.465427 0.430635 0.0974691 0.00646863 0
 0.296916 0.608066 0.0921331 0.00288517 0
 0.311714 0.524322 0.152257 0.0117073 0
 0.15457 0.633149 0.183074 0.0267441 0.00246327
 0.131901 0.49318 0.331252 0.0422183 0.00144891
 0.196976 0.569456 0.194076 0.0375587 0.00193317
 0.518974 0.381816 0.0799577 0.0180837 0.00116848
 0.0928022 0.601141 0.25162 0.0475244 0.00691264
 0.122501 0.610282 0.24278 0.0234846 0.000952079
 0.383417 0.481906 0.127806 0.00687128 0
 0.0376549 0.599619 0.316969 0.0457579 0
 0.0361596 0.667082 0.258105 0.0386534 0
 0.158088 0.579412 0.248529 0.0139706 0
 0.0477256 0.309471 0.559284 0.082774 0.000745712
 0.0406174 0.521527 0.379366 0.0568643 0.0016247
 0.151134 0.462217 0.34131 0.0453401 0
 0.294876 0.26143 0.354403 0.0886775 0.000613685
pf_pred 
 0.338105 0.465802 0.175237 0.0208459 1.06708e-05
 0.318069 0.524103 0.11107 0.041785 0.00497322
 0.180177 0.611228 0.160318 0.0339752 0.0143029
 0.303989 0.417777 0.20744 0.0544092 0.0163848
 0.322971 0.479213 0.118738 0.0589575 0.0201206
 0.173781 0.593266 0.164888 0.0408555 0.0272093
 0.266066 0.402591 0.237921 0.066126 0.0272964
 0.210262 0.52871 0.143184 0.0846177 0.0332262
 0.244406 0.461428 0.196937 0.053334 0.0438953
 0.217459 0.515453 0.163106 0.0696136 0.0343687
 0.116076 0.54612 0.222509 0.0704088 0.0448866
 0.113045 0.406965 0.296555 0.120827 0.062608
 0.195065 0.360409 0.203963 0.148628 0.0919344
 0.174481 0.522796 0.135544 0.0767073 0.0904717
 0.249516 0.493402 0.162809 0.042211 0.0520628
 0.328931 0.498929 0.113172 0.0373437 0.0216237
 0.220531 0.590666 0.140372 0.0318407 0.0165903
 0.232077 0.484453 0.214807 0.0510491 0.0176129
 0.229467 0.490146 0.176885 0.0784313 0.0250701
 0.33392 0.419392 0.156922 0.0566304 0.0331363
 0.274659 0.537979 0.117971 0.0441407 0.0252506
 0.247542 0.507803 0.181459 0.0397913 0.0234055
 0.278426 0.465951 0.172509 0.0616446 0.021469
pobs_RECLAS
 0 0 0 0 0
 0 0 0 0 0
 0 0 0 0 0
 0 0 0 0 0
 0.835266 0.146461 0.0176864 0.000547809 3.91292e-05
 0.385257 0.428462 0.181853 0.0044286 0
 0.867414 0.0963971 0.0333333 0.00285562 0
 0.441836 0.489002 0.0689373 0.000224442 0
 0.779404 0.147425 0.0564933 0.0165055 0.000172143
 0.814271 0.122319 0.05973 0.00367925 0
 0.40263 0.566651 0.0304383 0.000280538 0
 0.475488 0.404961 0.113038 0.00651328 0
 0.955842 0.0263864 0.0167828 0.000988607 0
 0.975058 0.0227948 0.00214734 0 0
 0.738997 0.206755 0.0527124 0.00153531 0
 0.850938 0.134255 0.0134407 0.00136685 0
 0.542534 0.407297 0.0501686 0 0
 0.764087 0.199537 0.0359546 0.000420521 0
 0.470689 0.182191 0.310203 0.0369168 0
 0.84361 0.089868 0.0606195 0.00523954 0.000663233
 0.607945 0.314616 0.071237 0.00620181 0
 0.523733 0.453247 0.0230204 0 0
 0.530135 0.295979 0.169645 0.0042399 0
ppred_RECLAS
 0.735423 0.186193 0.0700467 0.00833264 4.26539e-06
 0.716239 0.218086 0.0462177 0.0173873 0.00206942
 0.546734 0.337937 0.0886369 0.0187843 0.0079078
 0.699079 0.180626 0.089687 0.0235238 0.00708396
 0.716428 0.200717 0.049733 0.0246942 0.00842746
 0.529303 0.337984 0.093937 0.0232754 0.0155012
 0.658698 0.187217 0.11064 0.0307506 0.0126937
 0.588005 0.27582 0.0746968 0.0441438 0.0173336
 0.634638 0.22312 0.0952277 0.0257893 0.0212253
 0.597922 0.264846 0.0838055 0.0357682 0.017659
 0.416491 0.360513 0.146886 0.0464793 0.0296312
 0.408666 0.271324 0.197714 0.0805556 0.0417408
 0.572722 0.191313 0.108268 0.0788953 0.0488009
 0.551922 0.283765 0.0735711 0.0416355 0.0491066
 0.657419 0.225228 0.0743188 0.0192685 0.0237656
 0.726719 0.20318 0.0460875 0.0152076 0.00880589
 0.603493 0.300465 0.0714057 0.016197 0.0084393
 0.61774 0.241154 0.106928 0.0254115 0.00876744
 0.613854 0.245633 0.0886446 0.0393052 0.0125637
 0.728055 0.171228 0.0640674 0.0231208 0.0135288
 0.667919 0.246301 0.0540104 0.0202088 0.0115604
 0.636314 0.245437 0.0877046 0.0192324 0.0113126
 0.672637 0.211393 0.078264 0.0279669 0.00974006
pobs_PELACES
 0 0 0 0 0
 0 0 0 0 0
 0 0 0 0 0
 0 0 0 0 0
 0 0 0 0 0
 0 0 0 0 0
 0 0 0 0 0
 0 0 0 0 0
 0 0 0 0 0
 0 0 0 0 0
 0.450072 0.473896 0.0757376 0.000293798 0
 0 0 0 0 0
 0.463077 0.371075 0.160297 0.00555027 0
 0.529543 0.364841 0.0842815 0.0213345 0
 0.631943 0.363953 0.00410389 0 0
 0.735681 0.248677 0.0153453 0.000297389 0
 0.695825 0.281241 0.0229344 0 0
 0.275771 0.60734 0.115278 0.00161068 0
 0 0 0 0 0
 0.896147 0.0623911 0.0374545 0.00400742 0
 0.803859 0.145111 0.0509908 3.86294e-05 0
 0.739449 0.233085 0.0266225 0.000797448 4.60066e-05
 0.878498 0.100942 0.0204185 0.000141795 0
ppred_PELACES
 0.757626 0.170568 0.0641685 0.00763338 3.90745e-06
 0.735819 0.203039 0.0430287 0.0161876 0.00192663
 0.582252 0.311457 0.0816914 0.0173124 0.00728815
 0.704863 0.177154 0.0879631 0.0230717 0.0069478
 0.717499 0.199959 0.0495453 0.024601 0.00839565
 0.542012 0.328858 0.0914006 0.022647 0.0150826
 0.665831 0.183305 0.108328 0.030108 0.0124284
 0.60302 0.265768 0.0719746 0.042535 0.0167019
 0.650597 0.213374 0.0910681 0.0246628 0.0202981
 0.611106 0.256161 0.0810576 0.0345954 0.01708
 0.444338 0.343308 0.139876 0.0442611 0.0282171
 0.434363 0.259533 0.189122 0.077055 0.0399269
 0.613065 0.17325 0.0980458 0.0714461 0.0441932
 0.622727 0.238924 0.0619454 0.0350562 0.0413467
 0.715848 0.186814 0.0616434 0.0159821 0.0197122
 0.747494 0.187734 0.0425838 0.0140515 0.00813645
 0.621641 0.286713 0.0681375 0.0154557 0.00805304
 0.629908 0.233477 0.103524 0.0246026 0.00848836
 0.624303 0.238986 0.0862459 0.0382416 0.0122237
 0.737105 0.16553 0.0619354 0.0223514 0.0130785
 0.672508 0.242898 0.0532641 0.0199296 0.0114007
 0.642549 0.241229 0.0862009 0.0189026 0.0111186
 0.67987 0.206721 0.0765345 0.0273489 0.00952483
pobs_pel_tallas
 0 0 0 0 0 0 0 0 0 0 0 0 0 0 0 0 0 0 0 0 0 0 0 0 0 0 0 0 0 0 0 0 0 0 0 0
 0 0 0 0 0 0 0 0 0 0 0 0 0 0 0 0 0 0 0 0 0 0 0 0 0 0 0 0 0 0 0 0 0 0 0 0
 0 0 0 0 0 0 0 0 0 0 0 0 0 0 0 0 0 0 0 0 0 0 0 0 0 0 0 0 0 0 0 0 0 0 0 0
 0 0 0 0 0 0 0 0 0 0 0 0 0 0 0 0 0 0 0 0 0 0 0 0 0 0 0 0 0 0 0 0 0 0 0 0
 0 0 0 0 0 0 0 0 0 0 0 0 0 0 0 0 0 0 0 0 0 0 0 0 0 0 0 0 0 0 0 0 0 0 0 0
 0 0 0 0 0 0 0 0 0 0 0 0 0 0 0 0 0 0 0 0 0 0 0 0 0 0 0 0 0 0 0 0 0 0 0 0
 0 0 0 0 0 0 0 0 0 0 0 0 0 0 0 0 0 0 0 0 0 0 0 0 0 0 0 0 0 0 0 0 0 0 0 0
 0 0 0 0 0 0 0 0 0 0 0 0 0 0 0 0 0 0 0 0 0 0 0 0 0 0 0 0 0 0 0 0 0 0 0 0
 0 0 0 0 0 0 0 0 0 0 0 0 0 0 0 0 0 0 0 0 0 0 0 0 0 0 0 0 0 0 0 0 0 0 0 0
 0 0 0 0 0 0 0 0 0 0 0 0 0 0 0 0 0 0 0 0 0 0 0 0 0 0 0 0 0 0 0 0 0 0 0 0
 0 0 0 0 0 0 0 0 1.78061e-05 0.00172719 0.00360574 0.0105946 0.0120993 0.0124554 0.0147524 0.0171206 0.0266825 0.0428682 0.0675386 0.121331 0.153587 0.119568 0.100827 0.0573624 0.0630603 0.0341343 0.0324427 0.0444173 0.0211091 0.0280891 0.0125444 0.00206551 0 0 0 0
 0 0 0 0 0 0 0 0 0 0 0 0 0 0 0 0 0 0 0 0 0 0 0 0 0 0 0 0 0 0 0 0 0 0 0 0
 0 0 0 0 0 0 0.0133647 0.0140871 0.0187388 0.0205184 0.03894 0.0496705 0.03968 0.0493445 0.0407372 0.0367815 0.0215668 0.0243155 0.0234873 0.0199281 0.019796 0.0243948 0.0301388 0.0376714 0.0412746 0.0863199 0.0771752 0.113111 0.0741005 0.0525337 0.0229764 0.00759418 0.00175318 0 0 0
 0 0 0 0 0 0 0 0 0 0 0.00219441 0.00772107 0.0458388 0.0604681 0.0671733 0.0775358 0.0609151 0.0617685 0.073594 0.0568108 0.0755445 0.0548602 0.0670107 0.0636378 0.0643287 0.046367 0.0373049 0.0286899 0.0247887 0.0153202 0.00654259 0.00121912 0.000365735 0 0 0
 0 0 0 0 0 0 0 0 0 0 0 0 0.000112435 0.00938835 0.0111873 0.0202946 0.0414886 0.0713402 0.111592 0.104902 0.108894 0.110636 0.117776 0.105296 0.107544 0.0401394 0.0192827 0.0124803 0.00416011 0.0028671 0.000618394 0 0 0 0 0
 0 0 0 0 0 0 0 0 0 0 0.00291406 0.0102884 0.027416 0.0768956 0.0749926 0.110853 0.0956884 0.0897413 0.0766577 0.0534642 0.0500743 0.0551293 0.0594112 0.0620874 0.0668451 0.0424026 0.0208742 0.0120726 0.0048766 0.00582813 0.00118941 0.000297354 0 0 0 0
 0 0.00264628 0.0354308 0.0461629 0.0458689 0.0383711 0.0214643 0.0164657 0.0346957 0.0420465 0.0363128 0.0245516 0.0311673 0.0291091 0.0169068 0.0133784 0.00837989 0.0085269 0.0148486 0.0160247 0.0276389 0.0546898 0.0760071 0.122758 0.109233 0.0665981 0.0333725 0.0166128 0.00676272 0.00308733 0.000882094 0 0 0 0 0
 0 0 0 0 0 0 0 0.000805153 0.000690131 0.00759144 0.0133425 0.0154129 0.00931677 0.000345066 0.00356568 0.00563607 0.00851162 0.0253048 0.0502646 0.0516448 0.0657925 0.0565908 0.0611916 0.0827007 0.0866115 0.110766 0.145733 0.0935128 0.0569358 0.0249597 0.0138026 0.00621118 0.00161031 0.00115022 0 0
 0 0 0 0 0 0 0 0 0 0 0 0 0 0 0 0 0 0 0 0 0 0 0 0 0 0 0 0 0 0 0 0 0 0 0 0
 0.00147267 0.00158595 0.00478618 0.00569244 0.00954404 0.0108468 0.00647125 0.017049 0.0510054 0.094081 0.124002 0.0959785 0.0687766 0.0820023 0.061753 0.0591476 0.0492212 0.0479892 0.0443925 0.0268479 0.0217502 0.0140895 0.0121071 0.0120363 0.00920419 0.00665534 0.0049561 0.00860946 0.00930331 0.0156896 0.0114698 0.00855282 0.00243557 0.00046729 0 2.83206e-05
 0 0 0 0 0.000772559 0.00158375 0.000888443 0.00281984 0.00712685 0.0440552 0.0773331 0.111326 0.0921469 0.0852325 0.0710754 0.0886704 0.0786465 0.0553345 0.0373146 0.0185414 0.00753245 0.00457741 0.012979 0.0271748 0.0457355 0.0583668 0.034881 0.0177882 0.00938659 0.00492506 0.0015258 0.00185414 0.000309023 5.79419e-05 3.86279e-05 0
 0 0.00173294 0.00326652 0 0.00397197 0.00683976 0.00946217 0.0152591 0.00757587 0.0136028 0.0228656 0.0392903 0.0559909 0.0764795 0.0681675 0.0726916 0.0566044 0.0477403 0.0527397 0.0444891 0.0609904 0.0582453 0.0661739 0.0445044 0.0529084 0.0360697 0.0280645 0.0235558 0.0158879 0.00826598 0.00280645 0.00217768 0.000904811 0.00058276 9.20147e-05 0
 0 0 0 0 0 0 0 0 0 0 0 0 0 0 0 0 0 0 0 0 0 0 0 0 0 0 0 0 0 0 0 0 0 0 0 0
ppred_pel_tallas
 1.0123e-16 3.30557e-05 0.000194012 0.000922245 0.0035507 0.0110725 0.0279683 0.0572269 0.0948598 0.127394 0.138629 0.122279 0.0875278 0.0510746 0.0247742 0.0108915 0.00581876 0.00530777 0.00675341 0.00900574 0.0115831 0.0141818 0.0165163 0.0183187 0.0193853 0.0196195 0.0190493 0.017811 0.0161087 0.0141629 0.012166 0.0102562 0.00851272 0.0069667 0.00561942 0.00445879
 1.01324e-16 3.21061e-05 0.000188433 0.00089572 0.00344856 0.010754 0.0271638 0.055581 0.0921326 0.123735 0.134656 0.118794 0.085077 0.0497325 0.0242871 0.0109553 0.00624694 0.00604416 0.00781348 0.0104186 0.0133542 0.0162729 0.0188387 0.0207393 0.0217452 0.0217602 0.020841 0.0191746 0.0170266 0.0146752 0.0123556 0.0102274 0.00836957 0.00679612 0.00548174 0.00438594
 1.02197e-16 2.54143e-05 0.000149137 0.000708877 0.00272913 0.00851045 0.0214969 0.043987 0.0729187 0.0979443 0.106626 0.0941551 0.0676242 0.0399201 0.0202231 0.0103565 0.00762916 0.00883458 0.0119779 0.0161057 0.020688 0.0252508 0.0292893 0.0323235 0.0339957 0.0341502 0.0328631 0.03041 0.0271875 0.0236145 0.020048 0.0167337 0.0137986 0.0112736 0.0091309 0.00731987
 1.02424e-16 3.07553e-05 0.000180505 0.000858034 0.00330347 0.0103015 0.0260209 0.0532424 0.0882558 0.118527 0.128986 0.113786 0.0814774 0.0476026 0.0232007 0.0103908 0.00583035 0.00557994 0.00722542 0.00969976 0.0125485 0.0154732 0.0181836 0.0204011 0.0219066 0.0225835 0.0224366 0.021577 0.0201832 0.0184523 0.016558 0.0146277 0.0127398 0.0109357 0.00923654 0.00765744
 1.02007e-16 3.13071e-05 0.000183743 0.000873422 0.00336271 0.0104863 0.0264875 0.0541973 0.0898392 0.120655 0.131305 0.11584 0.0829663 0.0485084 0.023708 0.0107268 0.00616471 0.00601012 0.00779656 0.0104198 0.0133901 0.0163706 0.0190337 0.0210727 0.0222593 0.0224925 0.0218174 0.0204045 0.0184987 0.0163576 0.0141976 0.0121651 0.0103324 0.00871421 0.00729243 0.00603902
 1.02888e-16 2.36604e-05 0.000138838 0.000659911 0.00254059 0.00792251 0.0200118 0.0409486 0.0678831 0.0911842 0.0992767 0.0876886 0.063031 0.0373116 0.0190925 0.01009 0.00781873 0.00930909 0.0127091 0.0171201 0.0220184 0.0269146 0.0312795 0.0346073 0.036519 0.0368458 0.0356606 0.0332444 0.0300036 0.0263684 0.0227039 0.0192612 0.0161693 0.0134605 0.0111102 0.00907271
 1.03213e-16 2.90536e-05 0.000170514 0.000810533 0.00312057 0.0097312 0.0245803 0.0502948 0.0833703 0.111968 0.121852 0.107505 0.0770041 0.045039 0.0220452 0.0100349 0.00586193 0.00581587 0.00762378 0.0102793 0.0133467 0.0165288 0.0195296 0.0220598 0.0238862 0.0248764 0.0250181 0.0244049 0.0231992 0.0215838 0.0197226 0.0177386 0.0157127 0.0136959 0.0117252 0.00983562
 1.03351e-16 2.6318e-05 0.000154446 0.000734129 0.00282637 0.00881372 0.0222629 0.0455539 0.0755146 0.101426 0.110403 0.0974587 0.0699281 0.0411418 0.0205868 0.0101275 0.00695391 0.00773093 0.0103957 0.0139895 0.0180215 0.022085 0.0257546 0.0286247 0.0303897 0.0309096 0.0302347 0.0285781 0.0262496 0.0235751 0.020828 0.0181916 0.0157564 0.0135424 0.0115318 0.00969867
 1.03159e-16 2.83905e-05 0.000166619 0.000792008 0.00304924 0.00950872 0.0240184 0.0491453 0.0814659 0.109413 0.11908 0.105077 0.0753049 0.0441253 0.0217469 0.0101493 0.00627055 0.0064922 0.00858979 0.0115615 0.0149463 0.0184049 0.0215931 0.0241799 0.0259079 0.0266457 0.0264092 0.0253424 0.0236682 0.0216279 0.0194295 0.01722 0.0150829 0.0130539 0.0111442 0.00935964
 1.03221e-16 2.66702e-05 0.000156515 0.000743966 0.00286425 0.00893183 0.0225612 0.0461642 0.076526 0.102783 0.111878 0.0987531 0.0708413 0.0416477 0.0207822 0.0101285 0.00683398 0.0075157 0.0100838 0.0135731 0.0174987 0.021466 0.0250639 0.0278989 0.0296722 0.030243 0.0296526 0.028099 0.0258751 0.0232914 0.0206109 0.0180133 0.0155918 0.0133737 0.0113503 0.00950428
 1.04937e-16 1.9402e-05 0.000113836 0.000541047 0.00208293 0.00649529 0.0164069 0.0335726 0.055658 0.0747703 0.0814261 0.071969 0.0518352 0.0308929 0.0161947 0.0091885 0.00788037 0.00987327 0.0136686 0.01852 0.0239515 0.0294793 0.0345609 0.0386662 0.0413833 0.0425044 0.0420597 0.0402858 0.0375467 0.0342345 0.0306868 0.0271405 0.0237286 0.0205056 0.0174852 0.0146721
 1.07283e-16 1.89637e-05 0.000111271 0.000528866 0.00203606 0.00634915 0.0160376 0.0328165 0.0544025 0.0730777 0.079567 0.0702884 0.0505435 0.0299611 0.0154123 0.00828776 0.00661778 0.00805317 0.0111489 0.015231 0.0199278 0.0248901 0.0297203 0.0340123 0.0374238 0.0397378 0.0408904 0.0409536 0.040088 0.0384838 0.0363135 0.0337099 0.0307711 0.0275782 0.0242177 0.0207921
 1.05969e-16 2.67522e-05 0.000157004 0.000746309 0.0028733 0.00896008 0.0226325 0.0463094 0.0767643 0.103096 0.1122 0.098994 0.0709189 0.0415024 0.0203573 0.00934228 0.00556818 0.00562819 0.00744031 0.0100895 0.013186 0.0164664 0.0196659 0.0225217 0.0248169 0.0264194 0.0272971 0.0275046 0.0271482 0.0263454 0.0251927 0.0237533 0.0220634 0.0201496 0.0180479 0.0158143
 1.04094e-16 2.71762e-05 0.000159487 0.0007581 0.00291868 0.00910157 0.0229899 0.0470413 0.0779792 0.104733 0.113994 0.100608 0.0721434 0.0423553 0.0210277 0.0100695 0.00656331 0.0070543 0.00941177 0.012661 0.0163291 0.0200465 0.023434 0.0261311 0.0278663 0.0285143 0.0281177 0.0268611 0.0250123 0.0228491 0.0205998 0.0184112 0.0163486 0.0144181 0.0125979 0.0108659
 1.02407e-16 3.12346e-05 0.000183319 0.000871408 0.00335496 0.0104621 0.0264265 0.0540723 0.0896315 0.120375 0.130998 0.115563 0.0827541 0.0483571 0.0235835 0.0105861 0.00596902 0.0057288 0.00740778 0.00991321 0.0127717 0.0156673 0.0182947 0.020366 0.0216629 0.0220825 0.0216546 0.0205237 0.0189036 0.0170209 0.015068 0.0131765 0.0114145 0.00980182 0.00833184 0.0069911
 1.01529e-16 3.26146e-05 0.00019142 0.000909922 0.00350325 0.0109245 0.0275946 0.0564623 0.0935929 0.125694 0.136784 0.120661 0.0863914 0.0504551 0.0245548 0.0109321 0.00603373 0.00567156 0.00727236 0.00969045 0.0124305 0.015166 0.0175861 0.0194025 0.0204023 0.0204948 0.0197288 0.0182728 0.0163667 0.0142619 0.0121705 0.0102355 0.00852727 0.00705826 0.00580649 0.00473783
 1.01969e-16 2.71308e-05 0.000159217 0.000756803 0.00291366 0.00908592 0.0229505 0.0469609 0.0778473 0.10456 0.113817 0.100477 0.0721058 0.0424463 0.021282 0.0105373 0.00731709 0.00818125 0.0109959 0.0147586 0.0189419 0.0230998 0.0267658 0.029499 0.030973 0.0310487 0.0298017 0.0274916 0.0244892 0.0211844 0.0179078 0.0148854 0.012231 0.0099679 0.00806462 0.0064681
 1.02788e-16 2.74892e-05 0.000161325 0.000766838 0.00295232 0.00920649 0.023255 0.0475835 0.0788778 0.105939 0.115306 0.101763 0.0729645 0.042824 0.0212359 0.0101299 0.00655401 0.00701424 0.00935847 0.0126066 0.0162882 0.0200376 0.0234768 0.0262404 0.0280445 0.0287442 0.0283578 0.0270466 0.0250611 0.0226747 0.0201263 0.0175887 0.0151641 0.0129001 0.0108132 0.00890923
 1.03188e-16 2.7245e-05 0.000159891 0.000760019 0.00292606 0.00912461 0.0230481 0.0471603 0.0781766 0.104998 0.114283 0.100864 0.0723281 0.0424668 0.0210889 0.0101094 0.00660504 0.00711385 0.0095018 0.0127934 0.0165154 0.020296 0.0237513 0.0265125 0.0282965 0.0289643 0.0285448 0.0272115 0.0252263 0.0228695 0.0203805 0.0179255 0.0155947 0.013421 0.0114069 0.00954767
 1.02313e-16 3.21607e-05 0.000188757 0.000897268 0.00345453 0.0107726 0.0272108 0.0556769 0.0922906 0.123944 0.134875 0.118968 0.0851595 0.0496958 0.0241118 0.0106122 0.00568897 0.00521195 0.00665053 0.0088911 0.0114711 0.0141019 0.0165117 0.0184442 0.0197029 0.0201906 0.019926 0.0190279 0.0176759 0.0160627 0.0143526 0.01266 0.0110469 0.00953628 0.00813034 0.00682676
 1.02053e-16 2.9347e-05 0.000172232 0.000818687 0.00315195 0.00982903 0.0248274 0.0508009 0.0842109 0.113101 0.123098 0.108631 0.0778723 0.0456693 0.0225801 0.0106556 0.00673305 0.00706901 0.00935236 0.0125248 0.0160764 0.0196156 0.0227466 0.0250977 0.0263941 0.0265194 0.0255373 0.0236662 0.0212161 0.0185115 0.0158255 0.0133414 0.0111484 0.0092607 0.00764864 0.00626742
 1.02472e-16 2.80407e-05 0.000164563 0.000782227 0.00301157 0.00939125 0.0237216 0.0485384 0.0804608 0.108066 0.11762 0.103805 0.0744295 0.0436843 0.0216629 0.0103326 0.00668045 0.00713889 0.00950762 0.01278 0.016468 0.0201906 0.0235559 0.0261894 0.0278059 0.0282693 0.0276171 0.0260369 0.0238089 0.0212332 0.0185685 0.0159964 0.0136171 0.0114661 0.00954183 0.00782907
 1.02539e-16 2.96667e-05 0.000174112 0.000827631 0.0031864 0.00993646 0.0250988 0.0513558 0.0851296 0.114332 0.124429 0.109786 0.0786563 0.0460416 0.0226023 0.0103978 0.00621803 0.00627287 0.00823243 0.0110509 0.0142556 0.0175096 0.0204765 0.0228359 0.0243422 0.0248752 0.0244605 0.0232504 0.0214744 0.0193791 0.017176 0.0150136 0.0129737 0.011087 0.00935645 0.00777667
pSPR Fmed_Fpbrs
0.430315   0.338136 0.338136
Fs Fmed_Fpbrs
0.68   1.005 1.005
SSBpbr Bo_Bmed_Bpbrs
2.11745e+06  805297  610113 610113
Ro
53515.2
SPR SPRFo_SPRFmed_SPRFpbrs
1.10306e+06 474661 372983
log_Ro
10.7077
likeval ReclasPelacesDesembMPH_pf_preclas_ppelaces_ptallas_desvR_qrecl_qpela
 65.0438 27.0411 0.0172579 0.000317222 291.72 177.347 65.4987 0 14.3123 7.91485e-05 0 0 0 0 0
q_reclas_q_pelaces
0.283462 1
M
0.7
N
 50726.1 15342.8 5772.03 686.631 0.351479
 65593.5 23185.8 4913.62 1848.53 220.01
 39490 30384.8 7969.58 1688.94 711.011
 65721.1 17707.3 8792.27 2306.11 694.46
 113328 32005.1 7930.13 3937.58 1343.79
 81263.8 56067.8 15583.1 3861.13 2571.47
 130490 38924.2 23003.2 6393.35 2639.13
 122892 63356.4 17158 10139.9 3981.56
 149504 58398.2 24924.4 6749.94 5555.38
 146789 70685.8 22367.2 9546.34 4713.09
 68185.8 70109.1 28564.9 9038.85 5762.39
 40119.8 31249.4 22771.4 9277.89 4807.44
 42970.4 18493.7 10466 7626.58 4717.44
 23669.2 18961.4 4916.07 2782.11 3281.33
 18473.6 9558.89 3154.17 817.773 1008.64
 23013.9 7569.72 1717.05 566.577 328.074
 18951.5 10594.7 2517.84 571.124 297.579
 21114.1 8916.26 3953.48 939.548 324.162
 23620.2 10107.9 3647.78 1617.43 517.003
 45069.1 11368.1 4253.54 1535.03 898.197
 56924.9 21662.3 4750.24 1777.37 1016.74
 69321.1 27856.7 9954.34 2182.85 1283.96
 102215 33772.6 12503.6 4468.06 1556.1
pred_Ctot
 2916.21 4017.62 1511.45 179.799 0.0920373
 3181.38 5242.18 1110.94 417.942 49.7431
 2772.07 9403.9 2466.53 522.717 220.053
 914.892 1257.35 624.317 163.751 49.3119
 303.079 449.698 111.425 55.3263 18.8814
 2075.61 7085.86 1969.4 487.971 324.983
 2092.43 3166.1 1871.08 520.036 214.667
 3816.03 9595.52 2598.63 1535.72 603.019
 5164.24 9749.86 4161.24 1126.93 927.496
 4041.38 9579.49 3031.25 1293.74 638.727
 3798.45 17871.2 7281.36 2304.05 1468.87
 2078.72 7483.43 5453.18 2221.82 1151.26
 3466.13 6404.14 3624.24 2640.99 1633.59
 3216.74 9638.29 2498.9 1414.18 1667.94
 2348.78 4644.57 1532.58 397.348 490.086
 1212.57 1839.25 417.198 137.664 79.7136
 718.8 1925.21 457.528 103.781 54.0744
 547.147 1142.15 506.431 120.354 41.5243
 524.266 1119.84 404.133 179.193 57.2781
 1042.31 1309.11 489.822 176.768 103.433
 596.265 1167.91 256.107 95.8263 54.8172
 944.143 1936.8 692.097 151.767 89.2702
 1697.67 2841.08 1051.85 375.871 130.905
F
 0.0829006 0.438635 0.438635 0.438635 0.438635
 0.0695335 0.367908 0.367908 0.367908 0.367908
 0.102072 0.540071 0.540071 0.540071 0.540071
 0.0195245 0.103306 0.103306 0.103306 0.103306
 0.00372483 0.0197084 0.0197084 0.0197084 0.0197084
 0.036085 0.190929 0.190929 0.190929 0.190929
 0.0225196 0.119153 0.119153 0.119153 0.119153
 0.0440229 0.232929 0.232929 0.232929 0.232929
 0.0490803 0.259688 0.259688 0.259688 0.259688
 0.0389456 0.206065 0.206065 0.206065 0.206065
 0.0802377 0.424545 0.424545 0.424545 0.424545
 0.0744396 0.393867 0.393867 0.393867 0.393867
 0.118108 0.624923 0.624923 0.624923 0.624923
 0.206702 1.09368 1.09368 1.09368 1.09368
 0.192184 1.01687 1.01687 1.01687 1.01687
 0.0757412 0.400754 0.400754 0.400754 0.400754
 0.0540076 0.28576 0.28576 0.28576 0.28576
 0.0366195 0.193757 0.193757 0.193757 0.193757
 0.0312919 0.165568 0.165568 0.165568 0.165568
 0.0326238 0.172616 0.172616 0.172616 0.172616
 0.0146595 0.077565 0.077565 0.077565 0.077565
 0.0190988 0.101053 0.101053 0.101053 0.101053
 0.0233337 0.123461 0.123461 0.123461 0.123461
Np
 36488.4 14985 9013.66 2694.44 1178.89
YTP_r0W_actual
 11204.6 68754.2 35131.9 16388 7173.58
YTP_p0W_proyectada
 37633.8 516586 224484 106138 60562.6
 37633.8 156109 136504 52110.9 25301.7
CTP_r0_actual
 1697.67 2841.08 1051.85 375.871 130.905
CTP_p0_proyectada
 4589.49 23916 7149.17 2646.84 1360.96
 4589.49 7227.25 4347.27 1299.52 568.578
Wmedp
 8.2 21.6 31.4 40.1 44.5
nmprior
 10.6 11 7 0
nm_flota  nm_reclas  nm_pelaces    nm_pelaL
inf 13.9707 17.1591 22.8004
cv_recla  cv_pelaces  cv_mph
0.76511 0.63688 0.503763
 ------------------------------------------------
Talla a la edad & desviaci?n 
 7.2 14.2025 17.0495 18.207 18.6776
 1.08 2.13037 2.55742 2.73105 2.80164
