years
 1997 1998 1999 2000 2001 2002 2003 2004 2005 2006 2007 2008 2009 2010 2011 2012 2013 2014 2015 2016 2017 2018 2019 2020
reclasobs
 0 0 0 370054 412103 1.49427e+06 250295 1.28982e+06 931140 785840 897777 1.04006e+06 184774 17550 25797 100020 73551 82996 120727 218422 84188 347160 605670 569463
reclaspred
 1.12311e+06 233155 595906 318462 407222 524584 1.09146e+06 844286 1.08853e+06 1.20881e+06 1.13264e+06 774178 449087 206599 136703 134162 159157 221708 239488 317753 506462 506273 834471 934462
pelacesobs
 0 0 0 0 0 0 0 0 0 2.06254e+06 1.5e+06 0 1.87456e+06 323000 250000 174000 83755 137374 0 501740 490994 745055 786931 1.00524e+06
pelacespred
 655537 231300 204713 222483 242995 241438 559716 542581 623115 718941 587011 415400 238189 88179.2 57890.8 64869.6 80613 113439 129279 165137 288811 301272 384862 501727
mphobs
 0 0 0 0 0 112323 0 153150 637223 0 255016 313432 73983 77613 109348 50772 17779 17303 59886 28197 0 207744 136588 643089
mphpred
 792934 428495 376439 344492 303594 466801 653963 876978 860989 1.0516e+06 1.14064e+06 816938 499328 266326 126759 111515 125235 170185 209742 234992 368248 474248 582434 769062
desembarqueobs
 350755 77701 442110 56441 14545 235359 269955 359681 431902 328805 639364 411747 362871 311530 167758 66681 60226 58785 57116 73181 50977 67692 138656 160484
desembarquepred
 350760 77701.3 442128 56443.3 14545.1 235420 269977 359613 431836 328745 639342 411864 362943 311707 167712 66688.6 60244.2 58785.4 57110.4 73171.6 50975.2 67682.8 138645 160476
Reclutas
 42148.3 44398.6 22835.5 26235.2 52927.5 40536.6 80677 86609.1 129840 138859 72310.8 40710.3 46826.7 28548.1 19986.5 17057.3 14381 15699.1 16457.7 31108.6 44352.1 49115.8 75181.8 75602.6
log_desv_Rt
 0.0220589 0.0740735 -0.590819 -0.452034 0.249789 -0.0169295 0.671319 0.74227 1.14717 1.21432 0.561838 -0.0126527 0.127319 -0.367543 -0.724078 -0.882559 -1.05323 -0.965532 -0.918343 -0.28165 0.0730261 0.175047 0.600775 0.606356
SSB
 792934 428495 376439 344492 303594 466801 653963 876978 860989 1.0516e+06 1.14064e+06 816938 499328 266326 126759 111515 125235 170185 209742 234992 368248 474248 582434 769062
BT
 2.07781e+06 573739 761708 530454 585425 664298 1.71182e+06 1.63927e+06 1.99044e+06 1.98536e+06 1.82054e+06 1.23671e+06 887894 487043 287473 202396 238137 305878 319087 445131 734443 669597 923088 1.19854e+06
Ftot
 0.300491 0.320305 0.689624 0.171968 0.03494 0.427074 0.239245 0.407256 0.380387 0.262559 0.532518 0.502801 0.748562 1.30997 1.10304 0.472474 0.36291 0.255969 0.230465 0.222881 0.098124 0.130036 0.161297 0.166678
BD_Bspro_t
 0.957365 0.755302 0.637918 0.4341 0.532851 0.695452 0.630552 0.665948 0.627286 0.622845 0.613185 0.458077 0.347575 0.249516 0.150814 0.158503 0.22933 0.362138 0.470892 0.560735 0.68697 0.786332 0.793368 0.786532
BD_Bspro
 0.93471 0.50511 0.443745 0.406086 0.357877 0.550264 0.77089 1.03378 1.01493 1.23962 1.34458 0.963006 0.588607 0.313945 0.149423 0.131454 0.147627 0.200614 0.247244 0.277008 0.43409 0.559043 0.686573 0.906569
BD_Bo
 0.479726 0.25924 0.227745 0.208417 0.183675 0.282415 0.395647 0.530572 0.520898 0.636217 0.690086 0.494248 0.302094 0.161127 0.076689 0.0674668 0.0757672 0.102962 0.126894 0.14217 0.22279 0.28692 0.352373 0.465282
BD_Brms
 2.33504 1.26183 1.10854 1.01446 0.894025 1.37464 1.92579 2.58253 2.53544 3.09675 3.35895 2.40572 1.47042 0.784278 0.373279 0.328391 0.368792 0.501161 0.617649 0.692005 1.08442 1.39657 1.71515 2.26473
S_f
 0.5 1 1 1 1
 0.5 1 1 1 1
 0.5 1 1 1 1
 0.5 1 1 1 1
 0.5 1 1 1 1
 0.5 1 1 1 1
 0.5 1 1 1 1
 0.5 1 1 1 1
 0.5 1 1 1 1
 0.5 1 1 1 1
 0.5 1 1 1 1
 0.5 1 1 1 1
 0.5 1 1 1 1
 0.5 1 1 1 1
 0.5 1 1 1 1
 0.5 1 1 1 1
 0.5 1 1 1 1
 0.5 1 1 1 1
 0.5 1 1 1 1
 0.5 1 1 1 1
 0.5 1 1 1 1
 0.5 1 1 1 1
 0.5 1 1 1 1
 0.5 1 1 1 1
Scru_reclas
 0.5 1 1 1 1
 0.5 1 1 1 1
 0.5 1 1 1 1
 0.5 1 1 1 1
 0.5 1 1 1 1
 0.5 1 1 1 1
 0.5 1 1 1 1
 0.5 1 1 1 1
 0.5 1 1 1 1
 0.5 1 1 1 1
 0.5 1 1 1 1
 0.5 1 1 1 1
 0.5 1 1 1 1
 0.5 1 1 1 1
 0.5 1 1 1 1
 0.5 1 1 1 1
 0.5 1 1 1 1
 0.5 1 1 1 1
 0.5 1 1 1 1
 0.5 1 1 1 1
 0.5 1 1 1 1
 0.5 1 1 1 1
 0.5 1 1 1 1
 0.5 1 1 1 1
Scru_pelaces
 0.5 1 1 1 1
 0.5 1 1 1 1
 0.5 1 1 1 1
 0.5 1 1 1 1
 0.5 1 1 1 1
 0.5 1 1 1 1
 0.5 1 1 1 1
 0.5 1 1 1 1
 0.5 1 1 1 1
 0.5 1 1 1 1
 0.5 1 1 1 1
 0.5 1 1 1 1
 0.5 1 1 1 1
 0.5 1 1 1 1
 0.5 1 1 1 1
 0.5 1 1 1 1
 0.5 1 1 1 1
 0.5 1 1 1 1
 0.5 1 1 1 1
 0.5 1 1 1 1
 0.5 1 1 1 1
 0.5 1 1 1 1
 0.5 1 1 1 1
 0.5 1 1 1 1
pf_obs 
 0.256992 0.487395 0.22802 0.0275931 0
 0.321318 0.546541 0.124235 0.00734118 0.000564706
 0.182869 0.594174 0.210203 0.0122559 0.00049798
 0.330522 0.361315 0.267642 0.0388342 0.00168674
 0.649043 0.306663 0.0425973 0.00169635 0
 0.582887 0.30429 0.105238 0.00758474 0
 0.465427 0.430635 0.0974691 0.00646863 0
 0.296916 0.608066 0.0921331 0.00288517 0
 0.311714 0.524322 0.152257 0.0117073 0
 0.15457 0.633149 0.183074 0.0267441 0.00246327
 0.131901 0.49318 0.331252 0.0422183 0.00144891
 0.196976 0.569456 0.194076 0.0375587 0.00193317
 0.518974 0.381816 0.0799577 0.0180837 0.00116848
 0.0928022 0.601141 0.25162 0.0475244 0.00691264
 0.122501 0.610282 0.24278 0.0234846 0.000952079
 0.383417 0.481906 0.127806 0.00687128 0
 0.0376549 0.599619 0.316969 0.0457579 0
 0.0361596 0.667082 0.258105 0.0386534 0
 0.158088 0.579412 0.248529 0.0139706 0
 0.0477256 0.309471 0.559284 0.082774 0.000745712
 0.0406174 0.521527 0.379366 0.0568643 0.0016247
 0.151134 0.462217 0.34131 0.0453401 0
 0.294876 0.26143 0.354403 0.0886775 0.000613685
 0.281977 0.475581 0.204845 0.0348837 0.00271318
pf_pred 
 0.451297 0.386307 0.145124 0.0172672 5.44202e-06
 0.458528 0.347651 0.136457 0.0512631 0.00610131
 0.312106 0.447175 0.154553 0.0606641 0.0255022
 0.471935 0.278459 0.16226 0.0560804 0.0312659
 0.592729 0.265706 0.0746499 0.043499 0.023416
 0.390241 0.454972 0.100984 0.0283713 0.0254316
 0.607121 0.23251 0.119659 0.026559 0.0141503
 0.504612 0.380439 0.068028 0.0350099 0.0119108
 0.582555 0.290706 0.0973305 0.0174041 0.012004
 0.510475 0.370623 0.0828029 0.027723 0.00837641
 0.315824 0.473579 0.159444 0.0356223 0.0155302
 0.298777 0.364131 0.233331 0.0785577 0.0252027
 0.462026 0.267354 0.140528 0.0900488 0.0400439
 0.436468 0.384749 0.0888489 0.0467012 0.0432333
 0.539541 0.32285 0.0939517 0.021696 0.0219611
 0.558032 0.339265 0.0720102 0.0209555 0.00973751
 0.463177 0.399187 0.105652 0.0224251 0.00955827
 0.47772 0.343236 0.133139 0.0352377 0.0106673
 0.455272 0.361235 0.12059 0.046776 0.0161279
 0.589475 0.263141 0.0977372 0.0326273 0.0170195
 0.552716 0.337132 0.0706056 0.0262248 0.0133212
 0.463637 0.38488 0.114177 0.0239122 0.0133931
 0.522325 0.306686 0.122698 0.0363991 0.0118927
 0.441931 0.388412 0.108926 0.0435788 0.0171519
pobs_RECLAS
 0 0 0 0 0
 0 0 0 0 0
 0 0 0 0 0
 0 0 0 0 0
 0.835266 0.146461 0.0176864 0.000547809 3.91292e-05
 0.385257 0.428462 0.181853 0.0044286 0
 0.867414 0.0963971 0.0333333 0.00285562 0
 0.441836 0.489002 0.0689373 0.000224442 0
 0.779404 0.147425 0.0564933 0.0165055 0.000172143
 0.814271 0.122319 0.05973 0.00367925 0
 0.40263 0.566651 0.0304383 0.000280538 0
 0.475488 0.404961 0.113038 0.00651328 0
 0.955842 0.0263864 0.0167828 0.000988607 0
 0.975058 0.0227948 0.00214734 0 0
 0.738997 0.206755 0.0527124 0.00153531 0
 0.850938 0.134255 0.0134407 0.00136685 0
 0.542534 0.407297 0.0501686 0 0
 0.764087 0.199537 0.0359546 0.000420521 0
 0.470689 0.182191 0.310203 0.0369168 0
 0.84361 0.089868 0.0606195 0.00523954 0.000663233
 0.607945 0.314616 0.071237 0.00620181 0
 0.523733 0.453247 0.0230204 0 0
 0.530135 0.295979 0.169645 0.0042399 0
 0.562478 0.366248 0.0663022 0.0049721 0
ppred_RECLAS
 0.454127 0.384314 0.144376 0.0171781 5.41396e-06
 0.4616 0.345678 0.135683 0.0509723 0.0060667
 0.319479 0.442382 0.152896 0.0600138 0.0252288
 0.473399 0.277687 0.16181 0.055925 0.0311792
 0.592982 0.265541 0.0746035 0.0434719 0.0234014
 0.394495 0.451798 0.100279 0.0281733 0.0252541
 0.609184 0.23129 0.119031 0.0264196 0.014076
 0.508806 0.377219 0.0674521 0.0347135 0.0118099
 0.586287 0.288107 0.0964603 0.0172485 0.0118967
 0.512894 0.368791 0.0823937 0.027586 0.00833502
 0.321013 0.469987 0.158235 0.0353521 0.0154124
 0.303436 0.361712 0.231781 0.0780358 0.0250353
 0.471563 0.262614 0.138037 0.0884524 0.039334
 0.458131 0.369958 0.0854334 0.0449059 0.0415713
 0.556268 0.311122 0.0905388 0.0209079 0.0211633
 0.563051 0.335412 0.0711924 0.0207175 0.00962692
 0.466777 0.39651 0.104944 0.0222747 0.00949417
 0.480063 0.341696 0.132542 0.0350796 0.0106194
 0.457325 0.359873 0.120135 0.0465997 0.0160671
 0.591399 0.261908 0.0972793 0.0324744 0.0169398
 0.55349 0.336549 0.0704835 0.0261794 0.0132981
 0.4647 0.384117 0.113951 0.0238648 0.0133666
 0.523686 0.305812 0.122348 0.0362954 0.0118588
 0.443329 0.387439 0.108654 0.0434697 0.017109
pobs_PELACES
 0 0 0 0 0
 0 0 0 0 0
 0 0 0 0 0
 0 0 0 0 0
 0 0 0 0 0
 0 0 0 0 0
 0 0 0 0 0
 0 0 0 0 0
 0 0 0 0 0
 0 0 0 0 0
 0.450072 0.473896 0.0757376 0.000293798 0
 0 0 0 0 0
 0.463077 0.371075 0.160297 0.00555027 0
 0.529543 0.364841 0.0842815 0.0213345 0
 0.631943 0.363953 0.00410389 0 0
 0.735681 0.248677 0.0153453 0.000297389 0
 0.695825 0.281241 0.0229344 0 0
 0.275771 0.60734 0.115278 0.00161068 0
 0 0 0 0 0
 0.896147 0.0623911 0.0374545 0.00400742 0
 0.803859 0.145111 0.0509908 3.86294e-05 0
 0.739449 0.233085 0.0266225 0.000797448 4.60066e-05
 0.878498 0.100942 0.0204185 0.000141795 0
 0.694673 0.275183 0.0284847 0.00165964 0
ppred_PELACES
 0.466443 0.375643 0.141118 0.0167905 5.2918e-06
 0.474758 0.33723 0.132367 0.0497265 0.00591843
 0.344709 0.425981 0.147228 0.0577888 0.0242935
 0.480477 0.273955 0.159635 0.0551732 0.0307601
 0.594373 0.264634 0.0743486 0.0433234 0.0233215
 0.411447 0.43915 0.0974718 0.0273846 0.0245471
 0.618541 0.225752 0.116181 0.0257871 0.013739
 0.525584 0.364334 0.0651481 0.0335278 0.0114065
 0.601424 0.277566 0.092931 0.0166174 0.0114614
 0.52371 0.360602 0.0805643 0.0269735 0.00814995
 0.340458 0.456528 0.153703 0.0343397 0.014971
 0.321251 0.352461 0.225853 0.07604 0.024395
 0.50241 0.247284 0.129979 0.083289 0.0370379
 0.512067 0.333134 0.0769296 0.0404361 0.0374335
 0.600616 0.280028 0.0814901 0.0188183 0.0190482
 0.582128 0.320768 0.0680843 0.019813 0.00920663
 0.481706 0.385409 0.102005 0.021651 0.00922835
 0.490612 0.334764 0.129853 0.0343679 0.0104039
 0.466777 0.353605 0.118043 0.045788 0.0157872
 0.600255 0.256231 0.0951709 0.0317706 0.0165726
 0.557488 0.333536 0.0698524 0.025945 0.0131791
 0.470041 0.380285 0.112814 0.0236267 0.0132332
 0.53032 0.301552 0.120644 0.0357898 0.0116937
 0.450126 0.382708 0.107327 0.0429389 0.0169001
pobs_pel_tallas
 0 0 0 0 0 0 0 0 0 0 0 0 0 0 0 0 0 0 0 0 0 0 0 0 0 0 0 0 0 0 0 0 0 0 0 0
 0 0 0 0 0 0 0 0 0 0 0 0 0 0 0 0 0 0 0 0 0 0 0 0 0 0 0 0 0 0 0 0 0 0 0 0
 0 0 0 0 0 0 0 0 0 0 0 0 0 0 0 0 0 0 0 0 0 0 0 0 0 0 0 0 0 0 0 0 0 0 0 0
 0 0 0 0 0 0 0 0 0 0 0 0 0 0 0 0 0 0 0 0 0 0 0 0 0 0 0 0 0 0 0 0 0 0 0 0
 0 0 0 0 0 0 0 0 0 0 0 0 0 0 0 0 0 0 0 0 0 0 0 0 0 0 0 0 0 0 0 0 0 0 0 0
 0 0 0 0 0 0 0 0 0 0 0 0 0 0 0 0 0 0 0 0 0 0 0 0 0 0 0 0 0 0 0 0 0 0 0 0
 0 0 0 0 0 0 0 0 0 0 0 0 0 0 0 0 0 0 0 0 0 0 0 0 0 0 0 0 0 0 0 0 0 0 0 0
 0 0 0 0 0 0 0 0 0 0 0 0 0 0 0 0 0 0 0 0 0 0 0 0 0 0 0 0 0 0 0 0 0 0 0 0
 0 0 0 0 0 0 0 0 0 0 0 0 0 0 0 0 0 0 0 0 0 0 0 0 0 0 0 0 0 0 0 0 0 0 0 0
 0 0 0 0 0 0 0 0 0 0 0 0 0 0 0 0 0 0 0 0 0 0 0 0 0 0 0 0 0 0 0 0 0 0 0 0
 0 0 0 0 0 0 0 0 1.78061e-05 0.00172719 0.00360574 0.0105946 0.0120993 0.0124554 0.0147524 0.0171206 0.0266825 0.0428682 0.0675386 0.121331 0.153587 0.119568 0.100827 0.0573624 0.0630603 0.0341343 0.0324427 0.0444173 0.0211091 0.0280891 0.0125444 0.00206551 0 0 0 0
 0 0 0 0 0 0 0 0 0 0 0 0 0 0 0 0 0 0 0 0 0 0 0 0 0 0 0 0 0 0 0 0 0 0 0 0
 0 0 0 0 0 0 0.0133647 0.0140871 0.0187388 0.0205184 0.03894 0.0496705 0.03968 0.0493445 0.0407372 0.0367815 0.0215668 0.0243155 0.0234873 0.0199281 0.019796 0.0243948 0.0301388 0.0376714 0.0412746 0.0863199 0.0771752 0.113111 0.0741005 0.0525337 0.0229764 0.00759418 0.00175318 0 0 0
 0 0 0 0 0 0 0 0 0 0 0.00219441 0.00772107 0.0458388 0.0604681 0.0671733 0.0775358 0.0609151 0.0617685 0.073594 0.0568108 0.0755445 0.0548602 0.0670107 0.0636378 0.0643287 0.046367 0.0373049 0.0286899 0.0247887 0.0153202 0.00654259 0.00121912 0.000365735 0 0 0
 0 0 0 0 0 0 0 0 0 0 0 0 0.000112435 0.00938835 0.0111873 0.0202946 0.0414886 0.0713402 0.111592 0.104902 0.108894 0.110636 0.117776 0.105296 0.107544 0.0401394 0.0192827 0.0124803 0.00416011 0.0028671 0.000618394 0 0 0 0 0
 0 0 0 0 0 0 0 0 0 0 0.00291406 0.0102884 0.027416 0.0768956 0.0749926 0.110853 0.0956884 0.0897413 0.0766577 0.0534642 0.0500743 0.0551293 0.0594112 0.0620874 0.0668451 0.0424026 0.0208742 0.0120726 0.0048766 0.00582813 0.00118941 0.000297354 0 0 0 0
 0 0.00264628 0.0354308 0.0461629 0.0458689 0.0383711 0.0214643 0.0164657 0.0346957 0.0420465 0.0363128 0.0245516 0.0311673 0.0291091 0.0169068 0.0133784 0.00837989 0.0085269 0.0148486 0.0160247 0.0276389 0.0546898 0.0760071 0.122758 0.109233 0.0665981 0.0333725 0.0166128 0.00676272 0.00308733 0.000882094 0 0 0 0 0
 0 0 0 0 0 0 0 0.000805153 0.000690131 0.00759144 0.0133425 0.0154129 0.00931677 0.000345066 0.00356568 0.00563607 0.00851162 0.0253048 0.0502646 0.0516448 0.0657925 0.0565908 0.0611916 0.0827007 0.0866115 0.110766 0.145733 0.0935128 0.0569358 0.0249597 0.0138026 0.00621118 0.00161031 0.00115022 0 0
 0 0 0 0 0 0 0 0 0 0 0 0 0 0 0 0 0 0 0 0 0 0 0 0 0 0 0 0 0 0 0 0 0 0 0 0
 0.00147267 0.00158595 0.00478618 0.00569244 0.00954404 0.0108468 0.00647125 0.017049 0.0510054 0.094081 0.124002 0.0959785 0.0687766 0.0820023 0.061753 0.0591476 0.0492212 0.0479892 0.0443925 0.0268479 0.0217502 0.0140895 0.0121071 0.0120363 0.00920419 0.00665534 0.0049561 0.00860946 0.00930331 0.0156896 0.0114698 0.00855282 0.00243557 0.00046729 0 2.83206e-05
 0 0 0 0 0.000772559 0.00158375 0.000888443 0.00281984 0.00712685 0.0440552 0.0773331 0.111326 0.0921469 0.0852325 0.0710754 0.0886704 0.0786465 0.0553345 0.0373146 0.0185414 0.00753245 0.00457741 0.012979 0.0271748 0.0457355 0.0583668 0.034881 0.0177882 0.00938659 0.00492506 0.0015258 0.00185414 0.000309023 5.79419e-05 3.86279e-05 0
 0 0.00173294 0.00326652 0 0.00397197 0.00683976 0.00946217 0.0152591 0.00757587 0.0136028 0.0228656 0.0392903 0.0559909 0.0764795 0.0681675 0.0726916 0.0566044 0.0477403 0.0527397 0.0444891 0.0609904 0.0582453 0.0661739 0.0445044 0.0529084 0.0360697 0.0280645 0.0235558 0.0158879 0.00826598 0.00280645 0.00217768 0.000904811 0.00058276 9.20147e-05 0
 0 0 0 0 0 0 0 0 0 0 0 0 0 0 0 0 0 0 0 0 0 0 0 0 0 0 0 0 0 0 0 0 0 0 0 0
 0 0 0 0 0 0 0 0 0 0 0 0 0 0 0 0 0 0 0 0 0 0 0 0 0 0 0 0 0 0 0 0 0 0 0 0
ppred_pel_tallas
 1.02703e-16 2.03673e-05 0.0001195 0.000567966 0.00218656 0.00681846 0.0172232 0.0352431 0.0584278 0.0784922 0.0854819 0.0755599 0.0544349 0.0324687 0.0170679 0.00975552 0.00843908 0.010599 0.0146519 0.0197952 0.0255014 0.0312274 0.0363675 0.0403349 0.0426816 0.0431952 0.0419371 0.0392079 0.0354574 0.0311713 0.0267734 0.0225678 0.0187293 0.0153262 0.0123611 0.00980735
 1.03975e-16 2.07282e-05 0.000121623 0.000578066 0.00222546 0.00693978 0.0175296 0.0358698 0.0594653 0.0798821 0.0869851 0.0768639 0.0553205 0.0328892 0.0170926 0.00946211 0.00785094 0.00968436 0.0133549 0.0180705 0.0233426 0.0286877 0.0335687 0.0374625 0.0399649 0.0408748 0.0402286 0.0382689 0.0353658 0.0319193 0.0282754 0.0246796 0.0212719 0.0181105 0.0152083 0.0125639
 1.0535e-16 1.50611e-05 8.83434e-05 0.000419834 0.0016162 0.0050398 0.0127305 0.0260512 0.0431936 0.0580407 0.0632465 0.0559941 0.0405327 0.0245647 0.0136245 0.00890995 0.00894874 0.011936 0.0167194 0.0226625 0.029259 0.0359242 0.0419866 0.0467915 0.0498372 0.0508818 0.0499852 0.0474674 0.0438067 0.0395138 0.0350242 0.0306392 0.0265205 0.0227229 0.0192431 0.0160624
 1.05689e-16 2.09751e-05 0.000123078 0.000584995 0.00225216 0.00702307 0.0177399 0.0362996 0.060176 0.0808312 0.0880038 0.077729 0.0558668 0.0330613 0.0169035 0.00891813 0.00691031 0.0082635 0.0113618 0.0154453 0.0200953 0.024926 0.0295091 0.0334173 0.0363038 0.0379697 0.0383914 0.0377003 0.0361262 0.0339269 0.0313302 0.0285039 0.0255564 0.022556 0.0195567 0.0166163
 1.03721e-16 2.59409e-05 0.000152233 0.000723605 0.00278585 0.00868735 0.0219437 0.0449008 0.074432 0.0999723 0.108822 0.0960646 0.0689322 0.0405647 0.0203148 0.0100217 0.0069182 0.0077192 0.0103933 0.0139965 0.0180452 0.0221369 0.0258498 0.028781 0.0306255 0.0312418 0.0306759 0.0291341 0.0269182 0.024345 0.0216795 0.0190983 0.0166878 0.0144668 0.0124195 0.010524
 1.03615e-16 1.79716e-05 0.00010543 0.000501062 0.00192895 0.00601508 0.015194 0.0310917 0.0515486 0.0692602 0.0754529 0.0667549 0.0482218 0.0290235 0.015733 0.00973925 0.00924064 0.0120435 0.0167487 0.0225999 0.029031 0.0354176 0.0410588 0.0452842 0.0475975 0.0477885 0.0459742 0.0425513 0.0380834 0.0331606 0.0282794 0.0237742 0.0198077 0.0164062 0.0135146 0.0110499
 1.03251e-16 2.69933e-05 0.000158414 0.000753001 0.00289904 0.00904035 0.0228353 0.0467248 0.0774543 0.104027 0.113225 0.0999252 0.0716454 0.0420468 0.0208456 0.00993684 0.00642301 0.00687566 0.00918582 0.0123974 0.0160566 0.0198129 0.0233027 0.0261714 0.0281385 0.0290536 0.0289197 0.0278748 0.0261425 0.0239705 0.0215773 0.0191239 0.01671 0.0143895 0.0121915 0.0101383
 1.02729e-16 2.29454e-05 0.000134637 0.000639934 0.00246366 0.0076826 0.0194059 0.039709 0.0658295 0.0884296 0.0962878 0.0850728 0.0612035 0.0363354 0.0187869 0.0102399 0.00830077 0.0100992 0.0138348 0.0186117 0.0238753 0.0290865 0.0336597 0.0370405 0.0388222 0.0388385 0.037197 0.0342384 0.0304412 0.0263039 0.0222433 0.0185371 0.0153161 0.012594 0.0103153 0.0084002
 1.02517e-16 2.6249e-05 0.00015404 0.000732194 0.00281891 0.00879046 0.0222042 0.0454338 0.0753159 0.10116 0.110117 0.0972135 0.0697683 0.0410803 0.0206164 0.0102417 0.00715957 0.00804745 0.0108478 0.014598 0.018795 0.0230123 0.0268004 0.0297288 0.0314717 0.0318774 0.0309963 0.0290533 0.0263806 0.023333 0.0202158 0.0172426 0.0145296 0.012115 0.00999076 0.00813117
 1.02569e-16 2.28636e-05 0.000134157 0.000637653 0.00245488 0.00765521 0.0193367 0.0395674 0.0655948 0.0881141 0.0959441 0.0847685 0.0609833 0.0362022 0.0187138 0.0101941 0.00825829 0.0100477 0.0137702 0.0185364 0.0237975 0.02902 0.0336229 0.0370537 0.0389038 0.0389999 0.037439 0.0345487 0.0307953 0.0266682 0.022581 0.0188146 0.0155083 0.0126882 0.0103118 0.00831103
 1.04211e-16 1.4877e-05 8.72598e-05 0.000414676 0.00159633 0.00497783 0.012574 0.0257312 0.0426641 0.0573323 0.0624828 0.0553376 0.0400999 0.0243869 0.0136776 0.0091697 0.00942239 0.0126611 0.017744 0.0240228 0.0309584 0.0379183 0.0441758 0.0490251 0.0519296 0.0526383 0.0512316 0.0480762 0.0437152 0.0387288 0.0336162 0.0287271 0.0242523 0.0202559 0.016727 0.0136268
 1.07074e-16 1.40354e-05 8.2328e-05 0.00039125 0.00150617 0.00469669 0.0118638 0.0242772 0.0402514 0.0540842 0.0589276 0.0521526 0.0377133 0.0227801 0.0125012 0.00798433 0.00785347 0.0104338 0.0146757 0.0200322 0.0260988 0.0324117 0.0384236 0.0435804 0.0474274 0.0496958 0.0503409 0.0495169 0.0475073 0.0446366 0.041198 0.037415 0.0334412 0.0293829 0.0253294 0.0213728
 1.06519e-16 2.19302e-05 0.000128688 0.000611674 0.0023549 0.00734344 0.0185491 0.0379551 0.0629192 0.0845122 0.0920015 0.0812365 0.0583365 0.0344197 0.0174075 0.00887531 0.00650885 0.00755788 0.0103297 0.0140441 0.0182984 0.0227446 0.0270023 0.030693 0.0335093 0.0352735 0.0359609 0.0356796 0.0346194 0.0329888 0.0309654 0.0286719 0.0261812 0.0235378 0.0207838 0.0179766
 1.0434e-16 2.23547e-05 0.000131172 0.000623469 0.00240028 0.00748494 0.0189066 0.0386872 0.064135 0.0861516 0.0938031 0.0828673 0.0595945 0.0353359 0.0181897 0.00978829 0.00779491 0.00941321 0.0128972 0.017393 0.0223912 0.0274062 0.03191 0.0353983 0.0374946 0.0380328 0.0370876 0.0349382 0.0319841 0.0286411 0.0252541 0.0220492 0.0191307 0.01651 0.0141497 0.0120025
 1.02785e-16 2.62138e-05 0.000153833 0.000731211 0.00281513 0.00877866 0.0221744 0.0453728 0.0752149 0.101025 0.10997 0.0970848 0.0696784 0.041032 0.0206008 0.0102477 0.00718001 0.00807953 0.0108902 0.0146484 0.0188485 0.023061 0.0268341 0.0297369 0.0314459 0.0318147 0.0309014 0.0289394 0.0262685 0.023248 0.0201831 0.0172827 0.0146543 0.0123254 0.0102772 0.00847512
 1.02182e-16 2.54093e-05 0.000149106 0.00070873 0.00272856 0.00850868 0.0214925 0.0439779 0.0729039 0.0979252 0.106607 0.0941428 0.0676251 0.03994 0.0202687 0.0104368 0.0077561 0.00902146 0.0122358 0.0164392 0.0210907 0.0257024 0.0297549 0.0327567 0.0343459 0.0343713 0.0329229 0.030297 0.0269134 0.0232118 0.0195632 0.0162188 0.0133021 0.0108335 0.00877154 0.00705065
 1.02749e-16 2.10331e-05 0.000123408 0.000586545 0.00225809 0.00704154 0.0177867 0.0363961 0.060339 0.0810592 0.0882757 0.0780254 0.0562021 0.0335045 0.017578 0.0099904 0.00857449 0.0107208 0.0147861 0.0199347 0.025617 0.0312716 0.0362786 0.0400445 0.0421267 0.0423316 0.0407527 0.0377299 0.033753 0.0293392 0.0249297 0.0208283 0.017192 0.0140596 0.0113975 0.00914409
 1.0362e-16 2.14195e-05 0.000125681 0.00059736 0.00229975 0.00717145 0.0181148 0.037067 0.0614497 0.0825464 0.0898826 0.0794156 0.057138 0.0339315 0.0175638 0.00960999 0.00784365 0.00959737 0.0132065 0.0178546 0.0230454 0.0282942 0.0330658 0.0368401 0.039217 0.0400002 0.0392319 0.0371606 0.0341635 0.0306473 0.0269643 0.0233649 0.0199908 0.0168993 0.0140983 0.0115791
 1.04102e-16 2.03808e-05 0.000119582 0.00056836 0.00218809 0.00682322 0.0172352 0.0352675 0.0584675 0.0785436 0.0855325 0.0755921 0.0544306 0.0324112 0.0169373 0.00952346 0.00806669 0.0100401 0.013861 0.018739 0.0241713 0.0296517 0.0346178 0.0385253 0.040959 0.0417213 0.040867 0.0386686 0.0355309 0.0318856 0.0281012 0.0244328 0.0210169 0.0178983 0.0150709 0.0125136
 1.03301e-16 2.61971e-05 0.000153737 0.00073076 0.0028134 0.00877327 0.0221607 0.0453448 0.0751677 0.10096 0.109894 0.0970058 0.0695958 0.0409315 0.0204549 0.0100198 0.0068281 0.00756093 0.0101686 0.0137042 0.0176902 0.0217345 0.0254258 0.0283681 0.0302571 0.0309438 0.0304596 0.0289919 0.026824 0.0242591 0.0215576 0.0189008 0.0163883 0.0140568 0.0119092 0.00993916
 1.02608e-16 2.43354e-05 0.0001428 0.000678748 0.00261312 0.00814868 0.0205831 0.0421175 0.0698207 0.0937861 0.102108 0.0901849 0.0648159 0.038349 0.0195872 0.0102915 0.00790007 0.0093528 0.0127395 0.0171323 0.0219916 0.0268168 0.0310705 0.0342432 0.035959 0.0360601 0.0346381 0.0319973 0.028569 0.0248039 0.0210814 0.0176562 0.0146519 0.0120871 0.00991813 0.00807953
 1.03156e-16 2.05243e-05 0.000120421 0.000572346 0.00220343 0.00687106 0.017356 0.035515 0.0588785 0.0790976 0.0861409 0.0761421 0.0548533 0.032716 0.0171933 0.00981853 0.00848121 0.0106394 0.0146936 0.0198309 0.0255152 0.0311968 0.0362655 0.0401349 0.0423638 0.0427532 0.0413839 0.0385774 0.0348024 0.0305561 0.0262637 0.0222199 0.0185802 0.0153884 0.012622 0.0102325
 1.03588e-16 2.31495e-05 0.000135841 0.00064567 0.00248577 0.00775154 0.01958 0.0400647 0.0664175 0.089214 0.097128 0.085782 0.0616416 0.0364515 0.0185841 0.00971402 0.00740633 0.00875718 0.0119636 0.016165 0.0208776 0.0256578 0.030023 0.0335051 0.0357421 0.0365541 0.0359737 0.034218 0.0316185 0.0285335 0.0252731 0.0220579 0.0190132 0.0161912 0.0136031 0.0112467
 1.03914e-16 1.96559e-05 0.000115323 0.000548109 0.00211011 0.00658004 0.016621 0.034011 0.0563856 0.0757505 0.0825006 0.0729355 0.0525677 0.031402 0.016593 0.00961847 0.00846695 0.0107121 0.0148257 0.0200251 0.0257846 0.0315573 0.0367338 0.0407275 0.0430969 0.0436418 0.0424402 0.0398091 0.0362092 0.0321273 0.0279756 0.0240355 0.0204511 0.0172585 0.014433 0.0119301
pSPR Fmed_Fpbrs
0.353809   0.255447 0.255447
Fs Fmed_Fpbrs
0.68   1.005 1.005
SSBpbr Bo_Bmed_Bpbrs
1.65289e+06  502164  339581 339581
Ro
41228.7
SPR SPRFo_SPRFmed_SPRFpbrs
848321 300144 216701
log_Ro
10.4469
likeval ReclasPelacesDesembMPH_pf_preclas_ppelaces_ptallas_desvR_qrecl_qpela
 107.969 80.0852 0.00423455 0.00160271 329.811 196.367 73.7132 0 13.7686 0 0 0 0 0 0
q_reclas_q_pelaces
1 1
M
0.7
N
 42148.3 19225.8 7222.57 859.357 0.27084
 44398.6 18010.4 7069.3 2655.73 316.084
 22835.5 18784.9 6492.47 2548.38 1071.3
 26235.2 8032.56 4680.62 1617.72 901.91
 52927.5 11954.6 3358.64 1957.1 1053.53
 40536.6 25827.9 5732.64 1610.58 1443.7
 80677 16259.4 8367.71 1857.26 989.525
 86609.1 35546.1 6356.15 3271.13 1112.87
 129840 35085.1 11746.7 2100.48 1448.76
 138859 53309.3 11910.1 3987.59 1204.84
 72310.8 60471.9 20359.6 4548.65 1983.06
 40710.3 27514.5 17631 5935.99 1904.37
 46826.7 15722.3 8264.04 5295.51 2354.87
 28548.1 15993.3 3693.3 1941.29 1797.13
 19986.5 7364.01 2142.98 494.873 500.919
 17057.3 5717.52 1213.56 353.156 164.103
 14381 6688.16 1770.14 375.719 160.143
 15699.1 5956.32 2310.42 611.494 185.113
 16457.7 6859.39 2289.85 888.216 306.247
 31108.6 7283.12 2705.14 903.047 471.061
 44352.1 13819 2894.11 1074.95 546.033
 49115.8 20970.1 6220.94 1302.85 729.721
 75181.8 22854.9 9143.67 2712.54 886.269
 75602.6 34441.4 9658.77 3864.24 1520.9
pred_Ctot
 4265.36 3651.12 1371.62 163.198 0.0514345
 4769.03 3615.82 1419.26 533.174 63.4581
 4885.31 6999.51 2419.18 949.558 399.178
 1562.25 921.785 537.13 185.643 103.5
 659.862 295.8 83.1047 48.4257 26.0681
 5674.74 6616.04 1468.47 412.565 369.817
 6586.79 2522.55 1298.21 288.144 153.52
 11610.7 8753.57 1565.26 805.546 274.056
 16351.1 8159.54 2731.87 488.497 336.929
 12379.2 8987.75 2008.01 672.294 203.132
 12343.9 18509.7 6231.81 1392.29 606.991
 6602.9 8047.19 5156.56 1736.1 556.973
 10742.4 6216.14 3267.36 2093.69 931.045
 10240.2 9026.79 2084.53 1095.68 1014.32
 6288.06 3762.64 1094.96 252.855 255.945
 2616.4 1590.68 337.628 98.2522 45.6554
 1734.29 1494.7 395.599 83.9672 35.7895
 1366.38 981.73 380.807 100.787 30.5107
 1296.82 1028.96 343.493 133.239 45.9393
 2374.49 1059.97 393.7 131.427 68.5572
 1531.47 934.131 195.635 72.6639 36.9105
 2231.9 1852.77 549.638 115.111 64.473
 4208.88 2471.26 988.693 293.303 95.8311
 4368.5 3839.47 1076.74 430.778 169.547
F
 0.150245 0.300491 0.300491 0.300491 0.300491
 0.160152 0.320305 0.320305 0.320305 0.320305
 0.344812 0.689624 0.689624 0.689624 0.689624
 0.0859842 0.171968 0.171968 0.171968 0.171968
 0.01747 0.03494 0.03494 0.03494 0.03494
 0.213537 0.427074 0.427074 0.427074 0.427074
 0.119623 0.239245 0.239245 0.239245 0.239245
 0.203628 0.407256 0.407256 0.407256 0.407256
 0.190193 0.380387 0.380387 0.380387 0.380387
 0.131279 0.262559 0.262559 0.262559 0.262559
 0.266259 0.532518 0.532518 0.532518 0.532518
 0.251401 0.502801 0.502801 0.502801 0.502801
 0.374281 0.748562 0.748562 0.748562 0.748562
 0.654987 1.30997 1.30997 1.30997 1.30997
 0.551522 1.10304 1.10304 1.10304 1.10304
 0.236237 0.472474 0.472474 0.472474 0.472474
 0.181455 0.36291 0.36291 0.36291 0.36291
 0.127984 0.255969 0.255969 0.255969 0.255969
 0.115232 0.230465 0.230465 0.230465 0.230465
 0.11144 0.222881 0.222881 0.222881 0.222881
 0.049062 0.098124 0.098124 0.098124 0.098124
 0.0650182 0.130036 0.130036 0.130036 0.130036
 0.0806487 0.161297 0.161297 0.161297 0.161297
 0.083339 0.166678 0.166678 0.166678 0.166678
Np
 31200.6 9373.98 6278.63 2631.58 872.148
YTP_r0W_actual
 34948 72949.9 29610.4 15508 7460.09
YTP_p0W_proyectada
 74791.4 359838 219247 78521.5 49515.4
 74791.4 97654.8 95084.6 50895.1 18718.3
CTP_r0_actual
 4368.5 3839.47 1076.74 430.778 169.547
CTP_p0_proyectada
 9120.9 16659.1 6982.38 1958.14 1112.71
 9120.9 4521.05 3028.17 1269.2 420.635
Wmedp
 8.2 21.6 31.4 40.1 44.5
nmprior
 10.6 11 7 0
nm_flota  nm_reclas  nm_pelaces    nm_pelaL
inf 14.3312 13.0337 21.7812
cv_recla  cv_pelaces  cv_mph
0.962 1.05303 1.11034
 ------------------------------------------------
Talla a la edad & desviaci?n 
 7.2 14.2025 17.0495 18.207 18.6776
 1.08 2.13037 2.55742 2.73105 2.80164
