years
 1997 1998 1999 2000 2001 2002 2003 2004 2005 2006 2007 2008 2009 2010 2011 2012 2013 2014 2015 2016 2017 2018 2019
reclasobs
 0 0 0 370054 412103 1.49427e+06 250295 1.28982e+06 931140 785840 897777 1.04006e+06 184774 17550 25797 100020 73551 82996 120727 218422 84188 347160 605670
reclaspred
 372781 102505 315282 235234 353214 422419 936551 627336 702845 638310 502500 337010 206976 96739.2 68924.6 71228.2 89804.5 122595 128388 188427 277893 251701 417703
pelacesobs
 0 0 0 0 0 0 0 0 0 2.06254e+06 1.5e+06 0 1.87456e+06 323000 250000 174000 83755 137374 0 501740 490994 745055 786931
pelacespred
 1.06578e+06 259237 494754 557997 716621 719162 1.81318e+06 1.51426e+06 1.5006e+06 1.37704e+06 977658 676484 413815 161793 113384 125221 164735 227320 245871 349682 572106 508951 690134
mphobs
 0 0 0 0 0 112323 0 153150 637223 0 255016 313432 73983 77613 109348 50772 17779 17303 59886 28197 0 207744 136588
mphpred
 684720 416275 513045 635210 687992 1.09415e+06 1.65792e+06 1.96307e+06 1.68931e+06 1.71474e+06 1.60782e+06 1.13276e+06 697921 369420 180535 157703 193341 268273 331738 379046 583089 698768 864689
desembarqueobs
 350755 77701 442110 56441 14545 235359 269955 359681 431902 328805 639364 411747 362871 311530 167758 66681 60226 58785 57116 73181 50977 67692 138656
desembarquepred
 350761 77700.7 442103 56442 14545.1 235393 269981 359682 431930 328824 639571 411990 363198 311967 167798 66691.7 60243.9 58786 57112.2 73179.2 50976.9 67685.9 138652
Reclutas
 50725.6 65592.8 39489.4 65719.9 113326 81262.4 130487 122891 149503 146789 68185.7 40119.9 42970.5 23669.1 18473.5 23013.6 18951.3 21113.8 23619.9 45068.7 56924.3 69320.2 102214
log_desv_Rt
 -0.0535239 0.203511 -0.303923 0.205447 0.75031 0.417728 0.891321 0.83134 1.02736 1.00904 0.242279 -0.288084 -0.219442 -0.815784 -1.06362 -0.843869 -1.03809 -0.93003 -0.817866 -0.171768 0.0617661 0.258781 0.647111
SSB
 684720 416275 513045 635210 687992 1.09415e+06 1.65792e+06 1.96307e+06 1.68931e+06 1.71474e+06 1.60782e+06 1.13276e+06 697921 369420 180535 157703 193341 268273 331738 379046 583089 698768 864689
BT
 2.19515e+06 595808 1.12859e+06 1.05899e+06 1.2943e+06 1.47309e+06 3.43043e+06 3.11985e+06 3.08254e+06 2.78354e+06 2.33063e+06 1.59184e+06 1.09896e+06 590823 346168 279440 344412 454078 489572 685934 1.06582e+06 974889 1.33244e+06
Ftot
 0.43864 0.367913 0.540079 0.103308 0.0197088 0.190933 0.119156 0.232935 0.259694 0.206068 0.42455 0.393872 0.624931 1.0937 1.01689 0.400761 0.285765 0.193761 0.165571 0.172619 0.0775661 0.101055 0.123463
BD_Bspro_t
 0.946191 0.750338 0.709915 0.586807 0.720723 0.843017 0.814329 0.821702 0.773883 0.741288 0.707772 0.559781 0.44621 0.33494 0.21789 0.233248 0.34794 0.512033 0.619568 0.699666 0.796214 0.859232 0.862362
BD_Bspro
 0.620755 0.377387 0.465118 0.57587 0.623721 0.991941 1.50304 1.77968 1.5315 1.55455 1.45762 1.02694 0.632723 0.33491 0.16367 0.142971 0.175279 0.243212 0.300747 0.343636 0.528618 0.63349 0.783911
BD_Bo
 0.323376 0.196596 0.242298 0.299993 0.324921 0.516741 0.782991 0.927106 0.797819 0.809825 0.759333 0.534974 0.32961 0.174468 0.0852621 0.0744793 0.0913098 0.126699 0.156671 0.179014 0.275378 0.33001 0.40837
BD_Brms
 1.1223 0.682302 0.840915 1.04115 1.12766 1.79339 2.71743 3.21759 2.7689 2.81056 2.63533 1.85667 1.14394 0.605504 0.295909 0.258486 0.316898 0.439718 0.54374 0.621282 0.955722 1.14533 1.41728
S_f
 0.188996 1 1 1 1
 0.188996 1 1 1 1
 0.188996 1 1 1 1
 0.188996 1 1 1 1
 0.188996 1 1 1 1
 0.188996 1 1 1 1
 0.188996 1 1 1 1
 0.188996 1 1 1 1
 0.188996 1 1 1 1
 0.188996 1 1 1 1
 0.188996 1 1 1 1
 0.188996 1 1 1 1
 0.188996 1 1 1 1
 0.188996 1 1 1 1
 0.188996 1 1 1 1
 0.188996 1 1 1 1
 0.188996 1 1 1 1
 0.188996 1 1 1 1
 0.188996 1 1 1 1
 0.188996 1 1 1 1
 0.188996 1 1 1 1
 0.188996 1 1 1 1
 0.188996 1 1 1 1
Scru_reclas
 1 1 1 1 1
 1 1 1 1 1
 1 1 1 1 1
 1 1 1 1 1
 1 1 1 1 1
 1 1 1 1 1
 1 1 1 1 1
 1 1 1 1 1
 1 1 1 1 1
 1 1 1 1 1
 1 1 1 1 1
 1 1 1 1 1
 1 1 1 1 1
 1 1 1 1 1
 1 1 1 1 1
 1 1 1 1 1
 1 1 1 1 1
 1 1 1 1 1
 1 1 1 1 1
 1 1 1 1 1
 1 1 1 1 1
 1 1 1 1 1
 1 1 1 1 1
Scru_pelaces
 1 1 1 1 1
 1 1 1 1 1
 1 1 1 1 1
 1 1 1 1 1
 1 1 1 1 1
 1 1 1 1 1
 1 1 1 1 1
 1 1 1 1 1
 1 1 1 1 1
 1 1 1 1 1
 1 1 1 1 1
 1 1 1 1 1
 1 1 1 1 1
 1 1 1 1 1
 1 1 1 1 1
 1 1 1 1 1
 1 1 1 1 1
 1 1 1 1 1
 1 1 1 1 1
 1 1 1 1 1
 1 1 1 1 1
 1 1 1 1 1
 1 1 1 1 1
pf_obs 
 0.256992 0.487395 0.22802 0.0275931 0
 0.321318 0.546541 0.124235 0.00734118 0.000564706
 0.182869 0.594174 0.210203 0.0122559 0.00049798
 0.330522 0.361315 0.267642 0.0388342 0.00168674
 0.649043 0.306663 0.0425973 0.00169635 0
 0.582887 0.30429 0.105238 0.00758474 0
 0.465427 0.430635 0.0974691 0.00646863 0
 0.296916 0.608066 0.0921331 0.00288517 0
 0.311714 0.524322 0.152257 0.0117073 0
 0.15457 0.633149 0.183074 0.0267441 0.00246327
 0.131901 0.49318 0.331252 0.0422183 0.00144891
 0.196976 0.569456 0.194076 0.0375587 0.00193317
 0.518974 0.381816 0.0799577 0.0180837 0.00116848
 0.0928022 0.601141 0.25162 0.0475244 0.00691264
 0.122501 0.610282 0.24278 0.0234846 0.000952079
 0.383417 0.481906 0.127806 0.00687128 0
 0.0376549 0.599619 0.316969 0.0457579 0
 0.0361596 0.667082 0.258105 0.0386534 0
 0.158088 0.579412 0.248529 0.0139706 0
 0.0477256 0.309471 0.559284 0.082774 0.000745712
 0.0406174 0.521527 0.379366 0.0568643 0.0016247
 0.151134 0.462217 0.34131 0.0453401 0
 0.294876 0.26143 0.354403 0.0886775 0.000613685
pf_pred 
 0.338104 0.465802 0.175237 0.0208459 1.06708e-05
 0.318068 0.524104 0.11107 0.0417849 0.00497321
 0.180176 0.611229 0.160318 0.033975 0.0143028
 0.303988 0.417778 0.20744 0.054409 0.0163846
 0.32297 0.479214 0.118738 0.0589574 0.0201205
 0.173781 0.593266 0.164889 0.0408556 0.0272092
 0.266066 0.402592 0.23792 0.066126 0.0272963
 0.210263 0.52871 0.143183 0.0846171 0.033226
 0.244408 0.461429 0.196936 0.0533334 0.0438946
 0.21746 0.515455 0.163105 0.0696123 0.0343679
 0.116076 0.546123 0.222508 0.0704078 0.0448854
 0.113045 0.406967 0.296555 0.120826 0.0626065
 0.195066 0.360411 0.203963 0.148627 0.0919325
 0.174481 0.522799 0.135544 0.0767065 0.0904698
 0.249517 0.493404 0.162808 0.0422104 0.0520613
 0.328932 0.498931 0.113171 0.0373429 0.0216229
 0.220531 0.590667 0.140372 0.0318402 0.0165898
 0.232077 0.484454 0.214807 0.0510489 0.0176125
 0.229467 0.490147 0.176885 0.078431 0.0250698
 0.33392 0.419392 0.156921 0.0566301 0.0331359
 0.274658 0.53798 0.117971 0.0441403 0.0252502
 0.247541 0.507804 0.181459 0.0397912 0.0234052
 0.278427 0.465951 0.172509 0.0616446 0.0214688
pobs_RECLAS
 0 0 0 0 0
 0 0 0 0 0
 0 0 0 0 0
 0 0 0 0 0
 0.835266 0.146461 0.0176864 0.000547809 3.91292e-05
 0.385257 0.428462 0.181853 0.0044286 0
 0.867414 0.0963971 0.0333333 0.00285562 0
 0.441836 0.489002 0.0689373 0.000224442 0
 0.779404 0.147425 0.0564933 0.0165055 0.000172143
 0.814271 0.122319 0.05973 0.00367925 0
 0.40263 0.566651 0.0304383 0.000280538 0
 0.475488 0.404961 0.113038 0.00651328 0
 0.955842 0.0263864 0.0167828 0.000988607 0
 0.975058 0.0227948 0.00214734 0 0
 0.738997 0.206755 0.0527124 0.00153531 0
 0.850938 0.134255 0.0134407 0.00136685 0
 0.542534 0.407297 0.0501686 0 0
 0.764087 0.199537 0.0359546 0.000420521 0
 0.470689 0.182191 0.310203 0.0369168 0
 0.84361 0.089868 0.0606195 0.00523954 0.000663233
 0.607945 0.314616 0.071237 0.00620181 0
 0.523733 0.453247 0.0230204 0 0
 0.530135 0.295979 0.169645 0.0042399 0
ppred_RECLAS
 0.735423 0.186193 0.0700466 0.00833263 4.26538e-06
 0.71624 0.218086 0.0462175 0.0173872 0.00206941
 0.546734 0.337937 0.0886366 0.0187842 0.00790775
 0.699079 0.180626 0.0896868 0.0235237 0.00708389
 0.716428 0.200717 0.0497331 0.0246941 0.00842741
 0.529303 0.337983 0.0939369 0.0232754 0.0155011
 0.658699 0.187217 0.11064 0.0307505 0.0126936
 0.588008 0.275819 0.0746963 0.0441433 0.0173334
 0.634641 0.223119 0.0952263 0.0257888 0.0212248
 0.597924 0.264845 0.0838045 0.0357674 0.0176585
 0.416493 0.360513 0.146885 0.0464785 0.0296303
 0.408669 0.271324 0.197713 0.0805547 0.0417396
 0.572725 0.191313 0.108268 0.0788942 0.0487996
 0.551924 0.283765 0.0735705 0.0416348 0.0491053
 0.657422 0.225227 0.0743178 0.019268 0.0237647
 0.72672 0.20318 0.0460868 0.0152072 0.00880553
 0.603494 0.300465 0.0714054 0.0161967 0.008439
 0.61774 0.241154 0.106928 0.0254113 0.0087672
 0.613855 0.245632 0.0886443 0.0393049 0.0125635
 0.728057 0.171227 0.0640669 0.0231206 0.0135285
 0.66792 0.246302 0.0540101 0.0202086 0.0115602
 0.636314 0.245437 0.0877046 0.0192323 0.0113124
 0.672638 0.211392 0.0782636 0.0279668 0.00973994
pobs_PELACES
 0 0 0 0 0
 0 0 0 0 0
 0 0 0 0 0
 0 0 0 0 0
 0 0 0 0 0
 0 0 0 0 0
 0 0 0 0 0
 0 0 0 0 0
 0 0 0 0 0
 0 0 0 0 0
 0.450072 0.473896 0.0757376 0.000293798 0
 0 0 0 0 0
 0.463077 0.371075 0.160297 0.00555027 0
 0.529543 0.364841 0.0842815 0.0213345 0
 0.631943 0.363953 0.00410389 0 0
 0.735681 0.248677 0.0153453 0.000297389 0
 0.695825 0.281241 0.0229344 0 0
 0.275771 0.60734 0.115278 0.00161068 0
 0 0 0 0 0
 0.896147 0.0623911 0.0374545 0.00400742 0
 0.803859 0.145111 0.0509908 3.86294e-05 0
 0.739449 0.233085 0.0266225 0.000797448 4.60066e-05
 0.878498 0.100942 0.0204185 0.000141795 0
ppred_PELACES
 0.757626 0.170568 0.0641684 0.00763337 3.90743e-06
 0.735819 0.203038 0.0430285 0.0161875 0.00192662
 0.582252 0.311456 0.081691 0.0173122 0.00728809
 0.704864 0.177154 0.0879629 0.0230715 0.00694773
 0.717498 0.19996 0.0495454 0.0246009 0.0083956
 0.542013 0.328857 0.0914005 0.022647 0.0150825
 0.665831 0.183305 0.108328 0.0301079 0.0124283
 0.603023 0.265767 0.071974 0.0425345 0.0167017
 0.650601 0.213373 0.0910666 0.0246623 0.0202976
 0.611109 0.256161 0.0810565 0.0345946 0.0170795
 0.444341 0.343308 0.139875 0.0442603 0.0282162
 0.434366 0.259533 0.189121 0.077054 0.0399258
 0.613069 0.17325 0.0980449 0.071445 0.0441919
 0.622731 0.238924 0.0619446 0.0350555 0.0413455
 0.715852 0.186813 0.0616423 0.0159817 0.0197114
 0.747496 0.187734 0.0425831 0.0140511 0.0081361
 0.621642 0.286713 0.0681372 0.0154554 0.00805275
 0.629909 0.233477 0.103524 0.0246024 0.00848812
 0.624304 0.238985 0.0862455 0.0382413 0.0122235
 0.737107 0.165529 0.0619349 0.0223512 0.0130783
 0.672508 0.242898 0.0532638 0.0199294 0.0114005
 0.642549 0.241229 0.0862009 0.0189025 0.0111185
 0.679872 0.206721 0.0765342 0.0273488 0.00952471
pobs_pel_tallas
 0 0 0 0 0 0 0 0 0 0 0 0 0 0 0 0 0 0 0 0 0 0 0 0 0 0 0 0 0 0 0 0 0 0 0 0
 0 0 0 0 0 0 0 0 0 0 0 0 0 0 0 0 0 0 0 0 0 0 0 0 0 0 0 0 0 0 0 0 0 0 0 0
 0 0 0 0 0 0 0 0 0 0 0 0 0 0 0 0 0 0 0 0 0 0 0 0 0 0 0 0 0 0 0 0 0 0 0 0
 0 0 0 0 0 0 0 0 0 0 0 0 0 0 0 0 0 0 0 0 0 0 0 0 0 0 0 0 0 0 0 0 0 0 0 0
 0 0 0 0 0 0 0 0 0 0 0 0 0 0 0 0 0 0 0 0 0 0 0 0 0 0 0 0 0 0 0 0 0 0 0 0
 0 0 0 0 0 0 0 0 0 0 0 0 0 0 0 0 0 0 0 0 0 0 0 0 0 0 0 0 0 0 0 0 0 0 0 0
 0 0 0 0 0 0 0 0 0 0 0 0 0 0 0 0 0 0 0 0 0 0 0 0 0 0 0 0 0 0 0 0 0 0 0 0
 0 0 0 0 0 0 0 0 0 0 0 0 0 0 0 0 0 0 0 0 0 0 0 0 0 0 0 0 0 0 0 0 0 0 0 0
 0 0 0 0 0 0 0 0 0 0 0 0 0 0 0 0 0 0 0 0 0 0 0 0 0 0 0 0 0 0 0 0 0 0 0 0
 0 0 0 0 0 0 0 0 0 0 0 0 0 0 0 0 0 0 0 0 0 0 0 0 0 0 0 0 0 0 0 0 0 0 0 0
 0 0 0 0 0 0 0 0 1.78061e-05 0.00172719 0.00360574 0.0105946 0.0120993 0.0124554 0.0147524 0.0171206 0.0266825 0.0428682 0.0675386 0.121331 0.153587 0.119568 0.100827 0.0573624 0.0630603 0.0341343 0.0324427 0.0444173 0.0211091 0.0280891 0.0125444 0.00206551 0 0 0 0
 0 0 0 0 0 0 0 0 0 0 0 0 0 0 0 0 0 0 0 0 0 0 0 0 0 0 0 0 0 0 0 0 0 0 0 0
 0 0 0 0 0 0 0.0133647 0.0140871 0.0187388 0.0205184 0.03894 0.0496705 0.03968 0.0493445 0.0407372 0.0367815 0.0215668 0.0243155 0.0234873 0.0199281 0.019796 0.0243948 0.0301388 0.0376714 0.0412746 0.0863199 0.0771752 0.113111 0.0741005 0.0525337 0.0229764 0.00759418 0.00175318 0 0 0
 0 0 0 0 0 0 0 0 0 0 0.00219441 0.00772107 0.0458388 0.0604681 0.0671733 0.0775358 0.0609151 0.0617685 0.073594 0.0568108 0.0755445 0.0548602 0.0670107 0.0636378 0.0643287 0.046367 0.0373049 0.0286899 0.0247887 0.0153202 0.00654259 0.00121912 0.000365735 0 0 0
 0 0 0 0 0 0 0 0 0 0 0 0 0.000112435 0.00938835 0.0111873 0.0202946 0.0414886 0.0713402 0.111592 0.104902 0.108894 0.110636 0.117776 0.105296 0.107544 0.0401394 0.0192827 0.0124803 0.00416011 0.0028671 0.000618394 0 0 0 0 0
 0 0 0 0 0 0 0 0 0 0 0.00291406 0.0102884 0.027416 0.0768956 0.0749926 0.110853 0.0956884 0.0897413 0.0766577 0.0534642 0.0500743 0.0551293 0.0594112 0.0620874 0.0668451 0.0424026 0.0208742 0.0120726 0.0048766 0.00582813 0.00118941 0.000297354 0 0 0 0
 0 0.00264628 0.0354308 0.0461629 0.0458689 0.0383711 0.0214643 0.0164657 0.0346957 0.0420465 0.0363128 0.0245516 0.0311673 0.0291091 0.0169068 0.0133784 0.00837989 0.0085269 0.0148486 0.0160247 0.0276389 0.0546898 0.0760071 0.122758 0.109233 0.0665981 0.0333725 0.0166128 0.00676272 0.00308733 0.000882094 0 0 0 0 0
 0 0 0 0 0 0 0 0.000805153 0.000690131 0.00759144 0.0133425 0.0154129 0.00931677 0.000345066 0.00356568 0.00563607 0.00851162 0.0253048 0.0502646 0.0516448 0.0657925 0.0565908 0.0611916 0.0827007 0.0866115 0.110766 0.145733 0.0935128 0.0569358 0.0249597 0.0138026 0.00621118 0.00161031 0.00115022 0 0
 0 0 0 0 0 0 0 0 0 0 0 0 0 0 0 0 0 0 0 0 0 0 0 0 0 0 0 0 0 0 0 0 0 0 0 0
 0.00147267 0.00158595 0.00478618 0.00569244 0.00954404 0.0108468 0.00647125 0.017049 0.0510054 0.094081 0.124002 0.0959785 0.0687766 0.0820023 0.061753 0.0591476 0.0492212 0.0479892 0.0443925 0.0268479 0.0217502 0.0140895 0.0121071 0.0120363 0.00920419 0.00665534 0.0049561 0.00860946 0.00930331 0.0156896 0.0114698 0.00855282 0.00243557 0.00046729 0 2.83206e-05
 0 0 0 0 0.000772559 0.00158375 0.000888443 0.00281984 0.00712685 0.0440552 0.0773331 0.111326 0.0921469 0.0852325 0.0710754 0.0886704 0.0786465 0.0553345 0.0373146 0.0185414 0.00753245 0.00457741 0.012979 0.0271748 0.0457355 0.0583668 0.034881 0.0177882 0.00938659 0.00492506 0.0015258 0.00185414 0.000309023 5.79419e-05 3.86279e-05 0
 0 0.00173294 0.00326652 0 0.00397197 0.00683976 0.00946217 0.0152591 0.00757587 0.0136028 0.0228656 0.0392903 0.0559909 0.0764795 0.0681675 0.0726916 0.0566044 0.0477403 0.0527397 0.0444891 0.0609904 0.0582453 0.0661739 0.0445044 0.0529084 0.0360697 0.0280645 0.0235558 0.0158879 0.00826598 0.00280645 0.00217768 0.000904811 0.00058276 9.20147e-05 0
 0 0 0 0 0 0 0 0 0 0 0 0 0 0 0 0 0 0 0 0 0 0 0 0 0 0 0 0 0 0 0 0 0 0 0 0
ppred_pel_tallas
 1.0123e-16 3.30558e-05 0.000194012 0.000922246 0.0035507 0.0110725 0.0279683 0.0572269 0.0948599 0.127394 0.138629 0.122279 0.0875279 0.0510747 0.0247742 0.0108915 0.00581875 0.00530776 0.0067534 0.00900572 0.011583 0.0141818 0.0165163 0.0183186 0.0193852 0.0196195 0.0190493 0.0178109 0.0161086 0.0141629 0.012166 0.0102562 0.0085127 0.00696668 0.00561941 0.00445878
 1.01324e-16 3.21061e-05 0.000188434 0.000895721 0.00344856 0.010754 0.0271638 0.055581 0.0921327 0.123735 0.134656 0.118794 0.0850771 0.0497325 0.0242871 0.0109553 0.00624694 0.00604415 0.00781347 0.0104186 0.0133542 0.0162728 0.0188386 0.0207393 0.0217451 0.0217602 0.0208409 0.0191746 0.0170266 0.0146752 0.0123556 0.0102274 0.00836954 0.00679609 0.00548172 0.00438592
 1.02197e-16 2.54144e-05 0.000149137 0.000708878 0.00272913 0.00851046 0.0214969 0.0439871 0.0729189 0.0979445 0.106626 0.0941552 0.0676243 0.0399201 0.0202232 0.0103565 0.00762916 0.00883457 0.0119779 0.0161057 0.0206879 0.0252508 0.0292893 0.0323234 0.0339956 0.0341501 0.032863 0.03041 0.0271874 0.0236145 0.0200479 0.0167337 0.0137986 0.0112735 0.00913086 0.00731983
 1.02424e-16 3.07553e-05 0.000180506 0.000858035 0.00330347 0.0103015 0.0260209 0.0532424 0.0882558 0.118527 0.128986 0.113786 0.0814775 0.0476027 0.0232007 0.0103908 0.00583035 0.00557995 0.00722542 0.00969977 0.0125486 0.0154732 0.0181836 0.0204011 0.0219066 0.0225835 0.0224366 0.0215769 0.0201832 0.0184523 0.016558 0.0146276 0.0127398 0.0109357 0.00923651 0.00765741
 1.02007e-16 3.13071e-05 0.000183743 0.000873422 0.00336271 0.0104863 0.0264875 0.0541973 0.0898391 0.120655 0.131305 0.11584 0.0829663 0.0485084 0.023708 0.0107268 0.00616471 0.00601013 0.00779657 0.0104198 0.0133901 0.0163706 0.0190337 0.0210728 0.0222593 0.0224925 0.0218174 0.0204045 0.0184988 0.0163576 0.0141976 0.0121651 0.0103324 0.00871421 0.00729242 0.00603901
 1.02888e-16 2.36604e-05 0.000138838 0.000659913 0.0025406 0.00792252 0.0200119 0.0409487 0.0678832 0.0911844 0.0992769 0.0876888 0.0630312 0.0373117 0.0190925 0.01009 0.00781872 0.00930907 0.0127091 0.0171201 0.0220183 0.0269145 0.0312794 0.0346072 0.0365189 0.0368457 0.0356605 0.0332443 0.0300036 0.0263683 0.0227039 0.0192611 0.0161692 0.0134605 0.0111102 0.0090727
 1.03213e-16 2.90536e-05 0.000170514 0.000810534 0.00312058 0.00973121 0.0245803 0.0502948 0.0833705 0.111968 0.121852 0.107505 0.0770042 0.0450391 0.0220452 0.0100349 0.00586193 0.00581587 0.00762377 0.0102793 0.0133466 0.0165288 0.0195296 0.0220597 0.0238862 0.0248764 0.025018 0.0244048 0.0231991 0.0215837 0.0197225 0.0177385 0.0157126 0.0136958 0.0117251 0.00983557
 1.03351e-16 2.63181e-05 0.000154447 0.000734133 0.00282639 0.00881376 0.022263 0.0455541 0.0755149 0.101426 0.110404 0.0974591 0.0699284 0.0411419 0.0205869 0.0101275 0.00695389 0.00773089 0.0103956 0.0139894 0.0180214 0.0220849 0.0257545 0.0286245 0.0303895 0.0309094 0.0302345 0.0285779 0.0262494 0.0235749 0.0208278 0.0181915 0.0157563 0.0135422 0.0115317 0.00969857
 1.03159e-16 2.83907e-05 0.00016662 0.000792012 0.00304925 0.00950878 0.0240185 0.0491456 0.0814663 0.109413 0.11908 0.105077 0.0753053 0.0441256 0.021747 0.0101493 0.00627053 0.00649217 0.00858974 0.0115614 0.0149462 0.0184047 0.021593 0.0241797 0.0259077 0.0266455 0.026409 0.0253422 0.023668 0.0216276 0.0194293 0.0172198 0.0150827 0.0130537 0.011144 0.00935948
 1.03221e-16 2.66703e-05 0.000156516 0.000743969 0.00286426 0.00893188 0.0225613 0.0461645 0.0765263 0.102784 0.111878 0.0987535 0.0708416 0.0416479 0.0207823 0.0101285 0.00683398 0.00751568 0.0100838 0.0135731 0.0174986 0.0214659 0.0250638 0.0278987 0.0296721 0.0302428 0.0296524 0.0280988 0.0258749 0.0232912 0.0206106 0.018013 0.0155916 0.0133735 0.0113501 0.0095041
 1.04937e-16 1.94021e-05 0.000113837 0.00054105 0.00208294 0.00649533 0.016407 0.0335728 0.0556583 0.0747708 0.0814265 0.0719694 0.0518355 0.030893 0.0161947 0.00918853 0.00788037 0.00987327 0.0136686 0.0185199 0.0239515 0.0294792 0.0345609 0.0386662 0.0413832 0.0425043 0.0420595 0.0402856 0.0375465 0.0342343 0.0306866 0.0271403 0.0237284 0.0205054 0.017485 0.0146719
 1.07283e-16 1.89639e-05 0.000111271 0.00052887 0.00203607 0.00634919 0.0160377 0.0328168 0.0544029 0.0730782 0.0795676 0.0702889 0.0505439 0.0299613 0.0154124 0.0082878 0.00661779 0.00805317 0.0111489 0.0152309 0.0199278 0.02489 0.0297203 0.0340122 0.0374237 0.0397377 0.0408903 0.0409534 0.0400878 0.0384836 0.0363132 0.0337097 0.0307708 0.0275779 0.0242174 0.0207918
 1.05969e-16 2.67524e-05 0.000157005 0.000746313 0.00287332 0.00896013 0.0226326 0.0463097 0.0767648 0.103097 0.112201 0.0989945 0.0709194 0.0415027 0.0203574 0.00934231 0.00556818 0.00562818 0.00744029 0.0100895 0.0131859 0.0164664 0.0196658 0.0225215 0.0248168 0.0264192 0.0272969 0.0275043 0.027148 0.0263451 0.0251924 0.0237529 0.0220631 0.0201493 0.0180476 0.015814
 1.04094e-16 2.71763e-05 0.000159488 0.000758104 0.00291869 0.00910162 0.0229901 0.0470415 0.0779796 0.104734 0.113995 0.100609 0.0721438 0.0423555 0.0210278 0.0100695 0.00656331 0.00705428 0.00941173 0.012661 0.016329 0.0200464 0.0234339 0.026131 0.0278661 0.0285141 0.0281174 0.0268609 0.025012 0.0228488 0.0205995 0.018411 0.0163484 0.0144178 0.0125976 0.0108656
 1.02407e-16 3.12348e-05 0.00018332 0.000871412 0.00335497 0.0104622 0.0264266 0.0540725 0.089632 0.120375 0.130998 0.115564 0.0827545 0.0483573 0.0235836 0.0105861 0.00596901 0.00572876 0.00740772 0.00991313 0.0127716 0.0156672 0.0182945 0.0203658 0.0216627 0.0220822 0.0216543 0.0205235 0.0189033 0.0170206 0.0150678 0.0131762 0.0114143 0.00980161 0.00833164 0.00699093
 1.01529e-16 3.26146e-05 0.000191421 0.000909924 0.00350325 0.0109246 0.0275946 0.0564624 0.0935931 0.125694 0.136784 0.120662 0.0863916 0.0504552 0.0245548 0.0109321 0.00603373 0.00567155 0.00727234 0.00969043 0.0124305 0.0151659 0.0175861 0.0194025 0.0204023 0.0204947 0.0197287 0.0182727 0.0163666 0.0142618 0.0121703 0.0102353 0.00852714 0.00705814 0.00580638 0.00473773
 1.01969e-16 2.71309e-05 0.000159217 0.000756804 0.00291367 0.00908594 0.0229505 0.046961 0.0778474 0.10456 0.113817 0.100478 0.072106 0.0424464 0.021282 0.0105373 0.00731709 0.00818124 0.0109959 0.0147586 0.0189419 0.0230998 0.0267658 0.029499 0.0309729 0.0310486 0.0298016 0.0274915 0.0244891 0.0211843 0.0179077 0.0148853 0.0122309 0.00996782 0.00806454 0.00646803
 1.02788e-16 2.74893e-05 0.000161326 0.000766839 0.00295232 0.0092065 0.023255 0.0475836 0.0788779 0.10594 0.115306 0.101763 0.0729646 0.042824 0.021236 0.0101299 0.00655401 0.00701423 0.00935846 0.0126066 0.0162882 0.0200376 0.0234767 0.0262404 0.0280444 0.0287441 0.0283578 0.0270465 0.025061 0.0226746 0.0201262 0.0175886 0.015164 0.0129 0.0108131 0.00890917
 1.03188e-16 2.72451e-05 0.000159891 0.000760021 0.00292607 0.00912463 0.0230482 0.0471604 0.0781767 0.104998 0.114283 0.100864 0.0723283 0.0424669 0.0210889 0.0101094 0.00660503 0.00711384 0.00950178 0.0127934 0.0165153 0.020296 0.0237513 0.0265125 0.0282964 0.0289642 0.0285447 0.0272114 0.0252262 0.0228694 0.0203804 0.0179254 0.0155946 0.0134209 0.0114068 0.0095476
 1.02313e-16 3.21607e-05 0.000188758 0.00089727 0.00345454 0.0107727 0.0272109 0.055677 0.0922908 0.123944 0.134875 0.118969 0.0851596 0.0496959 0.0241118 0.0106122 0.00568897 0.00521193 0.0066505 0.00889106 0.0114711 0.0141018 0.0165116 0.0184441 0.0197028 0.0201905 0.0199259 0.0190278 0.0176758 0.0160626 0.0143525 0.0126599 0.0110468 0.00953619 0.00813026 0.00682669
 1.02053e-16 2.93471e-05 0.000172232 0.000818688 0.00315195 0.00982903 0.0248274 0.050801 0.0842109 0.113101 0.123098 0.108632 0.0778723 0.0456694 0.0225801 0.0106556 0.00673306 0.00706902 0.00935237 0.0125248 0.0160764 0.0196156 0.0227466 0.0250977 0.0263941 0.0265194 0.0255373 0.0236662 0.021216 0.0185115 0.0158254 0.0133413 0.0111483 0.00926065 0.00764859 0.00626737
 1.02472e-16 2.80407e-05 0.000164563 0.000782227 0.00301157 0.00939125 0.0237217 0.0485384 0.0804608 0.108066 0.11762 0.103805 0.0744295 0.0436843 0.0216629 0.0103327 0.00668045 0.00713889 0.00950762 0.01278 0.016468 0.0201906 0.0235559 0.0261894 0.0278058 0.0282692 0.027617 0.0260369 0.0238088 0.0212332 0.0185685 0.0159964 0.013617 0.0114661 0.0095418 0.00782905
 1.02539e-16 2.96667e-05 0.000174112 0.000827633 0.0031864 0.00993648 0.0250988 0.0513559 0.0851298 0.114332 0.124429 0.109786 0.0786565 0.0460417 0.0226024 0.0103978 0.00621802 0.00627285 0.0082324 0.0110508 0.0142556 0.0175095 0.0204764 0.0228358 0.0243421 0.0248751 0.0244604 0.0232503 0.0214743 0.019379 0.017176 0.0150136 0.0129736 0.011087 0.0093564 0.00777662
pSPR Fmed_Fpbrs
0.430315   0.338136 0.338136
Fs Fmed_Fpbrs
0.68   1.005 1.005
SSBpbr Bo_Bmed_Bpbrs
2.11741e+06  805284  610104 610104
Ro
53514.7
SPR SPRFo_SPRFmed_SPRFpbrs
1.10304e+06 474656 372979
log_Ro
10.7077
likeval ReclasPelacesDesembMPH_pf_preclas_ppelaces_ptallas_desvR_qrecl_qpela
 65.0438 27.0416 0.0172574 0.00272278 291.719 177.346 65.4986 0 14.3122 7.91466e-05 0 0 0 0 0
q_reclas_q_pelaces
0.283466 1
M
0.7
N
 50725.6 15342.7 5771.98 686.625 0.351476
 65592.8 23185.6 4913.56 1848.5 220.007
 39489.4 30384.5 7969.47 1688.91 710.999
 65719.9 17707 8792.09 2306.06 694.442
 113326 32004.5 7929.99 3937.5 1343.76
 81262.4 56066.6 15582.8 3861.06 2571.41
 130487 38923.5 23002.6 6393.2 2639.07
 122891 63355.2 17157.6 10139.6 3981.46
 149503 58397.4 24923.8 6749.76 5555.2
 146789 70685.3 22366.8 9546.05 4712.92
 68185.7 70108.8 28564.6 9038.65 5762.19
 40119.9 31249.3 22771.2 9277.74 4807.29
 42970.5 18493.7 10465.9 7626.48 4717.32
 23669.1 18961.4 4916.03 2782.07 3281.25
 18473.5 9558.85 3154.12 817.753 1008.6
 23013.6 7569.66 1717.01 566.557 328.058
 18951.3 10594.6 2517.8 571.107 297.565
 21113.8 8916.13 3953.41 939.528 324.148
 23619.9 10107.8 3647.72 1617.4 516.988
 45068.7 11367.9 4253.47 1535 898.173
 56924.3 21662.1 4750.16 1777.34 1016.72
 69320.2 27856.4 9954.23 2182.81 1283.93
 102214 33772.2 12503.5 4468.01 1556.06
pred_Ctot
 2916.21 4017.62 1511.45 179.799 0.0920372
 3181.38 5242.19 1110.94 417.941 49.743
 2772.06 9403.92 2466.53 522.714 220.052
 914.89 1257.35 624.317 163.75 49.3115
 303.078 449.699 111.425 55.3262 18.8813
 2075.61 7085.86 1969.4 487.972 324.982
 2092.43 3166.11 1871.08 520.035 214.667
 3816.05 9595.54 2598.63 1535.71 603.017
 5164.29 9749.91 4161.22 1126.93 927.484
 4041.41 9579.56 3031.24 1293.72 638.715
 3798.47 17871.3 7281.35 2304.03 1468.83
 2078.73 7483.49 5453.19 2221.81 1151.24
 3466.16 6404.2 3624.25 2640.98 1633.56
 3216.76 9638.39 2498.9 1414.17 1667.91
 2348.8 4644.61 1532.57 397.343 490.074
 1212.57 1839.26 417.195 137.661 79.7109
 718.8 1925.22 457.528 103.78 54.0727
 547.147 1142.15 506.431 120.353 41.5232
 524.267 1119.85 404.132 179.192 57.2774
 1042.31 1309.11 489.821 176.767 103.432
 596.264 1167.92 256.106 95.8256 54.8165
 944.14 1936.8 692.099 151.766 89.2693
 1697.67 2841.08 1051.85 375.871 130.904
F
 0.0829011 0.43864 0.43864 0.43864 0.43864
 0.0695341 0.367913 0.367913 0.367913 0.367913
 0.102073 0.540079 0.540079 0.540079 0.540079
 0.0195248 0.103308 0.103308 0.103308 0.103308
 0.00372488 0.0197088 0.0197088 0.0197088 0.0197088
 0.0360856 0.190933 0.190933 0.190933 0.190933
 0.02252 0.119156 0.119156 0.119156 0.119156
 0.0440237 0.232935 0.232935 0.232935 0.232935
 0.0490811 0.259694 0.259694 0.259694 0.259694
 0.0389461 0.206068 0.206068 0.206068 0.206068
 0.0802383 0.42455 0.42455 0.42455 0.42455
 0.0744402 0.393872 0.393872 0.393872 0.393872
 0.118109 0.624931 0.624931 0.624931 0.624931
 0.206704 1.0937 1.0937 1.0937 1.0937
 0.192187 1.01689 1.01689 1.01689 1.01689
 0.0757422 0.400761 0.400761 0.400761 0.400761
 0.0540084 0.285765 0.285765 0.285765 0.285765
 0.03662 0.193761 0.193761 0.193761 0.193761
 0.0312923 0.165571 0.165571 0.165571 0.165571
 0.0326243 0.172619 0.172619 0.172619 0.172619
 0.0146597 0.0775661 0.0775661 0.0775661 0.0775661
 0.0190989 0.101055 0.101055 0.101055 0.101055
 0.0233339 0.123463 0.123463 0.123463 0.123463
Np
 36488.1 14984.9 9013.59 2694.4 1178.87
YTP_r0W_actual
 11204.6 68754.2 35131.9 16388 7173.52
YTP_p0W_proyectada
 37633.4 516582 224481 106137 60561.7
 37633.4 156108 136503 52110.1 25301.3
CTP_r0_actual
 1697.67 2841.08 1051.85 375.871 130.904
CTP_p0_proyectada
 4589.44 23915.8 7149.08 2646.8 1360.94
 4589.44 7227.2 4347.24 1299.5 568.569
Wmedp
 8.2 21.6 31.4 40.1 44.5
nmprior
 10.6 11 7 0
nm_flota  nm_reclas  nm_pelaces    nm_pelaL
inf 13.9708 17.159 22.8003
cv_recla  cv_pelaces  cv_mph
0.76511 0.636886 1.47588
 ------------------------------------------------
Talla a la edad & desviaci?n 
 7.2 14.2025 17.0495 18.207 18.6776
 1.08 2.13037 2.55742 2.73105 2.80164
