years
 1997 1998 1999 2000 2001 2002 2003 2004 2005 2006 2007 2008 2009 2010 2011 2012 2013 2014 2015 2016 2017 2018
reclasobs
 0 0 0 370054 412103 1.49427e+06 250295 1.28982e+06 931140 785840 897777 1.04006e+06 184774 17550 25797 100020 73551 82996 120727 218422 84188 347160
reclaspred
 2.7059e+06 690512 1.49598e+06 612781 307853 1.0781e+06 4.23467e+06 3.13442e+06 3.6426e+06 3.26006e+06 4.49634e+06 4.56832e+06 3.31869e+06 2.0799e+06 1.3229e+06 753978 534404 510695 515292 610843 469614 598166
pelacesobs
 0 0 0 0 0 0 0 0 0 2.06254e+06 1.5e+06 0 1.87456e+06 323000 250000 174000 83755 137374 0 501740 490994 745055
pelacespred
 2.37439e+06 868215 520184 486327 219209 432641 1.51062e+06 2.22201e+06 2.20919e+06 2.08173e+06 2.69207e+06 2.74754e+06 2.10298e+06 1.38689e+06 841511 484160 325741 282727 299605 327604 294496 315979
mphobs
 0 0 0 0 0 112323 0 153150 637223 0 255016 313432 73983 77613 109348 50772 17779 17303 59886 28197 0 207744
mphpred
 1.73103e+06 1.49205e+06 891865 836215 374873 319499 2.55329e+06 2.70124e+06 3.5581e+06 2.8803e+06 3.48978e+06 4.56394e+06 3.39421e+06 2.37233e+06 1.44051e+06 822463 490685 434358 432543 539347 468245 375975
desembarqueobs
 350755 77701 442110 56441 14545 235359 269955 359681 431902 328805 639364 411747 362871 311530 167758 66681 60226 58785 57116 73181 50977 67692
desembarquepred
 307498 78621.3 170336 69772.7 35051.6 122384 482152 356291 414638 370812 511357 520081 377761 236815 150624 85843.3 60806.5 58118 58616.2 69537 53451.7 67973.2
Reclutas
 217775 4269.92 719.564 507.791 1375.38 411379 10103.7 412882 82727.2 324038 481428 68872.4 102561 9061.4 3454.51 6972.97 28251.1 19237.6 45576.9 11174.7 13712.9 162498
log_desv_Rt
 2.13963 -1.79223 -3.57294 -3.92151 -2.9251 2.77569 -0.930928 2.77933 1.17172 2.53703 2.93293 0.988425 1.38663 -1.03981 -2.00415 -1.30179 0.0973033 -0.286962 0.575572 -0.830181 -0.625495 1.84684
SSB
 1.73103e+06 1.49205e+06 891865 836215 374873 319499 2.55329e+06 2.70124e+06 3.5581e+06 2.8803e+06 3.48978e+06 4.56394e+06 3.39421e+06 2.37233e+06 1.44051e+06 822463 490685 434358 432543 539347 468245 375975
BT
 7.91207e+06 1.7054e+06 1.02466e+06 954650 433133 1.43603e+06 3.02636e+06 5.90938e+06 4.6691e+06 5.05297e+06 6.85935e+06 5.615e+06 4.43468e+06 2.73952e+06 1.66076e+06 964258 735384 626570 702334 676194 630803 851609
Ftot
 0.110803 0.110803 0.110803 0.110803 0.110803 0.110803 0.110803 0.110803 0.110803 0.110803 0.110803 0.110803 0.110803 0.110803 0.110803 0.110803 0.110803 0.110803 0.110803 0.110803 0.110803 0.110803
BD_Bspro_t
 0.986389 0.916952 0.826025 0.741736 0.667054 0.733482 0.903052 0.843334 0.862239 0.814629 0.835641 0.838708 0.781683 0.743245 0.685096 0.635335 0.607606 0.685581 0.731298 0.791152 0.768664 0.779663
BD_Bspro
 3.27107 2.81946 1.68532 1.58016 0.708383 0.603745 4.82486 5.10443 6.7236 5.4428 6.5945 8.6243 6.41392 4.4829 2.72207 1.55418 0.927229 0.82079 0.817359 1.01918 0.884824 0.710465
BD_Bo
 0.322567 0.278034 0.166194 0.155824 0.0698553 0.0595367 0.475791 0.50336 0.66303 0.536727 0.650299 0.850462 0.632491 0.442069 0.26843 0.153261 0.0914362 0.0809401 0.0806017 0.100504 0.0872546 0.0700606
BD_Brms
 1.55133 1.33715 0.799277 0.749404 0.335956 0.28633 2.28822 2.42081 3.18871 2.58128 3.12749 4.09013 3.04185 2.12605 1.29096 0.737079 0.439745 0.389266 0.387638 0.483355 0.419634 0.336943
S_f
 0.5 1 1 1 1
 0.5 1 1 1 1
 0.5 1 1 1 1
 0.5 1 1 1 1
 0.5 1 1 1 1
 0.5 1 1 1 1
 0.5 1 1 1 1
 0.5 1 1 1 1
 0.5 1 1 1 1
 0.5 1 1 1 1
 0.5 1 1 1 1
 0.5 1 1 1 1
 0.5 1 1 1 1
 0.5 1 1 1 1
 0.5 1 1 1 1
 0.5 1 1 1 1
 0.5 1 1 1 1
 0.5 1 1 1 1
 0.5 1 1 1 1
 0.5 1 1 1 1
 0.5 1 1 1 1
 0.5 1 1 1 1
Scru_reclas
 0.5 1 1 1 1
 0.5 1 1 1 1
 0.5 1 1 1 1
 0.5 1 1 1 1
 0.5 1 1 1 1
 0.5 1 1 1 1
 0.5 1 1 1 1
 0.5 1 1 1 1
 0.5 1 1 1 1
 0.5 1 1 1 1
 0.5 1 1 1 1
 0.5 1 1 1 1
 0.5 1 1 1 1
 0.5 1 1 1 1
 0.5 1 1 1 1
 0.5 1 1 1 1
 0.5 1 1 1 1
 0.5 1 1 1 1
 0.5 1 1 1 1
 0.5 1 1 1 1
 0.5 1 1 1 1
 0.5 1 1 1 1
Scru_pelaces
 0.5 1 1 1 1
 0.5 1 1 1 1
 0.5 1 1 1 1
 0.5 1 1 1 1
 0.5 1 1 1 1
 0.5 1 1 1 1
 0.5 1 1 1 1
 0.5 1 1 1 1
 0.5 1 1 1 1
 0.5 1 1 1 1
 0.5 1 1 1 1
 0.5 1 1 1 1
 0.5 1 1 1 1
 0.5 1 1 1 1
 0.5 1 1 1 1
 0.5 1 1 1 1
 0.5 1 1 1 1
 0.5 1 1 1 1
 0.5 1 1 1 1
 0.5 1 1 1 1
 0.5 1 1 1 1
 0.5 1 1 1 1
pf_obs 
 0.256992 0.487395 0.22802 0.0275931 0
 0.321318 0.546541 0.124235 0.00734118 0.000564706
 0.182869 0.594174 0.210203 0.0122559 0.00049798
 0.330522 0.361315 0.267642 0.0388342 0.00168674
 0.649043 0.306663 0.0425973 0.00169635 0
 0.582887 0.30429 0.105238 0.00758474 0
 0.465427 0.430635 0.0974691 0.00646863 0
 0.296916 0.608066 0.0921331 0.00288517 0
 0.311714 0.524322 0.152257 0.0117073 0
 0.15457 0.633149 0.183074 0.0267441 0.00246327
 0.131901 0.49318 0.331252 0.0422183 0.00144891
 0.196976 0.569456 0.194076 0.0375587 0.00193317
 0.518974 0.381816 0.0799577 0.0180837 0.00116848
 0.0928022 0.601141 0.25162 0.0475244 0.00691264
 0.122501 0.610282 0.24278 0.0234846 0.000952079
 0.383417 0.481906 0.127806 0.00687128 0
 0.0376549 0.599619 0.316969 0.0457579 0
 0.0361596 0.667082 0.258105 0.0386534 0
 0.158088 0.579412 0.248529 0.0139706 0
 0.0477256 0.309471 0.559284 0.082774 0.000745712
 0.0406174 0.521527 0.379366 0.0568643 0.0016247
 0.151134 0.462217 0.34131 0.0453401 0
pf_pred 
 0.786552 0.107453 0.0533595 0.0264975 0.0261381
 0.0185413 0.867391 0.0574236 0.0285157 0.0281289
 0.00684624 0.0372641 0.844793 0.0559276 0.0551689
 0.0106754 0.0138757 0.0365998 0.829733 0.109116
 0.060433 0.0204655 0.0128908 0.0340019 0.872209
 0.974496 0.00298847 0.000490437 0.000308915 0.0217165
 0.0257598 0.962039 0.00142971 0.000234629 0.0105371
 0.697432 0.0156546 0.28332 0.000421048 0.00317228
 0.152898 0.699948 0.00761365 0.137793 0.00174762
 0.536798 0.125704 0.278869 0.00303339 0.055595
 0.533179 0.329173 0.0373551 0.0828705 0.0174224
 0.0986959 0.632809 0.189326 0.021485 0.057684
 0.230317 0.141865 0.440793 0.131878 0.0551464
 0.0354674 0.368218 0.109911 0.341506 0.144898
 0.0284787 0.0685198 0.344728 0.102899 0.455375
 0.111523 0.0506782 0.0590885 0.297279 0.481431
 0.47609 0.107785 0.0237355 0.0276746 0.364715
 0.326228 0.439433 0.0482111 0.0106167 0.175512
 0.563487 0.218161 0.142408 0.0156239 0.0603191
 0.162721 0.608752 0.114214 0.0745549 0.0397585
 0.276908 0.206981 0.375243 0.0704031 0.0704644
 0.850806 0.0658565 0.0238549 0.0432475 0.0162352
pobs_RECLAS
 0 0 0 0 0
 0 0 0 0 0
 0 0 0 0 0
 0 0 0 0 0
 0.835266 0.146461 0.0176864 0.000547809 3.91292e-05
 0.385257 0.428462 0.181853 0.0044286 0
 0.867414 0.0963971 0.0333333 0.00285562 0
 0.441836 0.489002 0.0689373 0.000224442 0
 0.779404 0.147425 0.0564933 0.0165055 0.000172143
 0.814271 0.122319 0.05973 0.00367925 0
 0.40263 0.566651 0.0304383 0.000280538 0
 0.475488 0.404961 0.113038 0.00651328 0
 0.955842 0.0263864 0.0167828 0.000988607 0
 0.975058 0.0227948 0.00214734 0 0
 0.738997 0.206755 0.0527124 0.00153531 0
 0.850938 0.134255 0.0134407 0.00136685 0
 0.542534 0.407297 0.0501686 0 0
 0.764087 0.199537 0.0359546 0.000420521 0
 0.470689 0.182191 0.310203 0.0369168 0
 0.84361 0.089868 0.0606195 0.00523954 0.000663233
 0.607945 0.314616 0.071237 0.00620181 0
 0.523733 0.453247 0.0230204 0 0
ppred_RECLAS
 0.787152 0.107151 0.0532094 0.026423 0.0260646
 0.0186065 0.867333 0.0574198 0.0285138 0.028127
 0.00687062 0.0372631 0.844772 0.0559262 0.0551675
 0.0107132 0.0138752 0.0365983 0.829701 0.109112
 0.0606365 0.0204611 0.012888 0.0339945 0.87202
 0.974585 0.00297806 0.000488729 0.00030784 0.0216409
 0.0258498 0.96195 0.00142957 0.000234607 0.0105361
 0.698186 0.0156156 0.282614 0.000419998 0.00316437
 0.153362 0.699564 0.00760947 0.137718 0.00174666
 0.537687 0.125463 0.278334 0.00302756 0.0554882
 0.53407 0.328545 0.0372838 0.0827124 0.0173891
 0.0990147 0.632585 0.189259 0.0214774 0.0576636
 0.230952 0.141748 0.44043 0.131769 0.0551009
 0.0355901 0.368171 0.109897 0.341463 0.144879
 0.0285778 0.0685128 0.344693 0.102888 0.455328
 0.111879 0.050658 0.0590649 0.29716 0.481239
 0.476983 0.107601 0.0236951 0.0276274 0.364093
 0.327015 0.438919 0.0481548 0.0106043 0.175307
 0.564368 0.217721 0.142121 0.0155924 0.0601975
 0.163209 0.608397 0.114147 0.0745114 0.0397353
 0.277626 0.206775 0.374871 0.0703333 0.0703945
 0.85126 0.0656562 0.0237823 0.0431159 0.0161859
pobs_PELACES
 0 0 0 0 0
 0 0 0 0 0
 0 0 0 0 0
 0 0 0 0 0
 0 0 0 0 0
 0 0 0 0 0
 0 0 0 0 0
 0 0 0 0 0
 0 0 0 0 0
 0 0 0 0 0
 0.450072 0.473896 0.0757376 0.000293798 0
 0 0 0 0 0
 0.463077 0.371075 0.160297 0.00555027 0
 0.529543 0.364841 0.0842815 0.0213345 0
 0.631943 0.363953 0.00410389 0 0
 0.735681 0.248677 0.0153453 0.000297389 0
 0.695825 0.281241 0.0229344 0 0
 0.275771 0.60734 0.115278 0.00161068 0
 0 0 0 0 0
 0.896147 0.0623911 0.0374545 0.00400742 0
 0.803859 0.145111 0.0509908 3.86294e-05 0
 0.739449 0.233085 0.0266225 0.000797448 4.60066e-05
ppred_PELACES
 0.790199 0.105617 0.0524477 0.0260448 0.0256914
 0.0189433 0.867035 0.0574001 0.028504 0.0281173
 0.0069965 0.0372584 0.844665 0.0559191 0.0551605
 0.0109088 0.0138724 0.0365911 0.829537 0.10909
 0.0616863 0.0204382 0.0128736 0.0339565 0.871045
 0.975033 0.00292546 0.000480096 0.000302402 0.0212586
 0.0263142 0.961491 0.00142889 0.000234495 0.0105311
 0.702025 0.015417 0.279019 0.000414656 0.00312412
 0.155751 0.697591 0.007588 0.137329 0.00174173
 0.542229 0.124231 0.2756 0.00299782 0.0549432
 0.538616 0.325339 0.03692 0.0819053 0.0172195
 0.100658 0.631432 0.188914 0.0214382 0.0575585
 0.234215 0.141147 0.438561 0.13121 0.0548671
 0.0362229 0.367929 0.109824 0.341239 0.144784
 0.0290898 0.0684767 0.344511 0.102834 0.455088
 0.113708 0.0505536 0.0589432 0.296548 0.480248
 0.481545 0.106663 0.0234884 0.0273864 0.360917
 0.331051 0.436287 0.047866 0.0105407 0.174255
 0.568857 0.215478 0.140656 0.0154317 0.0595771
 0.165721 0.606571 0.113805 0.0742877 0.039616
 0.281307 0.205721 0.372961 0.0699749 0.0700357
 0.85356 0.0646409 0.0234146 0.0424492 0.0159356
pobs_pel_tallas
 0 0 0 0 0 0 0 0 0 0 0 0 0 0 0 0 0 0 0 0 0 0 0 0 0 0 0 0 0 0 0 0 0 0 0 0
 0 0 0 0 0 0 0 0 0 0 0 0 0 0 0 0 0 0 0 0 0 0 0 0 0 0 0 0 0 0 0 0 0 0 0 0
 0 0 0 0 0 0 0 0 0 0 0 0 0 0 0 0 0 0 0 0 0 0 0 0 0 0 0 0 0 0 0 0 0 0 0 0
 0 0 0 0 0 0 0 0 0 0 0 0 0 0 0 0 0 0 0 0 0 0 0 0 0 0 0 0 0 0 0 0 0 0 0 0
 0 0 0 0 0 0 0 0 0 0 0 0 0 0 0 0 0 0 0 0 0 0 0 0 0 0 0 0 0 0 0 0 0 0 0 0
 0 0 0 0 0 0 0 0 0 0 0 0 0 0 0 0 0 0 0 0 0 0 0 0 0 0 0 0 0 0 0 0 0 0 0 0
 0 0 0 0 0 0 0 0 0 0 0 0 0 0 0 0 0 0 0 0 0 0 0 0 0 0 0 0 0 0 0 0 0 0 0 0
 0 0 0 0 0 0 0 0 0 0 0 0 0 0 0 0 0 0 0 0 0 0 0 0 0 0 0 0 0 0 0 0 0 0 0 0
 0 0 0 0 0 0 0 0 0 0 0 0 0 0 0 0 0 0 0 0 0 0 0 0 0 0 0 0 0 0 0 0 0 0 0 0
 0 0 0 0 0 0 0 0 0 0 0 0 0 0 0 0 0 0 0 0 0 0 0 0 0 0 0 0 0 0 0 0 0 0 0 0
 0 0 0 0 0 0 0 0 1.78061e-05 0.00172719 0.00360574 0.0105946 0.0120993 0.0124554 0.0147524 0.0171206 0.0266825 0.0428682 0.0675386 0.121331 0.153587 0.119568 0.100827 0.0573624 0.0630603 0.0341343 0.0324427 0.0444173 0.0211091 0.0280891 0.0125444 0.00206551 0 0 0 0
 0 0 0 0 0 0 0 0 0 0 0 0 0 0 0 0 0 0 0 0 0 0 0 0 0 0 0 0 0 0 0 0 0 0 0 0
 0 0 0 0 0 0 0.0133647 0.0140871 0.0187388 0.0205184 0.03894 0.0496705 0.03968 0.0493445 0.0407372 0.0367815 0.0215668 0.0243155 0.0234873 0.0199281 0.019796 0.0243948 0.0301388 0.0376714 0.0412746 0.0863199 0.0771752 0.113111 0.0741005 0.0525337 0.0229764 0.00759418 0.00175318 0 0 0
 0 0 0 0 0 0 0 0 0 0 0.00219441 0.00772107 0.0458388 0.0604681 0.0671733 0.0775358 0.0609151 0.0617685 0.073594 0.0568108 0.0755445 0.0548602 0.0670107 0.0636378 0.0643287 0.046367 0.0373049 0.0286899 0.0247887 0.0153202 0.00654259 0.00121912 0.000365735 0 0 0
 0 0 0 0 0 0 0 0 0 0 0 0 0.000112435 0.00938835 0.0111873 0.0202946 0.0414886 0.0713402 0.111592 0.104902 0.108894 0.110636 0.117776 0.105296 0.107544 0.0401394 0.0192827 0.0124803 0.00416011 0.0028671 0.000618394 0 0 0 0 0
 0 0 0 0 0 0 0 0 0 0 0.00291406 0.0102884 0.027416 0.0768956 0.0749926 0.110853 0.0956884 0.0897413 0.0766577 0.0534642 0.0500743 0.0551293 0.0594112 0.0620874 0.0668451 0.0424026 0.0208742 0.0120726 0.0048766 0.00582813 0.00118941 0.000297354 0 0 0 0
 0 0.00264628 0.0354308 0.0461629 0.0458689 0.0383711 0.0214643 0.0164657 0.0346957 0.0420465 0.0363128 0.0245516 0.0311673 0.0291091 0.0169068 0.0133784 0.00837989 0.0085269 0.0148486 0.0160247 0.0276389 0.0546898 0.0760071 0.122758 0.109233 0.0665981 0.0333725 0.0166128 0.00676272 0.00308733 0.000882094 0 0 0 0 0
 0 0 0 0 0 0 0 0.000805153 0.000690131 0.00759144 0.0133425 0.0154129 0.00931677 0.000345066 0.00356568 0.00563607 0.00851162 0.0253048 0.0502646 0.0516448 0.0657925 0.0565908 0.0611916 0.0827007 0.0866115 0.110766 0.145733 0.0935128 0.0569358 0.0249597 0.0138026 0.00621118 0.00161031 0.00115022 0 0
 0 0 0 0 0 0 0 0 0 0 0 0 0 0 0 0 0 0 0 0 0 0 0 0 0 0 0 0 0 0 0 0 0 0 0 0
 0.00147267 0.00158595 0.00478618 0.00569244 0.00954404 0.0108468 0.00647125 0.017049 0.0510054 0.094081 0.124002 0.0959785 0.0687766 0.0820023 0.061753 0.0591476 0.0492212 0.0479892 0.0443925 0.0268479 0.0217502 0.0140895 0.0121071 0.0120363 0.00920419 0.00665534 0.0049561 0.00860946 0.00930331 0.0156896 0.0114698 0.00855282 0.00243557 0.00046729 0 2.83206e-05
 0 0 0 0 0.000772559 0.00158375 0.000888443 0.00281984 0.00712685 0.0440552 0.0773331 0.111326 0.0921469 0.0852325 0.0710754 0.0886704 0.0786465 0.0553345 0.0373146 0.0185414 0.00753245 0.00457741 0.012979 0.0271748 0.0457355 0.0583668 0.034881 0.0177882 0.00938659 0.00492506 0.0015258 0.00185414 0.000309023 5.79419e-05 3.86279e-05 0
 0 0.00173294 0.00326652 0 0.00397197 0.00683976 0.00946217 0.0152591 0.00757587 0.0136028 0.0228656 0.0392903 0.0559909 0.0764795 0.0681675 0.0726916 0.0566044 0.0477403 0.0527397 0.0444891 0.0609904 0.0582453 0.0661739 0.0445044 0.0529084 0.0360697 0.0280645 0.0235558 0.0158879 0.00826598 0.00280645 0.00217768 0.000904811 0.00058276 9.20147e-05 0
ppred_pel_tallas
 1.02875e-16 3.44734e-05 0.00020234 0.000961856 0.00370323 0.0115482 0.0291698 0.0596847 0.0989317 0.132856 0.144556 0.127467 0.0911534 0.0530134 0.0253847 0.010599 0.00486466 0.00373274 0.00449027 0.00597472 0.00775804 0.00963087 0.0114199 0.0129629 0.0141305 0.0148498 0.0151138 0.014973 0.0145118 0.013822 0.0129801 0.0120375 0.0110222 0.0099484 0.00882879 0.00768247
 1.03391e-16 8.73844e-07 5.01179e-06 2.35773e-05 9.03605e-05 0.000281421 0.000711819 0.00146332 0.00245153 0.00337065 0.0038744 0.00390857 0.00386905 0.00441886 0.00618106 0.00959473 0.0149427 0.0223754 0.0318349 0.0429288 0.0548511 0.0664208 0.076256 0.0830504 0.0858746 0.0844014 0.0789834 0.0705473 0.0603526 0.0496932 0.0396397 0.03089 0.0237444 0.0181792 0.0139709 0.0108178
 1.16502e-16 3.21225e-07 1.83893e-06 8.65169e-06 3.31609e-05 0.000103234 0.000260778 0.00053458 0.000890331 0.00120871 0.00134992 0.0012737 0.00109547 0.00101908 0.00122984 0.00185737 0.00301395 0.00484124 0.00752103 0.0112521 0.0162098 0.0224994 0.030108 0.0388635 0.0484094 0.0582064 0.0675674 0.0757285 0.0819478 0.0856159 0.0863557 0.0840878 0.0790479 0.0717456 0.0628807 0.0532309
 1.34126e-16 4.87678e-07 2.8263e-06 1.33679e-05 5.13581e-05 0.00016002 0.000404154 0.00082742 0.0013737 0.00185162 0.00203293 0.00183629 0.00140989 0.00102068 0.000881182 0.00108682 0.00167505 0.00270519 0.00429265 0.0066023 0.00982566 0.0141529 0.0197398 0.0266688 0.0349078 0.044272 0.0544018 0.0647627 0.0746787 0.0833967 0.0901785 0.0944037 0.0956645 0.093829 0.0890674 0.0818221
 1.42057e-16 2.70137e-06 1.58238e-05 7.51619e-05 0.000289285 0.000901994 0.00227831 0.00466205 0.00772943 0.0103854 0.0113145 0.0100116 0.0072362 0.00436735 0.00240143 0.00157028 0.00164908 0.00238716 0.00369721 0.00563986 0.00835395 0.0120036 0.0167428 0.0226849 0.029868 0.0382203 0.0475285 0.0574204 0.0673699 0.0767311 0.0848011 0.0909061 0.0944952 0.0952234 0.0930047 0.0880313
 1.01012e-16 4.25287e-05 0.000249642 0.00118676 0.00456919 0.0142487 0.0359908 0.0736402 0.12206 0.163903 0.178304 0.157148 0.112209 0.0649155 0.0304378 0.0115889 0.00362414 0.00100154 0.000354704 0.000282859 0.00035519 0.000470386 0.000609483 0.000768793 0.000946339 0.00113953 0.0013444 0.00155481 0.00176195 0.00195421 0.00211797 0.0022392 0.0023056 0.00230882 0.00224601 0.00212073
 1.00834e-16 1.19901e-06 6.91226e-06 3.25935e-05 0.000125043 0.000389555 0.000985065 0.00202309 0.00338188 0.00462754 0.00526178 0.00517897 0.0048799 0.00521255 0.00694428 0.010568 0.0163583 0.0244344 0.0346919 0.0466632 0.0594273 0.0716529 0.0817953 0.0884088 0.0904851 0.0877064 0.0805295 0.0700641 0.0577954 0.0452418 0.0336568 0.0238531 0.0161695 0.0105524 0.00669799 0.00419734
 1.04127e-16 3.06255e-05 0.000179757 0.000854506 0.00328993 0.0102594 0.0259142 0.0530229 0.0878879 0.11802 0.128401 0.113193 0.0808827 0.0469148 0.0222359 0.00890532 0.00355181 0.00224014 0.00260741 0.00370482 0.00527004 0.00725309 0.00962473 0.012317 0.0152079 0.0181223 0.020845 0.0231439 0.0248009 0.0256453 0.025583 0.0246138 0.0228341 0.0204204 0.0176012 0.0146205
 1.05136e-16 6.83221e-06 4.00087e-05 0.000189993 0.000731162 0.00227978 0.00575928 0.0117895 0.0195623 0.0263318 0.0288127 0.0257919 0.0192852 0.0129141 0.00936707 0.00940409 0.0125714 0.0181953 0.0257502 0.034727 0.0444267 0.0538989 0.0620448 0.067828 0.0705123 0.0698382 0.0660819 0.0599669 0.0524693 0.04458 0.0371023 0.0305397 0.0250849 0.0206872 0.0171582 0.014271
 1.06623e-16 2.3662e-05 0.000138865 0.00066008 0.00254131 0.00792479 0.0200174 0.0409584 0.067894 0.0911825 0.0992321 0.0875475 0.0627087 0.0366792 0.0179617 0.00820435 0.00486288 0.00494595 0.00664781 0.00920927 0.0123459 0.0158851 0.0196369 0.0233792 0.0268811 0.0299302 0.0323534 0.0340246 0.0348646 0.0348377 0.0339505 0.0322544 0.02985 0.0268849 0.023545 0.0200362
 1.0425e-16 2.3512e-05 0.000137967 0.000655775 0.00252467 0.00787285 0.0198864 0.0406919 0.0674574 0.0906121 0.0986528 0.0871352 0.0626282 0.0370626 0.0189452 0.00997891 0.00769071 0.00912653 0.0124435 0.0167479 0.0215217 0.0262857 0.0305262 0.0337581 0.035626 0.0359845 0.0349253 0.0327391 0.0298297 0.0266097 0.023413 0.020449 0.0178005 0.0154565 0.0133585 0.0114422
 1.06314e-16 4.42771e-06 2.58971e-05 0.000122915 0.000472913 0.00147445 0.00372503 0.00762687 0.0126612 0.0170606 0.0187155 0.0168658 0.012853 0.00907609 0.00735149 0.00826639 0.0116278 0.0170827 0.0243272 0.0329926 0.0424942 0.0519943 0.0604972 0.0670344 0.070876 0.071692 0.0696136 0.0651686 0.0591251 0.0522959 0.0453719 0.0388267 0.0329043 0.0276668 0.0230707 0.0190356
 1.13344e-16 1.02321e-05 6.00177e-05 0.000285226 0.00109802 0.00342393 0.00864865 0.0176974 0.0293397 0.0394159 0.0429279 0.0379506 0.0273532 0.0163459 0.00866196 0.00509346 0.00463757 0.0061053 0.0088119 0.0124981 0.0170646 0.0224011 0.0283253 0.0345792 0.0408505 0.0467988 0.0520813 0.0563736 0.0593896 0.0609049 0.0607819 0.0589959 0.0556526 0.050986 0.0453374 0.0391119
 1.2017e-16 1.60657e-06 9.36078e-06 4.43575e-05 0.000170547 0.000531609 0.00134318 0.0027514 0.00457265 0.00617706 0.00681716 0.00624005 0.00496248 0.00389922 0.00377579 0.0048944 0.00728811 0.0109295 0.0157855 0.0217558 0.0286029 0.035937 0.0432627 0.0500702 0.0559378 0.0606068 0.0640045 0.0662051 0.0673515 0.0675702 0.0669154 0.0653609 0.0628376 0.0592931 0.0547513 0.0493435
 1.29711e-16 1.28364e-06 7.49181e-06 3.55319e-05 0.000136667 0.00042603 0.00107614 0.00220287 0.0036554 0.00492113 0.00538706 0.00482799 0.00362394 0.00245961 0.00185497 0.0019871 0.00283411 0.00437269 0.00665663 0.00979464 0.0139005 0.019052 0.0252629 0.0324621 0.0404796 0.0490378 0.0577525 0.0661472 0.0736846 0.0798173 0.0840519 0.0860168 0.0855207 0.0825852 0.077446 0.0705216
 1.33483e-16 4.97162e-06 2.91478e-05 0.000138496 0.000533122 0.00166237 0.004199 0.0085922 0.0142447 0.0191369 0.0208426 0.0184274 0.013285 0.00794723 0.00423203 0.00253577 0.00239433 0.00327032 0.0048949 0.00723507 0.0103665 0.0143858 0.0193665 0.0253342 0.0322449 0.039964 0.0482468 0.0567295 0.0649372 0.0723161 0.0782905 0.0823372 0.0840645 0.083276 0.0800076 0.0745269
 1.18174e-16 2.10138e-05 0.000123323 0.000586203 0.00225688 0.00703783 0.017777 0.0363741 0.0602945 0.0809752 0.0881206 0.0777371 0.0556655 0.032526 0.0158636 0.00713404 0.00406865 0.00400275 0.00532906 0.00737928 0.00992254 0.0128489 0.0160587 0.0194482 0.0229232 0.0264079 0.0298417 0.0331606 0.0362737 0.0390461 0.0412978 0.042824 0.0434318 0.0429832 0.0414292 0.0388297
 1.09326e-16 1.44654e-05 8.48467e-05 0.000403211 0.0015522 0.00484022 0.0122264 0.0250198 0.0414841 0.0557454 0.0607502 0.0537957 0.0389662 0.0236644 0.0132119 0.00876584 0.00891693 0.0119317 0.0166952 0.0225786 0.0290693 0.0355764 0.0414317 0.0459996 0.0488173 0.0496997 0.0487739 0.0464244 0.0431755 0.0395499 0.0359539 0.0326173 0.0295986 0.0268346 0.0242101 0.0216206
 1.05381e-16 2.48264e-05 0.000145694 0.000692528 0.00266621 0.00831428 0.0210013 0.0429722 0.0712342 0.0956746 0.104137 0.0919126 0.0659177 0.0387208 0.0192639 0.00929842 0.00617054 0.00673942 0.00907804 0.0123183 0.0160505 0.0199554 0.0236949 0.0269328 0.0293937 0.0309147 0.031468 0.0311444 0.0301107 0.0285557 0.0266463 0.0245053 0.0222127 0.0198215 0.0173775 0.0149336
 1.06217e-16 7.26354e-06 4.25487e-05 0.000202085 0.00077775 0.00242508 0.0061262 0.0125396 0.0208032 0.0279909 0.0305987 0.0273209 0.020279 0.0132919 0.00917546 0.0086881 0.0113021 0.0162779 0.0230761 0.0312343 0.0401535 0.0490193 0.0568786 0.0628148 0.0661503 0.0666004 0.0643283 0.0598774 0.0540141 0.0475343 0.0410987 0.0351416 0.0298615 0.0252742 0.0212925 0.0178015
 1.11039e-16 1.2288e-05 7.20821e-05 0.000342568 0.00131878 0.00411235 0.0103876 0.0212559 0.0352397 0.0473431 0.0515642 0.0455919 0.0328742 0.0196699 0.0104625 0.00619825 0.00565822 0.00738545 0.0105091 0.014648 0.0195956 0.0251272 0.0309451 0.0367002 0.0420392 0.0466508 0.0502947 0.0528083 0.0540976 0.0541241 0.0528975 0.0504794 0.0469936 0.0426309 0.037644 0.0323257
 1.02557e-16 3.72344e-05 0.000218554 0.00103895 0.00400007 0.0124739 0.0315079 0.0644683 0.106859 0.143497 0.156122 0.137635 0.0983597 0.057072 0.027079 0.0108749 0.00433888 0.00264581 0.00285915 0.00373798 0.00486005 0.00606299 0.00723834 0.00829004 0.00914174 0.00974919 0.0101051 0.0102329 0.0101723 0.00996402 0.00963725 0.00920609 0.00867326 0.00803835 0.00730673 0.00649498
pSPR Fmed_Fpbrs
0.356306   0.25793 0.25793
Fs Fmed_Fpbrs
0.68   1.005 1.005
SSBpbr Bo_Bmed_Bpbrs
5.36642e+06  1.64377e+06  1.11584e+06 1.11584e+06
Ro
25631.7
SPR SPRFo_SPRFmed_SPRFpbrs
529195 188555 136495
log_Ro
9.97158
likeval ReclasPelacesDesembMPH_pf_preclas_ppelaces_ptallas_desvR_qrecl_qpela
 457.104 47.4644 13942.6 0.00507047 505.252 401.366 117.719 0 127.506 0 0 0 0 0 0
q_reclas_q_pelaces
1 1
M
0.7
N
 217775 15238.6 7567.25 3757.78 3706.81
 4269.92 102315 6773.56 3363.65 3318.02
 719.564 2006.1 45479.3 3010.85 2970.01
 507.791 338.067 891.715 20215.6 2658.5
 1375.38 238.572 150.271 396.368 10167.6
 411379 646.185 106.045 66.7956 4695.67
 10103.7 193275 287.23 47.1372 2116.92
 412882 4746.94 85910.9 127.674 961.926
 82727.2 193981 2110.02 38187.5 484.328
 324038 38867.1 86224.8 937.905 17189.7
 481428 152240 17276.5 38327 8057.72
 68872.4 226186 67670.9 7679.4 20618
 102561 32357.7 100540 30079.8 12578.2
 9061.4 48185.5 14383 44690 18961.5
 3454.51 4257.24 21418.5 6393.28 28293.2
 6972.97 1623 1892.35 9520.54 15418.1
 28251.1 3276.06 721.426 841.151 11085.3
 19237.6 13273 1456.21 320.675 5301.3
 45576.9 9038.26 5899.86 647.287 2498.98
 11174.7 21413 4017.51 2622.49 1398.52
 13712.9 5250.1 9518.12 1785.79 1787.34
 162498 6442.61 2333.67 4230.81 1588.26
pred_Ctot
 8467.86 1156.82 574.458 285.267 281.397
 166.03 7767.14 514.206 255.347 251.883
 27.9792 152.291 3452.5 228.565 225.464
 19.7447 25.6639 67.6934 1534.64 201.816
 53.4798 18.1108 11.4076 30.0898 771.856
 15995.9 49.0543 8.05029 5.0707 356.466
 392.868 14672.2 21.8047 3.57836 160.703
 16054.3 360.358 6521.81 9.6922 73.0234
 3216.73 14725.8 160.179 2898.95 36.7671
 12599.7 2950.54 6545.64 71.1998 1304.93
 18719.6 11557.1 1311.52 2909.54 611.691
 2678 17170.6 5137.14 582.971 1565.19
 3987.94 2456.4 7632.34 2283.47 954.861
 352.339 3657.94 1091.87 3392.58 1439.44
 134.324 323.183 1625.96 485.337 2147.84
 271.134 123.208 143.655 722.739 1170.45
 1098.5 248.697 54.7661 63.8548 841.524
 748.027 1007.6 110.546 24.3436 402.442
 1772.19 686.127 447.88 49.1379 189.706
 434.511 1625.54 304.984 199.083 106.167
 533.205 398.554 722.555 135.566 135.684
 6318.5 489.082 177.158 321.177 120.571
F
 0.0554016 0.110803 0.110803 0.110803 0.110803
 0.0554016 0.110803 0.110803 0.110803 0.110803
 0.0554016 0.110803 0.110803 0.110803 0.110803
 0.0554016 0.110803 0.110803 0.110803 0.110803
 0.0554016 0.110803 0.110803 0.110803 0.110803
 0.0554016 0.110803 0.110803 0.110803 0.110803
 0.0554016 0.110803 0.110803 0.110803 0.110803
 0.0554016 0.110803 0.110803 0.110803 0.110803
 0.0554016 0.110803 0.110803 0.110803 0.110803
 0.0554016 0.110803 0.110803 0.110803 0.110803
 0.0554016 0.110803 0.110803 0.110803 0.110803
 0.0554016 0.110803 0.110803 0.110803 0.110803
 0.0554016 0.110803 0.110803 0.110803 0.110803
 0.0554016 0.110803 0.110803 0.110803 0.110803
 0.0554016 0.110803 0.110803 0.110803 0.110803
 0.0554016 0.110803 0.110803 0.110803 0.110803
 0.0554016 0.110803 0.110803 0.110803 0.110803
 0.0554016 0.110803 0.110803 0.110803 0.110803
 0.0554016 0.110803 0.110803 0.110803 0.110803
 0.0554016 0.110803 0.110803 0.110803 0.110803
 0.0554016 0.110803 0.110803 0.110803 0.110803
 0.0554016 0.110803 0.110803 0.110803 0.110803
Np
 35615.4 10700.4 13877.4 520.55 222.83
YTP_r0W_actual
 37911 8510.02 4942.7 12268.9 4340.54
YTP_p0W_proyectada
 85374.2 795336 43369 20061.9 58302.9
 85374.2 111473 210162 10067.5 4782.45
CTP_r0_actual
 6318.5 489.082 177.158 321.177 120.571
CTP_p0_proyectada
 10411.5 36821.1 1381.18 500.298 1310.18
 10411.5 5160.77 6693.06 251.06 107.471
Wmedp
 8.2 21.6 31.4 40.1 44.5
nmprior
 10.6 11 7 0
nm_flota  nm_reclas  nm_pelaces    nm_pelaL
inf 1.10103 2.67564 2.67564
cv_recla  cv_pelaces  cv_mph
2.08098 0.8813 2.05558
 ------------------------------------------------
Talla a la edad & desviaci?n 
 7.2 14.2025 17.0495 18.207 18.6776
 1.08 2.13037 2.55742 2.73105 2.80164
