years
 1997 1998 1999 2000 2001 2002 2003 2004 2005 2006 2007 2008 2009 2010 2011 2012 2013 2014 2015 2016 2017 2018 2019
reclasobs
 0 0 0 370054 412103 1.49427e+06 250295 1.28982e+06 931140 785840 897777 1.04006e+06 184774 17550 25797 100020 73551 82996 120727 218422 84188 347160 605670
reclaspred
 1.12557e+06 232980 593768 316633 405218 521948 1.08581e+06 840650 1.08559e+06 1.2078e+06 1.13272e+06 774210 449040 206559 136630 134015 158869 221209 238962 317959 508494 501689 797193
pelacesobs
 0 0 0 0 0 0 0 0 0 2.06254e+06 1.5e+06 0 1.87456e+06 323000 250000 174000 83755 137374 0 501740 490994 745055 786931
pelacespred
 655694 231334 203763 221152 241742 240035 556867 539835 621310 718180 586982 415383 238167 88159.2 57851.7 64789.8 80454.9 113165 128964 165207 289916 299796 369016
mphobs
 0 0 0 0 0 112323 0 153150 637223 0 255016 313432 73983 77613 109348 50772 17779 17303 59886 28197 0 207744 136588
mphpred
 794910 428716 375542 342637 301819 464707 650421 872789 857856 1.04982e+06 1.14055e+06 817027 499257 266305 126710 111422 125043 169820 209246 234710 369334 475279 565207
desembarqueobs
 350755 77701 442110 56441 14545 235359 269955 359681 431902 328805 639364 411747 362871 311530 167758 66681 60226 58785 57116 73181 50977 67692 138656
desembarquepred
 350760 77701 442124 56443.2 14545.1 235419 269977 359611 431834 328743 639337 411861 362938 311703 167711 66688.3 60244 58785.2 57110.2 73171.3 50975.1 67682.4 138645
Reclutas
 41966 44270.2 22703.3 26095.6 52795.5 40352.5 80449.4 86465.8 129878 139078 72305.2 40659.3 46840.7 28542.1 19978.6 17034.9 14355.7 15670.4 16448.9 31276.8 44596.4 46028.9 69368.2
log_desv_Rt
 0.0514639 0.104915 -0.562888 -0.423629 0.28103 0.0122571 0.702231 0.774352 1.1812 1.24964 0.5955 0.0198312 0.161355 -0.334017 -0.690737 -0.850131 -1.02125 -0.933621 -0.885137 -0.242521 0.112257 0.143873 0.554032
SSB
 794910 428716 375542 342637 301819 464707 650421 872789 857856 1.04982e+06 1.14055e+06 817027 499257 266305 126710 111422 125043 169820 209246 234710 369334 475279 565207
BT
 2.07508e+06 573817 759065 527667 582828 661495 1.70515e+06 1.63357e+06 1.98715e+06 1.98453e+06 1.8204e+06 1.2365e+06 887889 487000 287374 202206 237766 305274 318490 445732 737393 662829 884382
Ftot
 0.299841 0.320537 0.69193 0.172951 0.0351125 0.429154 0.240473 0.408969 0.381394 0.262776 0.532478 0.502775 0.748628 1.31017 1.10356 0.472969 0.363549 0.256537 0.230964 0.22274 0.0977339 0.131208 0.168753
BD_Bspro_t
 0.957427 0.755407 0.637406 0.432898 0.531591 0.694627 0.629363 0.664902 0.626435 0.622413 0.613093 0.458018 0.347476 0.249465 0.150756 0.158389 0.229054 0.361643 0.470309 0.560459 0.687561 0.786449 0.788398
BD_Bspro
 0.967498 0.521798 0.457079 0.41703 0.367349 0.565602 0.791638 1.06229 1.04411 1.27775 1.38818 0.994418 0.607655 0.324125 0.154221 0.135614 0.152192 0.206691 0.254677 0.285669 0.449523 0.57847 0.687923
BD_Bo
 0.495686 0.267337 0.234179 0.21366 0.188207 0.28978 0.405586 0.54425 0.534938 0.654642 0.71122 0.509478 0.311325 0.166061 0.0790135 0.0694803 0.0779737 0.105896 0.130481 0.146359 0.230308 0.296372 0.352449
BD_Brms
 2.39893 1.29381 1.13334 1.03403 0.910851 1.40242 1.96289 2.63396 2.5889 3.16822 3.44204 2.46568 1.50669 0.803675 0.382396 0.336259 0.377364 0.512495 0.631478 0.708323 1.1146 1.43433 1.70572
S_f
 0.5 1 1 1 1
 0.5 1 1 1 1
 0.5 1 1 1 1
 0.5 1 1 1 1
 0.5 1 1 1 1
 0.5 1 1 1 1
 0.5 1 1 1 1
 0.5 1 1 1 1
 0.5 1 1 1 1
 0.5 1 1 1 1
 0.5 1 1 1 1
 0.5 1 1 1 1
 0.5 1 1 1 1
 0.5 1 1 1 1
 0.5 1 1 1 1
 0.5 1 1 1 1
 0.5 1 1 1 1
 0.5 1 1 1 1
 0.5 1 1 1 1
 0.5 1 1 1 1
 0.5 1 1 1 1
 0.5 1 1 1 1
 0.5 1 1 1 1
Scru_reclas
 0.5 1 1 1 1
 0.5 1 1 1 1
 0.5 1 1 1 1
 0.5 1 1 1 1
 0.5 1 1 1 1
 0.5 1 1 1 1
 0.5 1 1 1 1
 0.5 1 1 1 1
 0.5 1 1 1 1
 0.5 1 1 1 1
 0.5 1 1 1 1
 0.5 1 1 1 1
 0.5 1 1 1 1
 0.5 1 1 1 1
 0.5 1 1 1 1
 0.5 1 1 1 1
 0.5 1 1 1 1
 0.5 1 1 1 1
 0.5 1 1 1 1
 0.5 1 1 1 1
 0.5 1 1 1 1
 0.5 1 1 1 1
 0.5 1 1 1 1
Scru_pelaces
 0.5 1 1 1 1
 0.5 1 1 1 1
 0.5 1 1 1 1
 0.5 1 1 1 1
 0.5 1 1 1 1
 0.5 1 1 1 1
 0.5 1 1 1 1
 0.5 1 1 1 1
 0.5 1 1 1 1
 0.5 1 1 1 1
 0.5 1 1 1 1
 0.5 1 1 1 1
 0.5 1 1 1 1
 0.5 1 1 1 1
 0.5 1 1 1 1
 0.5 1 1 1 1
 0.5 1 1 1 1
 0.5 1 1 1 1
 0.5 1 1 1 1
 0.5 1 1 1 1
 0.5 1 1 1 1
 0.5 1 1 1 1
 0.5 1 1 1 1
pf_obs 
 0.256992 0.487395 0.22802 0.0275931 0
 0.321318 0.546541 0.124235 0.00734118 0.000564706
 0.182869 0.594174 0.210203 0.0122559 0.00049798
 0.330522 0.361315 0.267642 0.0388342 0.00168674
 0.649043 0.306663 0.0425973 0.00169635 0
 0.582887 0.30429 0.105238 0.00758474 0
 0.465427 0.430635 0.0974691 0.00646863 0
 0.296916 0.608066 0.0921331 0.00288517 0
 0.311714 0.524322 0.152257 0.0117073 0
 0.15457 0.633149 0.183074 0.0267441 0.00246327
 0.131901 0.49318 0.331252 0.0422183 0.00144891
 0.196976 0.569456 0.194076 0.0375587 0.00193317
 0.518974 0.381816 0.0799577 0.0180837 0.00116848
 0.0928022 0.601141 0.25162 0.0475244 0.00691264
 0.122501 0.610282 0.24278 0.0234846 0.000952079
 0.383417 0.481906 0.127806 0.00687128 0
 0.0376549 0.599619 0.316969 0.0457579 0
 0.0361596 0.667082 0.258105 0.0386534 0
 0.158088 0.579412 0.248529 0.0139706 0
 0.0477256 0.309471 0.559284 0.082774 0.000745712
 0.0406174 0.521527 0.379366 0.0568643 0.0016247
 0.151134 0.462217 0.34131 0.0453401 0
 0.294876 0.26143 0.354403 0.0886775 0.000613685
pf_pred 
 0.449248 0.38763 0.145762 0.0173556 5.26115e-06
 0.458061 0.346894 0.137276 0.0516204 0.00614823
 0.311459 0.447311 0.15441 0.0611048 0.0257141
 0.472124 0.27806 0.162294 0.0560232 0.0314996
 0.593628 0.265215 0.0743543 0.0433979 0.023404
 0.390097 0.455515 0.10076 0.0282485 0.0253792
 0.607844 0.232085 0.119551 0.0264446 0.0140747
 0.505339 0.38018 0.0677522 0.0349003 0.0118287
 0.583538 0.290324 0.096946 0.0172768 0.0119159
 0.511197 0.370467 0.0824948 0.027547 0.00829505
 0.315685 0.474106 0.159319 0.0354768 0.0154138
 0.298459 0.364181 0.233729 0.0785423 0.0250885
 0.46222 0.267052 0.140539 0.0901971 0.0399916
 0.43642 0.384879 0.0887394 0.0467001 0.0432608
 0.539531 0.322845 0.0939858 0.0216698 0.021968
 0.557902 0.339375 0.072021 0.0209666 0.00973482
 0.463133 0.399182 0.105693 0.0224299 0.00956151
 0.477814 0.343176 0.133101 0.0352418 0.010667
 0.455734 0.360994 0.120444 0.0467143 0.0161126
 0.591136 0.262266 0.0972343 0.0324418 0.0169225
 0.553117 0.337395 0.0702308 0.0260379 0.013219
 0.4463 0.397491 0.117938 0.0245494 0.0137224
 0.512618 0.305049 0.130894 0.0388369 0.0126029
pobs_RECLAS
 0 0 0 0 0
 0 0 0 0 0
 0 0 0 0 0
 0 0 0 0 0
 0.835266 0.146461 0.0176864 0.000547809 3.91292e-05
 0.385257 0.428462 0.181853 0.0044286 0
 0.867414 0.0963971 0.0333333 0.00285562 0
 0.441836 0.489002 0.0689373 0.000224442 0
 0.779404 0.147425 0.0564933 0.0165055 0.000172143
 0.814271 0.122319 0.05973 0.00367925 0
 0.40263 0.566651 0.0304383 0.000280538 0
 0.475488 0.404961 0.113038 0.00651328 0
 0.955842 0.0263864 0.0167828 0.000988607 0
 0.975058 0.0227948 0.00214734 0 0
 0.738997 0.206755 0.0527124 0.00153531 0
 0.850938 0.134255 0.0134407 0.00136685 0
 0.542534 0.407297 0.0501686 0 0
 0.764087 0.199537 0.0359546 0.000420521 0
 0.470689 0.182191 0.310203 0.0369168 0
 0.84361 0.089868 0.0606195 0.00523954 0.000663233
 0.607945 0.314616 0.071237 0.00620181 0
 0.523733 0.453247 0.0230204 0 0
 0.530135 0.295979 0.169645 0.0042399 0
ppred_RECLAS
 0.452068 0.385644 0.145015 0.0172667 5.23421e-06
 0.461135 0.344927 0.136498 0.0513276 0.00611335
 0.318859 0.442504 0.152751 0.060448 0.0254378
 0.473597 0.277284 0.16184 0.0558668 0.0314117
 0.593883 0.26505 0.0743079 0.0433708 0.0233893
 0.394378 0.452318 0.100053 0.0280502 0.025201
 0.609918 0.230858 0.118919 0.0263048 0.0140003
 0.509555 0.37694 0.0671747 0.0346029 0.0117279
 0.58728 0.287715 0.0960749 0.0171216 0.0118088
 0.513618 0.368631 0.0820861 0.0274105 0.00825396
 0.320872 0.470512 0.158111 0.0352079 0.015297
 0.303114 0.361764 0.232178 0.0780212 0.024922
 0.471759 0.262315 0.138046 0.0885972 0.0392823
 0.458088 0.370082 0.0853277 0.0449046 0.0415975
 0.55627 0.311109 0.0905693 0.020882 0.0211695
 0.562929 0.335516 0.0712021 0.0207282 0.00962413
 0.466742 0.396499 0.104983 0.0222791 0.00949724
 0.480164 0.341632 0.132502 0.0350832 0.010619
 0.457794 0.359629 0.119989 0.0465376 0.0160516
 0.593055 0.261034 0.0967778 0.0322895 0.0168431
 0.553888 0.336813 0.0701097 0.025993 0.0131962
 0.447367 0.396724 0.11771 0.0245021 0.0136959
 0.514053 0.30415 0.130508 0.0387225 0.0125658
pobs_PELACES
 0 0 0 0 0
 0 0 0 0 0
 0 0 0 0 0
 0 0 0 0 0
 0 0 0 0 0
 0 0 0 0 0
 0 0 0 0 0
 0 0 0 0 0
 0 0 0 0 0
 0 0 0 0 0
 0.450072 0.473896 0.0757376 0.000293798 0
 0 0 0 0 0
 0.463077 0.371075 0.160297 0.00555027 0
 0.529543 0.364841 0.0842815 0.0213345 0
 0.631943 0.363953 0.00410389 0 0
 0.735681 0.248677 0.0153453 0.000297389 0
 0.695825 0.281241 0.0229344 0 0
 0.275771 0.60734 0.115278 0.00161068 0
 0 0 0 0 0
 0.896147 0.0623911 0.0374545 0.00400742 0
 0.803859 0.145111 0.0509908 3.86294e-05 0
 0.739449 0.233085 0.0266225 0.000797448 4.60066e-05
 0.878498 0.100942 0.0204185 0.000141795 0
ppred_PELACES
 0.46435 0.377001 0.141765 0.0168797 5.11689e-06
 0.474301 0.336499 0.133162 0.0500735 0.00596398
 0.344151 0.426073 0.147079 0.0582035 0.0244932
 0.480716 0.273534 0.159652 0.0551113 0.0309869
 0.595279 0.264138 0.0740523 0.0432216 0.0233089
 0.411411 0.439597 0.0972386 0.0272613 0.0244922
 0.619316 0.225296 0.116054 0.0256711 0.013663
 0.526401 0.363992 0.0648673 0.0334143 0.0113251
 0.602445 0.277143 0.0925447 0.0164925 0.0113749
 0.524442 0.360428 0.0802595 0.0268006 0.00807029
 0.340311 0.457044 0.153585 0.0342001 0.0148591
 0.320919 0.352522 0.226246 0.0760279 0.0242853
 0.50261 0.246995 0.129984 0.0834229 0.0369881
 0.512032 0.333243 0.0768338 0.0404347 0.0374567
 0.600638 0.280001 0.0815133 0.0187941 0.0190527
 0.582027 0.320856 0.068091 0.0198225 0.00920361
 0.481697 0.385379 0.102039 0.0216543 0.00923089
 0.490737 0.334684 0.129807 0.0343697 0.0104031
 0.467267 0.353345 0.117892 0.0457245 0.0157712
 0.601894 0.255365 0.0946758 0.0315882 0.0164772
 0.557869 0.333807 0.069484 0.025761 0.0130785
 0.452725 0.392878 0.116569 0.0242645 0.0135632
 0.521006 0.299799 0.128641 0.0381685 0.012386
pobs_pel_tallas
 0 0 0 0 0 0 0 0 0 0 0 0 0 0 0 0 0 0 0 0 0 0 0 0 0 0 0 0 0 0 0 0 0 0 0 0
 0 0 0 0 0 0 0 0 0 0 0 0 0 0 0 0 0 0 0 0 0 0 0 0 0 0 0 0 0 0 0 0 0 0 0 0
 0 0 0 0 0 0 0 0 0 0 0 0 0 0 0 0 0 0 0 0 0 0 0 0 0 0 0 0 0 0 0 0 0 0 0 0
 0 0 0 0 0 0 0 0 0 0 0 0 0 0 0 0 0 0 0 0 0 0 0 0 0 0 0 0 0 0 0 0 0 0 0 0
 0 0 0 0 0 0 0 0 0 0 0 0 0 0 0 0 0 0 0 0 0 0 0 0 0 0 0 0 0 0 0 0 0 0 0 0
 0 0 0 0 0 0 0 0 0 0 0 0 0 0 0 0 0 0 0 0 0 0 0 0 0 0 0 0 0 0 0 0 0 0 0 0
 0 0 0 0 0 0 0 0 0 0 0 0 0 0 0 0 0 0 0 0 0 0 0 0 0 0 0 0 0 0 0 0 0 0 0 0
 0 0 0 0 0 0 0 0 0 0 0 0 0 0 0 0 0 0 0 0 0 0 0 0 0 0 0 0 0 0 0 0 0 0 0 0
 0 0 0 0 0 0 0 0 0 0 0 0 0 0 0 0 0 0 0 0 0 0 0 0 0 0 0 0 0 0 0 0 0 0 0 0
 0 0 0 0 0 0 0 0 0 0 0 0 0 0 0 0 0 0 0 0 0 0 0 0 0 0 0 0 0 0 0 0 0 0 0 0
 0 0 0 0 0 0 0 0 1.78061e-05 0.00172719 0.00360574 0.0105946 0.0120993 0.0124554 0.0147524 0.0171206 0.0266825 0.0428682 0.0675386 0.121331 0.153587 0.119568 0.100827 0.0573624 0.0630603 0.0341343 0.0324427 0.0444173 0.0211091 0.0280891 0.0125444 0.00206551 0 0 0 0
 0 0 0 0 0 0 0 0 0 0 0 0 0 0 0 0 0 0 0 0 0 0 0 0 0 0 0 0 0 0 0 0 0 0 0 0
 0 0 0 0 0 0 0.0133647 0.0140871 0.0187388 0.0205184 0.03894 0.0496705 0.03968 0.0493445 0.0407372 0.0367815 0.0215668 0.0243155 0.0234873 0.0199281 0.019796 0.0243948 0.0301388 0.0376714 0.0412746 0.0863199 0.0771752 0.113111 0.0741005 0.0525337 0.0229764 0.00759418 0.00175318 0 0 0
 0 0 0 0 0 0 0 0 0 0 0.00219441 0.00772107 0.0458388 0.0604681 0.0671733 0.0775358 0.0609151 0.0617685 0.073594 0.0568108 0.0755445 0.0548602 0.0670107 0.0636378 0.0643287 0.046367 0.0373049 0.0286899 0.0247887 0.0153202 0.00654259 0.00121912 0.000365735 0 0 0
 0 0 0 0 0 0 0 0 0 0 0 0 0.000112435 0.00938835 0.0111873 0.0202946 0.0414886 0.0713402 0.111592 0.104902 0.108894 0.110636 0.117776 0.105296 0.107544 0.0401394 0.0192827 0.0124803 0.00416011 0.0028671 0.000618394 0 0 0 0 0
 0 0 0 0 0 0 0 0 0 0 0.00291406 0.0102884 0.027416 0.0768956 0.0749926 0.110853 0.0956884 0.0897413 0.0766577 0.0534642 0.0500743 0.0551293 0.0594112 0.0620874 0.0668451 0.0424026 0.0208742 0.0120726 0.0048766 0.00582813 0.00118941 0.000297354 0 0 0 0
 0 0.00264628 0.0354308 0.0461629 0.0458689 0.0383711 0.0214643 0.0164657 0.0346957 0.0420465 0.0363128 0.0245516 0.0311673 0.0291091 0.0169068 0.0133784 0.00837989 0.0085269 0.0148486 0.0160247 0.0276389 0.0546898 0.0760071 0.122758 0.109233 0.0665981 0.0333725 0.0166128 0.00676272 0.00308733 0.000882094 0 0 0 0 0
 0 0 0 0 0 0 0 0.000805153 0.000690131 0.00759144 0.0133425 0.0154129 0.00931677 0.000345066 0.00356568 0.00563607 0.00851162 0.0253048 0.0502646 0.0516448 0.0657925 0.0565908 0.0611916 0.0827007 0.0866115 0.110766 0.145733 0.0935128 0.0569358 0.0249597 0.0138026 0.00621118 0.00161031 0.00115022 0 0
 0 0 0 0 0 0 0 0 0 0 0 0 0 0 0 0 0 0 0 0 0 0 0 0 0 0 0 0 0 0 0 0 0 0 0 0
 0.00147267 0.00158595 0.00478618 0.00569244 0.00954404 0.0108468 0.00647125 0.017049 0.0510054 0.094081 0.124002 0.0959785 0.0687766 0.0820023 0.061753 0.0591476 0.0492212 0.0479892 0.0443925 0.0268479 0.0217502 0.0140895 0.0121071 0.0120363 0.00920419 0.00665534 0.0049561 0.00860946 0.00930331 0.0156896 0.0114698 0.00855282 0.00243557 0.00046729 0 2.83206e-05
 0 0 0 0 0.000772559 0.00158375 0.000888443 0.00281984 0.00712685 0.0440552 0.0773331 0.111326 0.0921469 0.0852325 0.0710754 0.0886704 0.0786465 0.0553345 0.0373146 0.0185414 0.00753245 0.00457741 0.012979 0.0271748 0.0457355 0.0583668 0.034881 0.0177882 0.00938659 0.00492506 0.0015258 0.00185414 0.000309023 5.79419e-05 3.86279e-05 0
 0 0.00173294 0.00326652 0 0.00397197 0.00683976 0.00946217 0.0152591 0.00757587 0.0136028 0.0228656 0.0392903 0.0559909 0.0764795 0.0681675 0.0726916 0.0566044 0.0477403 0.0527397 0.0444891 0.0609904 0.0582453 0.0661739 0.0445044 0.0529084 0.0360697 0.0280645 0.0235558 0.0158879 0.00826598 0.00280645 0.00217768 0.000904811 0.00058276 9.20147e-05 0
 0 0 0 0 0 0 0 0 0 0 0 0 0 0 0 0 0 0 0 0 0 0 0 0 0 0 0 0 0 0 0 0 0 0 0 0
ppred_pel_tallas
 1.02716e-16 2.02761e-05 0.000118964 0.000565419 0.00217675 0.00678788 0.0171459 0.0350851 0.0581659 0.0781406 0.0850997 0.0752239 0.0541968 0.0323345 0.0170119 0.00974627 0.00845622 0.0106345 0.0147052 0.0198683 0.0255959 0.0313436 0.0365035 0.0404867 0.0428436 0.0433607 0.0420997 0.0393622 0.0355993 0.0312985 0.0268848 0.0226638 0.0188106 0.015394 0.0124168 0.00985213
 1.04e-16 2.07083e-05 0.000121506 0.000577509 0.00222332 0.0069331 0.0175127 0.0358352 0.0594081 0.0798052 0.0869013 0.0767897 0.0552668 0.0328566 0.0170745 0.00945045 0.00783955 0.00966975 0.0133354 0.0180457 0.0233132 0.0286558 0.0335375 0.0374364 0.0399486 0.0408728 0.0402443 0.0383038 0.0354195 0.0319892 0.0283573 0.0247685 0.0213626 0.0181983 0.0152893 0.0126356
 1.05372e-16 1.50368e-05 8.82005e-05 0.000419155 0.00161358 0.00503165 0.0127099 0.026009 0.0431237 0.0579469 0.0631445 0.0559043 0.0404687 0.0245279 0.0136078 0.00890458 0.0089487 0.0119386 0.0167239 0.0226689 0.0292677 0.0359356 0.0420011 0.0468094 0.0498588 0.0509074 0.0500151 0.0475016 0.0438454 0.0395567 0.0350706 0.0306884 0.0265714 0.0227739 0.0192927 0.0161092
 1.05697e-16 2.09855e-05 0.000123139 0.000585286 0.00225328 0.00702656 0.0177487 0.0363176 0.0602059 0.0808713 0.0880474 0.0777672 0.0558936 0.0330758 0.0169083 0.0089166 0.00690428 0.00825341 0.0113473 0.0154259 0.0200707 0.0248968 0.0294764 0.0333828 0.0362699 0.0379387 0.0383654 0.037681 0.0361143 0.0339225 0.0313325 0.0285118 0.0255685 0.0225708 0.0195729 0.0166326
 1.03712e-16 2.59804e-05 0.000152465 0.000724707 0.0027901 0.00870059 0.0219772 0.0449692 0.0745455 0.100125 0.108987 0.0962102 0.0690355 0.0406231 0.0203396 0.0100266 0.00691218 0.0077059 0.0103731 0.0139688 0.018009 0.0220921 0.0257969 0.0287211 0.0305606 0.0311742 0.0306079 0.0290678 0.0268552 0.0242864 0.0216259 0.0190501 0.0166452 0.0144298 0.0123878 0.0104975
 1.03605e-16 1.79701e-05 0.000105421 0.000501019 0.00192878 0.00601456 0.0151927 0.0310891 0.0515441 0.0692543 0.0754466 0.0667495 0.0482184 0.0290226 0.0157344 0.0097431 0.00924722 0.0120534 0.0167625 0.0226181 0.0290534 0.0354436 0.0410866 0.0453117 0.0476221 0.0478076 0.0459857 0.0425539 0.0380768 0.0331455 0.0282574 0.0237474 0.0197784 0.0163763 0.013486 0.0110238
 1.03242e-16 2.70271e-05 0.000158613 0.000753944 0.00290268 0.00905168 0.0228639 0.0467833 0.0775513 0.104158 0.113366 0.10005 0.0717337 0.0420967 0.0208667 0.00994082 0.00641754 0.00686382 0.00916796 0.0123729 0.0160248 0.0197738 0.0232568 0.0261199 0.0280832 0.0289966 0.0288629 0.0278198 0.0260905 0.0239222 0.021533 0.0190835 0.0166736 0.0143569 0.0121628 0.0101133
 1.02717e-16 2.29811e-05 0.000134847 0.00064093 0.0024675 0.00769455 0.0194361 0.0397708 0.0659319 0.088567 0.0964372 0.0852043 0.0612969 0.0363885 0.0188099 0.0102454 0.00829697 0.0100897 0.01382 0.0185911 0.0238483 0.0290526 0.0336189 0.0369935 0.0387701 0.0387826 0.0371388 0.0341794 0.0303827 0.026247 0.0221889 0.0184859 0.0152689 0.0125513 0.0102774 0.00836738
 1.02503e-16 2.62935e-05 0.000154301 0.000733436 0.0028237 0.00880537 0.0222418 0.0455109 0.0754437 0.101332 0.110304 0.0973776 0.0698849 0.0411465 0.0206451 0.0102486 0.00715484 0.00803551 0.0108293 0.0145723 0.0187612 0.0229698 0.0267493 0.0296698 0.0314062 0.0318072 0.0309232 0.0289792 0.0263071 0.0232617 0.0201478 0.0171789 0.0144711 0.0120623 0.00994436 0.00809128
 1.02555e-16 2.28955e-05 0.000134345 0.000638543 0.00245831 0.0076659 0.0193637 0.0396227 0.0656863 0.088237 0.0960777 0.0848862 0.061067 0.0362501 0.0187351 0.0102002 0.00825687 0.010042 0.0137611 0.0185233 0.0237799 0.0289972 0.0335945 0.0370196 0.0388642 0.0389553 0.0373899 0.0344961 0.0307403 0.026612 0.0225249 0.0187598 0.0154562 0.0126398 0.0102682 0.00827275
 1.04199e-16 1.48706e-05 8.72223e-05 0.000414498 0.00159564 0.00497568 0.0125686 0.0257201 0.0426458 0.0573077 0.0624562 0.0553144 0.0400839 0.0243789 0.0136761 0.00917309 0.00942994 0.012673 0.0177609 0.0240452 0.0309863 0.037951 0.0442117 0.0490617 0.051964 0.0526676 0.0512531 0.0480883 0.0437171 0.0387211 0.0336 0.0287046 0.0242257 0.0202274 0.0166986 0.0135999
 1.07074e-16 1.40209e-05 8.2243e-05 0.000390846 0.00150461 0.00469184 0.0118515 0.0242522 0.0402098 0.0540284 0.0588669 0.0520991 0.0376752 0.0227584 0.0124915 0.00798156 0.00785418 0.0104365 0.0146801 0.0200386 0.0261077 0.0324233 0.0384384 0.0435985 0.0474486 0.0497199 0.0503672 0.0495446 0.0475354 0.0446641 0.0412238 0.0374381 0.033461 0.0293989 0.0253416 0.0213814
 1.06521e-16 2.19389e-05 0.000128739 0.000611917 0.00235583 0.00734636 0.0185565 0.0379701 0.0629441 0.0845457 0.0920379 0.0812684 0.0583589 0.034432 0.0174119 0.00887468 0.00650484 0.00755097 0.0103197 0.0140307 0.0182815 0.0227244 0.0269797 0.0306691 0.0334856 0.0352516 0.0359421 0.0356649 0.0346093 0.0329833 0.0309638 0.0286735 0.0261851 0.023543 0.0207896 0.0179823
 1.04339e-16 2.23532e-05 0.000131164 0.000623426 0.00240011 0.00748443 0.0189053 0.0386845 0.0641306 0.0861457 0.0937967 0.0828617 0.0595907 0.035334 0.0181892 0.0097889 0.0077964 0.00941557 0.0129005 0.0173974 0.0223966 0.0274125 0.0319168 0.0354051 0.0375007 0.0380378 0.037091 0.0349399 0.031984 0.0286395 0.0252513 0.0220458 0.019127 0.0165065 0.0141467 0.0120001
 1.02785e-16 2.62148e-05 0.000153839 0.000731238 0.00281524 0.00877899 0.0221752 0.0453745 0.0752177 0.101029 0.109974 0.0970885 0.0696809 0.0410335 0.0206013 0.0102477 0.00717969 0.00807894 0.0108893 0.0146472 0.018847 0.0230593 0.0268322 0.0297349 0.0314439 0.0318129 0.0308997 0.028938 0.0262674 0.0232472 0.0201824 0.0172822 0.0146538 0.012325 0.0102767 0.00847464
 1.02183e-16 2.54049e-05 0.00014908 0.000708607 0.00272809 0.0085072 0.0214887 0.0439703 0.0728913 0.0979082 0.106589 0.0941266 0.0676137 0.0399336 0.0202661 0.0104365 0.00775725 0.00902363 0.012239 0.0164436 0.0210963 0.0257092 0.0297627 0.0327652 0.0343547 0.03438 0.032931 0.0303043 0.0269197 0.023217 0.0195673 0.0162221 0.0133046 0.0108355 0.00877301 0.00705177
 1.0275e-16 2.10327e-05 0.000123406 0.000586534 0.00225805 0.0070414 0.0177863 0.0363954 0.0603379 0.0810576 0.088274 0.0780239 0.056201 0.0335038 0.0175776 0.00999002 0.00857405 0.0107202 0.0147853 0.0199337 0.0256157 0.0312702 0.0362772 0.0400432 0.0421257 0.0423311 0.0407528 0.0377308 0.0337544 0.0293413 0.0249322 0.020831 0.0171948 0.0140622 0.0114 0.00914622
 1.03619e-16 2.14249e-05 0.000125713 0.000597511 0.00230033 0.00717327 0.0181193 0.0370764 0.0614653 0.0825673 0.0899054 0.0794356 0.0571522 0.0339395 0.0175671 0.00961055 0.00784263 0.00959526 0.0132034 0.0178503 0.0230397 0.0282873 0.0330577 0.036831 0.0392073 0.0399903 0.0392221 0.0371513 0.034155 0.0306397 0.0269577 0.0233592 0.0199861 0.0168953 0.0140951 0.0115766
 1.04097e-16 2.04022e-05 0.000119707 0.000568956 0.00219038 0.00683039 0.0172533 0.0353046 0.0585289 0.078626 0.0856221 0.0756709 0.0544865 0.0324428 0.0169508 0.0095262 0.00806358 0.0100331 0.0138504 0.0187244 0.0241523 0.0296281 0.0345898 0.0384937 0.0409246 0.0416853 0.0408307 0.0386329 0.0354968 0.0318536 0.0280717 0.024406 0.020993 0.0178773 0.0150527 0.0124982
 1.03283e-16 2.62685e-05 0.000154157 0.000732754 0.00282108 0.00879722 0.0222212 0.0454685 0.0753729 0.101235 0.110193 0.0972691 0.0697826 0.0410372 0.0205 0.010029 0.00681776 0.00753769 0.0101333 0.0136556 0.0176268 0.0216558 0.0253327 0.0282626 0.0301425 0.030824 0.0303385 0.0288731 0.0267101 0.0241522 0.0214588 0.0188109 0.0163077 0.0139857 0.0118475 0.00988664
 1.02592e-16 2.4352e-05 0.000142898 0.000679212 0.0026149 0.00815425 0.0205972 0.0421463 0.0698684 0.0938503 0.102178 0.0902466 0.0648602 0.0383751 0.0196004 0.0102981 0.0079047 0.00935781 0.0127459 0.0171401 0.0220003 0.0268254 0.0310776 0.0342468 0.0359571 0.0360508 0.0346201 0.03197 0.0285326 0.02476 0.0210318 0.0176034 0.0145984 0.0120352 0.00986999 0.00803648
 1.03251e-16 1.97697e-05 0.00011599 0.000551278 0.0021223 0.00661808 0.0167171 0.0342077 0.0567119 0.0761896 0.0829805 0.0733641 0.0528859 0.0316107 0.016737 0.00975425 0.00864211 0.0109614 0.0151734 0.0204854 0.0263582 0.0322272 0.0374626 0.0414585 0.0437593 0.0441595 0.0427424 0.0398404 0.0359378 0.0315485 0.0271119 0.0229327 0.0191716 0.0158742 0.0130169 0.0105498
 1.03815e-16 2.27433e-05 0.000133456 0.000634333 0.00244212 0.00761542 0.0192362 0.0393612 0.0652513 0.0876481 0.0954244 0.0842802 0.0605687 0.0358296 0.0182907 0.00959974 0.00736796 0.00874583 0.0119648 0.0161812 0.0209193 0.0257408 0.0301672 0.0337318 0.0360718 0.0370024 0.0365479 0.0349145 0.0324222 0.0294185 0.0262055 0.0229998 0.0199276 0.0170455 0.0143722 0.011915
pSPR Fmed_Fpbrs
0.354986   0.256628 0.256628
Fs Fmed_Fpbrs
0.68   1.005 1.005
SSBpbr Bo_Bmed_Bpbrs
1.60366e+06  489093  331359 331359
Ro
39860.9
SPR SPRFo_SPRFmed_SPRFpbrs
821613 291661 210849
log_Ro
10.4132
likeval ReclasPelacesDesembMPH_pf_preclas_ppelaces_ptallas_desvR_qrecl_qpela
 106.419 77.817 0.00413534 0.00159395 316.15 185.714 67.723 0 13.0948 0 0 0 0 0 0
q_reclas_q_pelaces
1 1
M
0.7
N
 41966 19293.3 7254.91 863.831 0.26186
 44270.2 17938.3 7098.72 2669.36 317.932
 22703.3 18728.4 6465 2558.39 1076.62
 26095.6 7976.85 4655.79 1607.17 903.646
 52795.5 11885.2 3332.07 1944.81 1048.81
 40352.5 25761.2 5698.37 1597.56 1435.29
 80449.4 16168.7 8328.77 1842.32 980.542
 86465.8 35424.1 6312.95 3251.91 1102.17
 129878 34997.1 11686.4 2082.64 1436.4
 139078 53298 11868.3 3963.11 1193.39
 72305.2 60560.7 20350.8 4531.69 1968.91
 40659.3 27513 17657.6 5933.68 1895.37
 46840.7 15702.8 8263.78 5303.64 2351.53
 28542.1 15997.6 3688.47 1941.1 1798.14
 19978.6 7361.72 2143.12 494.128 500.929
 17034.9 5713.76 1212.55 352.996 163.897
 14355.7 6677.75 1768.1 375.221 159.951
 15670.4 5943.92 2305.35 610.4 184.756
 16448.9 6844.92 2283.78 885.764 305.516
 31276.8 7277.43 2698.09 900.206 469.571
 44596.4 13894.7 2892.26 1072.3 544.389
 46028.9 21089.7 6257.44 1302.52 728.072
 69368.2 21405.9 9185.06 2725.26 884.37
pred_Ctot
 4238.34 3657.01 1375.16 163.738 0.0496352
 4758.44 3603.62 1426.06 536.245 63.8692
 4870.93 6995.53 2414.84 955.621 402.145
 1562.48 920.234 537.107 185.408 104.247
 661.44 295.512 82.8481 48.3554 26.0775
 5673.98 6625.5 1465.56 410.876 369.141
 6600.16 2520.05 1298.12 287.144 152.827
 11636 8754.07 1560.07 803.618 272.37
 16395.7 8157.22 2723.89 485.427 334.802
 12408.4 8992.45 2002.42 668.657 201.348
 12342.1 18535.8 6228.77 1387.01 602.623
 6594.32 8046.4 5164.13 1735.35 554.318
 10746.4 6208.83 3267.46 2097.04 929.785
 10239.2 9029.93 2081.98 1095.67 1014.97
 6287.88 3762.55 1095.34 252.547 256.023
 2615.43 1590.98 337.633 98.2908 45.6366
 1734.05 1494.6 395.734 83.9813 35.7999
 1366.75 981.625 380.723 100.806 30.5121
 1298.79 1028.79 343.253 133.131 45.9192
 2385.9 1058.54 392.449 130.939 68.3013
 1533.92 935.67 194.765 72.2087 36.6593
 2109.93 1879.18 557.564 116.06 64.8742
 4056.33 2413.85 1035.76 307.315 99.7266
F
 0.149921 0.299841 0.299841 0.299841 0.299841
 0.160268 0.320537 0.320537 0.320537 0.320537
 0.345965 0.69193 0.69193 0.69193 0.69193
 0.0864754 0.172951 0.172951 0.172951 0.172951
 0.0175562 0.0351125 0.0351125 0.0351125 0.0351125
 0.214577 0.429154 0.429154 0.429154 0.429154
 0.120237 0.240473 0.240473 0.240473 0.240473
 0.204485 0.408969 0.408969 0.408969 0.408969
 0.190697 0.381394 0.381394 0.381394 0.381394
 0.131388 0.262776 0.262776 0.262776 0.262776
 0.266239 0.532478 0.532478 0.532478 0.532478
 0.251388 0.502775 0.502775 0.502775 0.502775
 0.374314 0.748628 0.748628 0.748628 0.748628
 0.655086 1.31017 1.31017 1.31017 1.31017
 0.551782 1.10356 1.10356 1.10356 1.10356
 0.236485 0.472969 0.472969 0.472969 0.472969
 0.181775 0.363549 0.363549 0.363549 0.363549
 0.128268 0.256537 0.256537 0.256537 0.256537
 0.115482 0.230964 0.230964 0.230964 0.230964
 0.11137 0.22274 0.22274 0.22274 0.22274
 0.0488669 0.0977339 0.0977339 0.0977339 0.0977339
 0.0656042 0.131208 0.131208 0.131208 0.131208
 0.0843765 0.168753 0.168753 0.168753 0.168753
Np
 30757.1 9240.74 5754.9 1632.17 827.654
YTP_r0W_actual
 26771.8 58415.1 34594.3 13398.9 5465.02
YTP_p0W_proyectada
 73728.3 329822 135983 74515.6 34827
 73728.3 96266.7 87153.2 31566.5 17763.3
CTP_r0_actual
 4056.33 2413.85 1035.76 307.315 99.7266
CTP_p0_proyectada
 8991.26 15269.5 4330.66 1858.24 782.63
 8991.26 4456.79 2775.58 787.194 399.176
Wmedp
 8.2 21.6 31.4 40.1 44.5
nmprior
 10.6 11 7 0
nm_flota  nm_reclas  nm_pelaces    nm_pelaL
inf 13.7166 13.4412 17.4293
cv_recla  cv_pelaces  cv_mph
0.978659 1.0804 1.12923
 ------------------------------------------------
Talla a la edad & desviaci?n 
 7.2 14.2025 17.0495 18.207 18.6776
 1.08 2.13037 2.55742 2.73105 2.80164
