years
 1997 1998 1999 2000 2001 2002 2003 2004 2005 2006 2007 2008 2009 2010 2011 2012 2013 2014 2015 2016 2017 2018 2019 2020 2021
reclasobs
 0 0 0 370054 412103 1.49427e+06 250295 1.28982e+06 931140 785840 897777 1.04006e+06 184774 17550 25797 100020 73551 82996 120727 218422 84188 347160 605670 569463 516374
reclaspred
 1.12307e+06 233157 595937 318488 407251 524622 1.09154e+06 844338 1.08857e+06 1.20883e+06 1.13264e+06 774177 449087 206600 136705 134168 159174 221745 239498 317154 502389 497251 816208 959498 1.18913e+06
pelacesobs
 0 0 0 0 0 0 0 0 0 2.06254e+06 1.5e+06 0 1.87456e+06 323000 250000 174000 83755 137374 0 501740 490994 745055 786931 1.00524e+06 1.33801e+06
pelacespred
 655535 231300 204727 222502 243013 241458 559756 542620 623141 718952 587011 415400 238189 88179.3 57891.9 64873 80622.6 113459 129288 164829 286407 296356 376787 511714 614395
mphobs
 0 0 0 0 0 112323 0 153150 637223 0 255016 313432 73983 77613 109348 50772 17779 17303 59886 28197 0 207744 136588 643089 65757
mphpred
 792907 428492 376452 344518 303620 466831 654013 877037 861033 1.05162e+06 1.14064e+06 816937 499329 266326 126759 111519 125245 170210 209774 234840 366454 468290 568895 765215 1.00161e+06
desembarqueobs
 350755 77701 442110 56441 14545 235359 269955 359681 431902 328805 639364 411747 362871 311530 167758 66681 60226 58785 57116 73181 50977 67692 138656 160484 209506
desembarquepred
 350760 77701.3 442128 56443.3 14545.1 235420 269978 359614 431836 328745 639343 411864 362943 311707 167712 66688.6 60244.2 58785.4 57110.4 73171.6 50975.2 67683 138647 160479 209498
Reclutas
 42150.9 44400.4 22837.4 26237.2 52929.4 40539.2 80680.3 86611.1 129840 138856 72310.8 40711 46826.5 28548.2 19986.8 17058.6 14383 15701.8 16448.5 30958 43610 47343 75644.7 87038 38183.6
log_desv_Rt
 0.0216391 0.0736332 -0.591218 -0.452439 0.249343 -0.0173462 0.670878 0.741812 1.14668 1.21382 0.561357 -0.0131171 0.126832 -0.368021 -0.724542 -0.882962 -1.05357 -0.965843 -0.919379 -0.286986 0.0556696 0.137803 0.606432 0.746729 -0.0772106
SSB
 792907 428492 376452 344518 303620 466831 654013 877037 861033 1.05162e+06 1.14064e+06 816937 499329 266326 126759 111519 125245 170210 209774 234840 366454 468290 568895 765215 1.00161e+06
BT
 2.07785e+06 573738 761746 530494 585462 664339 1.71192e+06 1.63936e+06 1.99048e+06 1.98538e+06 1.82055e+06 1.23671e+06 887894 487043 287475 202405 238161 305924 319082 444135 727166 658369 909480 1.24119e+06 1.39668e+06
Ftot
 0.3005 0.320301 0.689591 0.171954 0.0349375 0.427044 0.239228 0.407231 0.380373 0.262556 0.532518 0.502802 0.748562 1.30997 1.10303 0.472453 0.362871 0.255927 0.230455 0.223294 0.0989144 0.132375 0.164876 0.162399 0.170852
BD_Bspro_t
 0.957365 0.7553 0.637925 0.434117 0.53287 0.695464 0.630569 0.665963 0.627299 0.622852 0.613186 0.458078 0.347577 0.249517 0.150815 0.158507 0.229344 0.362171 0.470928 0.560561 0.685923 0.784207 0.789741 0.786288 0.781509
BD_Bspro
 0.934912 0.505233 0.443872 0.406219 0.357996 0.550437 0.771143 1.03411 1.01524 1.23996 1.34492 0.963245 0.588756 0.314024 0.149461 0.131491 0.147676 0.200694 0.247344 0.276898 0.432084 0.552158 0.670781 0.902261 1.18099
BD_Bo
 0.462415 0.249893 0.219543 0.20092 0.177068 0.272251 0.381414 0.51148 0.502146 0.613297 0.665209 0.47643 0.291204 0.155319 0.0739249 0.0650366 0.0730419 0.0992648 0.122338 0.136956 0.213712 0.273102 0.331774 0.446266 0.584128
BD_Brms
 2.25004 1.21594 1.06826 0.977642 0.861584 1.32473 1.8559 2.48878 2.44336 2.9842 3.2368 2.31823 1.41695 0.755756 0.359706 0.316457 0.35541 0.483006 0.595278 0.666407 1.03989 1.32887 1.61436 2.17146 2.84227
S_f
 0.5 1 1 1 1
 0.5 1 1 1 1
 0.5 1 1 1 1
 0.5 1 1 1 1
 0.5 1 1 1 1
 0.5 1 1 1 1
 0.5 1 1 1 1
 0.5 1 1 1 1
 0.5 1 1 1 1
 0.5 1 1 1 1
 0.5 1 1 1 1
 0.5 1 1 1 1
 0.5 1 1 1 1
 0.5 1 1 1 1
 0.5 1 1 1 1
 0.5 1 1 1 1
 0.5 1 1 1 1
 0.5 1 1 1 1
 0.5 1 1 1 1
 0.5 1 1 1 1
 0.5 1 1 1 1
 0.5 1 1 1 1
 0.5 1 1 1 1
 0.5 1 1 1 1
 0.5 1 1 1 1
Scru_reclas
 0.5 1 1 1 1
 0.5 1 1 1 1
 0.5 1 1 1 1
 0.5 1 1 1 1
 0.5 1 1 1 1
 0.5 1 1 1 1
 0.5 1 1 1 1
 0.5 1 1 1 1
 0.5 1 1 1 1
 0.5 1 1 1 1
 0.5 1 1 1 1
 0.5 1 1 1 1
 0.5 1 1 1 1
 0.5 1 1 1 1
 0.5 1 1 1 1
 0.5 1 1 1 1
 0.5 1 1 1 1
 0.5 1 1 1 1
 0.5 1 1 1 1
 0.5 1 1 1 1
 0.5 1 1 1 1
 0.5 1 1 1 1
 0.5 1 1 1 1
 0.5 1 1 1 1
 0.5 1 1 1 1
Scru_pelaces
 0.5 1 1 1 1
 0.5 1 1 1 1
 0.5 1 1 1 1
 0.5 1 1 1 1
 0.5 1 1 1 1
 0.5 1 1 1 1
 0.5 1 1 1 1
 0.5 1 1 1 1
 0.5 1 1 1 1
 0.5 1 1 1 1
 0.5 1 1 1 1
 0.5 1 1 1 1
 0.5 1 1 1 1
 0.5 1 1 1 1
 0.5 1 1 1 1
 0.5 1 1 1 1
 0.5 1 1 1 1
 0.5 1 1 1 1
 0.5 1 1 1 1
 0.5 1 1 1 1
 0.5 1 1 1 1
 0.5 1 1 1 1
 0.5 1 1 1 1
 0.5 1 1 1 1
 0.5 1 1 1 1
pf_obs 
 0.256992 0.487395 0.22802 0.0275931 0
 0.321318 0.546541 0.124235 0.00734118 0.000564706
 0.182869 0.594174 0.210203 0.0122559 0.00049798
 0.330522 0.361315 0.267642 0.0388342 0.00168674
 0.649043 0.306663 0.0425973 0.00169635 0
 0.582887 0.30429 0.105238 0.00758474 0
 0.465427 0.430635 0.0974691 0.00646863 0
 0.296916 0.608066 0.0921331 0.00288517 0
 0.311714 0.524322 0.152257 0.0117073 0
 0.15457 0.633149 0.183074 0.0267441 0.00246327
 0.131901 0.49318 0.331252 0.0422183 0.00144891
 0.196976 0.569456 0.194076 0.0375587 0.00193317
 0.518974 0.381816 0.0799577 0.0180837 0.00116848
 0.0928022 0.601141 0.25162 0.0475244 0.00691264
 0.122501 0.610282 0.24278 0.0234846 0.000952079
 0.383417 0.481906 0.127806 0.00687128 0
 0.0376549 0.599619 0.316969 0.0457579 0
 0.0361596 0.667082 0.258105 0.0386534 0
 0.158088 0.579412 0.248529 0.0139706 0
 0.0477256 0.309471 0.559284 0.082774 0.000745712
 0.0406174 0.521527 0.379366 0.0568643 0.0016247
 0.151134 0.462217 0.34131 0.0453401 0
 0.294876 0.26143 0.354403 0.0886775 0.000613685
 0.281977 0.475581 0.204845 0.0348837 0.00271318
 0.0841818 0.532909 0.334909 0.0458182 0.00218182
pf_pred 
 0.451326 0.386288 0.145115 0.0172659 5.44465e-06
 0.458534 0.347661 0.136446 0.051258 0.00610065
 0.312115 0.447173 0.154555 0.0606578 0.0254992
 0.471932 0.278465 0.162259 0.0560813 0.0312626
 0.592716 0.265713 0.0746541 0.0435004 0.0234162
 0.390243 0.454965 0.100987 0.0283731 0.0254323
 0.607111 0.232516 0.119661 0.0265607 0.0141514
 0.504602 0.380443 0.0680319 0.0350115 0.0119119
 0.582541 0.290712 0.097336 0.0174059 0.0120053
 0.510465 0.370625 0.0828073 0.0277255 0.00837758
 0.315826 0.473572 0.159446 0.0356244 0.0155318
 0.298782 0.36413 0.233326 0.0785579 0.0252043
 0.462023 0.267358 0.140528 0.0900467 0.0400446
 0.436469 0.384747 0.0888504 0.0467012 0.0432329
 0.539544 0.322848 0.0939505 0.0216962 0.0219608
 0.558045 0.339256 0.0720078 0.0209546 0.00973722
 0.46319 0.399182 0.105646 0.0224236 0.00955763
 0.477724 0.343238 0.133136 0.0352353 0.0106664
 0.455086 0.361358 0.120632 0.0467909 0.0161323
 0.588389 0.263766 0.0980431 0.0327297 0.0170722
 0.549569 0.339139 0.0713175 0.0265091 0.0134655
 0.458037 0.387523 0.116282 0.0244528 0.0137062
 0.531534 0.298412 0.121595 0.0364863 0.0119734
 0.47843 0.367168 0.0983534 0.0400764 0.0159718
 0.246371 0.495636 0.181618 0.0486501 0.027724
pobs_RECLAS
 0 0 0 0 0
 0 0 0 0 0
 0 0 0 0 0
 0 0 0 0 0
 0.835266 0.146461 0.0176864 0.000547809 3.91292e-05
 0.385257 0.428462 0.181853 0.0044286 0
 0.867414 0.0963971 0.0333333 0.00285562 0
 0.441836 0.489002 0.0689373 0.000224442 0
 0.779404 0.147425 0.0564933 0.0165055 0.000172143
 0.814271 0.122319 0.05973 0.00367925 0
 0.40263 0.566651 0.0304383 0.000280538 0
 0.475488 0.404961 0.113038 0.00651328 0
 0.955842 0.0263864 0.0167828 0.000988607 0
 0.975058 0.0227948 0.00214734 0 0
 0.738997 0.206755 0.0527124 0.00153531 0
 0.850938 0.134255 0.0134407 0.00136685 0
 0.542534 0.407297 0.0501686 0 0
 0.764087 0.199537 0.0359546 0.000420521 0
 0.470689 0.182191 0.310203 0.0369168 0
 0.84361 0.089868 0.0606195 0.00523954 0.000663233
 0.607945 0.314616 0.071237 0.00620181 0
 0.523733 0.453247 0.0230204 0 0
 0.530135 0.295979 0.169645 0.0042399 0
 0.562478 0.366248 0.0663022 0.0049721 0
 0.250443 0.683176 0.0655157 0.000865301 0
ppred_RECLAS
 0.454156 0.384295 0.144367 0.0171769 5.41656e-06
 0.461606 0.345689 0.135672 0.0509672 0.00606604
 0.319488 0.44238 0.152899 0.0600077 0.0252259
 0.473396 0.277693 0.16181 0.0559258 0.0311759
 0.592969 0.265548 0.0746077 0.0434734 0.0234016
 0.394497 0.45179 0.100282 0.0281751 0.0252549
 0.609173 0.231296 0.119032 0.0264212 0.0140771
 0.508795 0.377223 0.067456 0.0347151 0.0118111
 0.586273 0.288113 0.0964658 0.0172503 0.011898
 0.512884 0.368793 0.0823981 0.0275885 0.00833618
 0.321015 0.46998 0.158236 0.0353542 0.015414
 0.30344 0.361711 0.231776 0.0780361 0.0250369
 0.47156 0.262619 0.138036 0.0884504 0.0393348
 0.458132 0.369956 0.0854348 0.0449059 0.0415709
 0.556271 0.31112 0.0905377 0.0209081 0.0211631
 0.563064 0.335403 0.07119 0.0207167 0.00962664
 0.46679 0.396505 0.104938 0.0222733 0.00949354
 0.480067 0.341699 0.132539 0.0350773 0.0106186
 0.45714 0.359997 0.120178 0.0466147 0.0160715
 0.590318 0.26253 0.0975836 0.0325763 0.0169922
 0.550351 0.33855 0.0711937 0.0264631 0.0134422
 0.45912 0.386748 0.116049 0.024404 0.0136788
 0.532927 0.297524 0.121233 0.0363778 0.0119378
 0.479802 0.366202 0.0980946 0.039971 0.0159298
 0.247455 0.494924 0.181357 0.0485801 0.0276841
pobs_PELACES
 0 0 0 0 0
 0 0 0 0 0
 0 0 0 0 0
 0 0 0 0 0
 0 0 0 0 0
 0 0 0 0 0
 0 0 0 0 0
 0 0 0 0 0
 0 0 0 0 0
 0 0 0 0 0
 0.450072 0.473896 0.0757376 0.000293798 0
 0 0 0 0 0
 0.463077 0.371075 0.160297 0.00555027 0
 0.529543 0.364841 0.0842815 0.0213345 0
 0.631943 0.363953 0.00410389 0 0
 0.735681 0.248677 0.0153453 0.000297389 0
 0.695825 0.281241 0.0229344 0 0
 0.275771 0.60734 0.115278 0.00161068 0
 0 0 0 0 0
 0.896147 0.0623911 0.0374545 0.00400742 0
 0.803859 0.145111 0.0509908 3.86294e-05 0
 0.739449 0.233085 0.0266225 0.000797448 4.60066e-05
 0.878498 0.100942 0.0204185 0.000141795 0
 0.694673 0.275183 0.0284847 0.00165964 0
 0.469039 0.446079 0.0841089 0.000773354 0
ppred_PELACES
 0.466473 0.375624 0.141109 0.0167893 5.29434e-06
 0.474764 0.33724 0.132356 0.0497216 0.00591779
 0.344717 0.425979 0.14723 0.057783 0.0242906
 0.480474 0.27396 0.159635 0.0551741 0.0307569
 0.59436 0.264641 0.0743528 0.0433249 0.0233217
 0.411447 0.439143 0.0974751 0.0273864 0.0245479
 0.61853 0.225759 0.116183 0.0257887 0.0137401
 0.525572 0.364339 0.0651521 0.0335294 0.0114077
 0.601409 0.277572 0.0929365 0.0166192 0.0114627
 0.5237 0.360605 0.0805686 0.0269759 0.00815109
 0.34046 0.456521 0.153705 0.0343417 0.0149726
 0.321256 0.35246 0.225848 0.0760402 0.0243966
 0.502407 0.247288 0.129979 0.0832872 0.0370386
 0.512068 0.333132 0.0769309 0.0404361 0.0374331
 0.600618 0.280026 0.0814891 0.0188185 0.019048
 0.582139 0.32076 0.068082 0.0198122 0.00920637
 0.481718 0.385405 0.102 0.0216497 0.00922776
 0.490614 0.334767 0.12985 0.0343657 0.0104032
 0.46659 0.353729 0.118085 0.0458031 0.0157917
 0.599198 0.256839 0.0954685 0.0318702 0.0166239
 0.554386 0.335512 0.0705548 0.0262256 0.0133215
 0.464548 0.382867 0.114884 0.024159 0.0135415
 0.539692 0.293215 0.119477 0.0358509 0.0117649
 0.486494 0.361492 0.0968328 0.0394568 0.0157249
 0.252742 0.491447 0.180083 0.0482388 0.0274897
pobs_pel_tallas
 0 0 0 0 0 0 0 0 0 0 0 0 0 0 0 0 0 0 0 0 0 0 0 0 0 0 0 0 0 0 0 0 0 0 0 0
 0 0 0 0 0 0 0 0 0 0 0 0 0 0 0 0 0 0 0 0 0 0 0 0 0 0 0 0 0 0 0 0 0 0 0 0
 0 0 0 0 0 0 0 0 0 0 0 0 0 0 0 0 0 0 0 0 0 0 0 0 0 0 0 0 0 0 0 0 0 0 0 0
 0 0 0 0 0 0 0 0 0 0 0 0 0 0 0 0 0 0 0 0 0 0 0 0 0 0 0 0 0 0 0 0 0 0 0 0
 0 0 0 0 0 0 0 0 0 0 0 0 0 0 0 0 0 0 0 0 0 0 0 0 0 0 0 0 0 0 0 0 0 0 0 0
 0 0 0 0 0 0 0 0 0 0 0 0 0 0 0 0 0 0 0 0 0 0 0 0 0 0 0 0 0 0 0 0 0 0 0 0
 0 0 0 0 0 0 0 0 0 0 0 0 0 0 0 0 0 0 0 0 0 0 0 0 0 0 0 0 0 0 0 0 0 0 0 0
 0 0 0 0 0 0 0 0 0 0 0 0 0 0 0 0 0 0 0 0 0 0 0 0 0 0 0 0 0 0 0 0 0 0 0 0
 0 0 0 0 0 0 0 0 0 0 0 0 0 0 0 0 0 0 0 0 0 0 0 0 0 0 0 0 0 0 0 0 0 0 0 0
 0 0 0 0 0 0 0 0 0 0 0 0 0 0 0 0 0 0 0 0 0 0 0 0 0 0 0 0 0 0 0 0 0 0 0 0
 0 0 0 0 0 0 0 0 1.78061e-05 0.00172719 0.00360574 0.0105946 0.0120993 0.0124554 0.0147524 0.0171206 0.0266825 0.0428682 0.0675386 0.121331 0.153587 0.119568 0.100827 0.0573624 0.0630603 0.0341343 0.0324427 0.0444173 0.0211091 0.0280891 0.0125444 0.00206551 0 0 0 0
 0 0 0 0 0 0 0 0 0 0 0 0 0 0 0 0 0 0 0 0 0 0 0 0 0 0 0 0 0 0 0 0 0 0 0 0
 0 0 0 0 0 0 0.0133647 0.0140871 0.0187388 0.0205184 0.03894 0.0496705 0.03968 0.0493445 0.0407372 0.0367815 0.0215668 0.0243155 0.0234873 0.0199281 0.019796 0.0243948 0.0301388 0.0376714 0.0412746 0.0863199 0.0771752 0.113111 0.0741005 0.0525337 0.0229764 0.00759418 0.00175318 0 0 0
 0 0 0 0 0 0 0 0 0 0 0.00219441 0.00772107 0.0458388 0.0604681 0.0671733 0.0775358 0.0609151 0.0617685 0.073594 0.0568108 0.0755445 0.0548602 0.0670107 0.0636378 0.0643287 0.046367 0.0373049 0.0286899 0.0247887 0.0153202 0.00654259 0.00121912 0.000365735 0 0 0
 0 0 0 0 0 0 0 0 0 0 0 0 0.000112435 0.00938835 0.0111873 0.0202946 0.0414886 0.0713402 0.111592 0.104902 0.108894 0.110636 0.117776 0.105296 0.107544 0.0401394 0.0192827 0.0124803 0.00416011 0.0028671 0.000618394 0 0 0 0 0
 0 0 0 0 0 0 0 0 0 0 0.00291406 0.0102884 0.027416 0.0768956 0.0749926 0.110853 0.0956884 0.0897413 0.0766577 0.0534642 0.0500743 0.0551293 0.0594112 0.0620874 0.0668451 0.0424026 0.0208742 0.0120726 0.0048766 0.00582813 0.00118941 0.000297354 0 0 0 0
 0 0.00264628 0.0354308 0.0461629 0.0458689 0.0383711 0.0214643 0.0164657 0.0346957 0.0420465 0.0363128 0.0245516 0.0311673 0.0291091 0.0169068 0.0133784 0.00837989 0.0085269 0.0148486 0.0160247 0.0276389 0.0546898 0.0760071 0.122758 0.109233 0.0665981 0.0333725 0.0166128 0.00676272 0.00308733 0.000882094 0 0 0 0 0
 0 0 0 0 0 0 0 0.000805153 0.000690131 0.00759144 0.0133425 0.0154129 0.00931677 0.000345066 0.00356568 0.00563607 0.00851162 0.0253048 0.0502646 0.0516448 0.0657925 0.0565908 0.0611916 0.0827007 0.0866115 0.110766 0.145733 0.0935128 0.0569358 0.0249597 0.0138026 0.00621118 0.00161031 0.00115022 0 0
 0 0 0 0 0 0 0 0 0 0 0 0 0 0 0 0 0 0 0 0 0 0 0 0 0 0 0 0 0 0 0 0 0 0 0 0
 0.00147267 0.00158595 0.00478618 0.00569244 0.00954404 0.0108468 0.00647125 0.017049 0.0510054 0.094081 0.124002 0.0959785 0.0687766 0.0820023 0.061753 0.0591476 0.0492212 0.0479892 0.0443925 0.0268479 0.0217502 0.0140895 0.0121071 0.0120363 0.00920419 0.00665534 0.0049561 0.00860946 0.00930331 0.0156896 0.0114698 0.00855282 0.00243557 0.00046729 0 2.83206e-05
 0 0 0 0 0.000772559 0.00158375 0.000888443 0.00281984 0.00712685 0.0440552 0.0773331 0.111326 0.0921469 0.0852325 0.0710754 0.0886704 0.0786465 0.0553345 0.0373146 0.0185414 0.00753245 0.00457741 0.012979 0.0271748 0.0457355 0.0583668 0.034881 0.0177882 0.00938659 0.00492506 0.0015258 0.00185414 0.000309023 5.79419e-05 3.86279e-05 0
 0 0.00173294 0.00326652 0 0.00397197 0.00683976 0.00946217 0.0152591 0.00757587 0.0136028 0.0228656 0.0392903 0.0559909 0.0764795 0.0681675 0.0726916 0.0566044 0.0477403 0.0527397 0.0444891 0.0609904 0.0582453 0.0661739 0.0445044 0.0529084 0.0360697 0.0280645 0.0235558 0.0158879 0.00826598 0.00280645 0.00217768 0.000904811 0.00058276 9.20147e-05 0
 0 0 0 0 0 0 0 0 0 0 0 0 0 0 0 0 0 0 0 0 0 0 0 0 0 0 0 0 0 0 0 0 0 0 0 0
 0 0 0 0 0 0 0 0 0 0 0 0 0 0 0 0 0 0 0 0 0 0 0 0 0 0 0 0 0 0 0 0 0 0 0 0
 0 0 0 0 0 0 0 0 0 0 0 0 0 0 0 0 0 0 0 0 0 0 0 0 0 0 0 0 0 0 0 0 0 0 0 0
ppred_pel_tallas
 1.02703e-16 2.03686e-05 0.000119508 0.000568002 0.0021867 0.0068189 0.0172243 0.0352454 0.0584315 0.0784972 0.0854873 0.0755647 0.0544383 0.0324706 0.0170687 0.00975565 0.00843883 0.0105985 0.0146511 0.0197942 0.0255 0.0312257 0.0363656 0.0403327 0.0426793 0.0431928 0.0419348 0.0392057 0.0354554 0.0311695 0.0267718 0.0225665 0.0187281 0.0153252 0.0123603 0.00980671
 1.03974e-16 2.07285e-05 0.000121624 0.000578074 0.00222549 0.00693988 0.0175298 0.0358703 0.0594661 0.0798832 0.0869863 0.076865 0.0553213 0.0328897 0.0170928 0.00946228 0.0078511 0.00968457 0.0133552 0.0180709 0.023343 0.0286881 0.0335691 0.0374629 0.0399651 0.0408748 0.0402284 0.0382684 0.035365 0.0319183 0.0282742 0.0246784 0.0212706 0.0181093 0.0152072 0.0125629
 1.0535e-16 1.50614e-05 8.83454e-05 0.000419844 0.00161624 0.00503992 0.0127308 0.0260518 0.0431946 0.058042 0.0632479 0.0559954 0.0405336 0.0245652 0.0136247 0.00891003 0.00894874 0.011936 0.0167194 0.0226624 0.0292589 0.035924 0.0419864 0.0467913 0.0498369 0.0508814 0.0499848 0.0474669 0.0438062 0.0395132 0.0350235 0.0306385 0.0265198 0.0227222 0.0192424 0.0160618
 1.05689e-16 2.09749e-05 0.000123077 0.000584991 0.00225215 0.00702302 0.0177398 0.0362993 0.0601756 0.0808306 0.0880032 0.0777285 0.0558664 0.0330611 0.0169034 0.00891815 0.00691039 0.00826364 0.011362 0.0154456 0.0200956 0.0249264 0.0295096 0.0334177 0.0363043 0.0379701 0.0383918 0.0377006 0.0361264 0.033927 0.0313301 0.0285038 0.0255562 0.0225558 0.0195565 0.0166161
 1.03721e-16 2.59403e-05 0.000152229 0.000723589 0.00278579 0.00868716 0.0219432 0.0448998 0.0744304 0.0999701 0.108819 0.0960625 0.0689308 0.0405639 0.0203144 0.0100216 0.00691828 0.00771939 0.0103936 0.0139969 0.0180457 0.0221375 0.0258506 0.0287818 0.0306264 0.0312427 0.0306768 0.0291351 0.0269191 0.0243458 0.0216802 0.019099 0.0166884 0.0144674 0.0124199 0.0105243
 1.03615e-16 1.79716e-05 0.00010543 0.000501063 0.00192895 0.00601509 0.015194 0.0310918 0.0515486 0.0692603 0.075453 0.066755 0.0482218 0.0290235 0.015733 0.0097392 0.00924055 0.0120434 0.0167485 0.0225996 0.0290307 0.0354173 0.0410584 0.0452838 0.0475972 0.0477882 0.045974 0.0425512 0.0380835 0.0331608 0.0282797 0.0237746 0.0198082 0.0164066 0.013515 0.0110503
 1.03251e-16 2.69928e-05 0.000158412 0.000752987 0.00289899 0.00904019 0.0228349 0.046724 0.0774529 0.104026 0.113223 0.0999235 0.0716441 0.0420461 0.0208453 0.00993678 0.00642309 0.00687583 0.00918607 0.0123978 0.016057 0.0198135 0.0233034 0.0261721 0.0281393 0.0290544 0.0289205 0.0278756 0.0261433 0.0239712 0.021578 0.0191245 0.0167105 0.01439 0.012192 0.0101387
 1.02729e-16 2.29449e-05 0.000134634 0.00063992 0.00246361 0.00768243 0.0194055 0.0397081 0.065828 0.0884276 0.0962857 0.0850709 0.0612022 0.0363347 0.0187865 0.0102398 0.00830082 0.0100994 0.0138351 0.018612 0.0238757 0.029087 0.0336603 0.0370412 0.038823 0.0388393 0.0371978 0.0342392 0.0304421 0.0263047 0.022244 0.0185378 0.0153168 0.0125946 0.0103159 0.00840067
 1.02517e-16 2.62483e-05 0.000154036 0.000732176 0.00281885 0.00879025 0.0222036 0.0454327 0.0753141 0.101158 0.110114 0.0972112 0.0697667 0.0410793 0.020616 0.0102416 0.00715964 0.00804762 0.010848 0.0145984 0.0187955 0.023013 0.0268011 0.0297296 0.0314726 0.0318784 0.0309974 0.0290544 0.0263816 0.0233341 0.0202168 0.0172435 0.0145304 0.0121158 0.00999143 0.00813174
 1.02569e-16 2.28632e-05 0.000134155 0.00063764 0.00245483 0.00765506 0.0193363 0.0395666 0.0655934 0.0881123 0.0959421 0.0847668 0.0609821 0.0362015 0.0187135 0.010194 0.00825831 0.0100477 0.0137703 0.0185366 0.0237978 0.0290203 0.0336233 0.0370542 0.0389043 0.0390006 0.0374397 0.0345494 0.030796 0.026669 0.0225818 0.0188154 0.0155091 0.0126889 0.0103124 0.00831158
 1.04211e-16 1.48771e-05 8.72604e-05 0.000414679 0.00159634 0.00497786 0.0125741 0.0257314 0.0426644 0.0573326 0.0624831 0.0553379 0.0401001 0.0243871 0.0136777 0.00916965 0.00942228 0.0126609 0.0177438 0.0240225 0.030958 0.0379179 0.0441753 0.0490246 0.0519291 0.0526379 0.0512313 0.0480761 0.0437152 0.0387289 0.0336164 0.0287274 0.0242527 0.0202563 0.0167274 0.0136272
 1.07074e-16 1.40356e-05 8.23292e-05 0.000391256 0.00150619 0.00469676 0.0118639 0.0242776 0.040252 0.054085 0.0589284 0.0521533 0.0377138 0.0227804 0.0125013 0.00798437 0.00785346 0.0104337 0.0146756 0.0200321 0.0260987 0.0324115 0.0384233 0.0435801 0.0474271 0.0496955 0.0503406 0.0495166 0.0475069 0.0446362 0.0411977 0.0374147 0.0334409 0.0293827 0.0253293 0.0213727
 1.06519e-16 2.19301e-05 0.000128687 0.000611671 0.00235488 0.0073434 0.018549 0.0379548 0.0629188 0.0845117 0.092001 0.081236 0.0583362 0.0344195 0.0174074 0.00887532 0.00650891 0.00755797 0.0103298 0.0140443 0.0182987 0.0227449 0.0270026 0.0306933 0.0335097 0.0352738 0.0359611 0.0356798 0.0346195 0.0329889 0.0309654 0.0286718 0.0261811 0.0235377 0.0207838 0.0179765
 1.0434e-16 2.23548e-05 0.000131173 0.00062347 0.00240028 0.00748496 0.0189066 0.0386873 0.0641351 0.0861518 0.0938033 0.0828674 0.0595946 0.035336 0.0181897 0.00978828 0.00779489 0.00941317 0.0128971 0.0173929 0.0223911 0.0274061 0.0319099 0.0353982 0.0374945 0.0380327 0.0370875 0.0349381 0.0319841 0.0286411 0.0252541 0.0220493 0.0191307 0.01651 0.0141498 0.0120026
 1.02785e-16 2.62139e-05 0.000153834 0.000731214 0.00281514 0.00877869 0.0221744 0.045373 0.0752152 0.101025 0.109971 0.0970852 0.0696786 0.0410322 0.0206008 0.0102477 0.00718 0.0080795 0.0108901 0.0146483 0.0188484 0.0230609 0.026834 0.0297368 0.0314457 0.0318146 0.0309012 0.0289392 0.0262683 0.0232479 0.020183 0.0172826 0.0146542 0.0123253 0.0102771 0.00847506
 1.02182e-16 2.54098e-05 0.000149109 0.000708744 0.00272861 0.00850884 0.0214929 0.0439788 0.0729054 0.0979271 0.106609 0.0941446 0.0676264 0.0399407 0.020269 0.0104368 0.007756 0.00902125 0.0122355 0.0164388 0.0210902 0.0257018 0.0297541 0.0327559 0.034345 0.0343704 0.032922 0.0302962 0.0269127 0.0232111 0.0195626 0.0162183 0.0133017 0.0108332 0.00877126 0.00705042
 1.02749e-16 2.10336e-05 0.000123411 0.000586559 0.00225815 0.0070417 0.0177871 0.036397 0.0603405 0.0810611 0.0882778 0.0780273 0.0562035 0.0335053 0.0175783 0.00999048 0.00857445 0.0107206 0.014786 0.0199345 0.0256166 0.0312712 0.0362781 0.0400439 0.042126 0.0423308 0.0407518 0.0377291 0.0337521 0.0293384 0.0249289 0.0208276 0.0171913 0.0140589 0.011397 0.00914363
 1.0362e-16 2.14195e-05 0.000125682 0.000597362 0.00229976 0.00717148 0.0181148 0.0370672 0.06145 0.0825468 0.089883 0.079416 0.0571383 0.0339317 0.0175639 0.00961005 0.0078437 0.00959744 0.0132066 0.0178548 0.0230455 0.0282944 0.0330659 0.0368403 0.0392171 0.0400003 0.0392318 0.0371605 0.0341633 0.030647 0.026964 0.0233644 0.0199904 0.0168988 0.0140979 0.0115787
 1.04104e-16 2.03727e-05 0.000119534 0.000568133 0.00218721 0.0068205 0.0172283 0.0352535 0.0584442 0.0785123 0.0854985 0.0755622 0.0544094 0.0323992 0.0169323 0.00952266 0.00806825 0.0100433 0.0138658 0.0187456 0.0241798 0.0296621 0.03463 0.0385389 0.0409734 0.0417359 0.0408813 0.0386821 0.0355433 0.0318967 0.028111 0.0244413 0.0210242 0.0179045 0.0150761 0.0125179
 1.03311e-16 2.6151e-05 0.000153467 0.000729474 0.00280845 0.00875783 0.0221217 0.045265 0.0750355 0.100782 0.109701 0.0968361 0.0694754 0.0408635 0.0204262 0.0100143 0.00683551 0.00757702 0.0101929 0.0137377 0.0177336 0.0217881 0.0254889 0.0284391 0.0303336 0.031023 0.0305388 0.0290687 0.0268964 0.0243261 0.0216184 0.0189553 0.0164365 0.0140989 0.0119453 0.0099696
 1.02635e-16 2.42002e-05 0.000142007 0.000674975 0.00259859 0.00810336 0.0204687 0.0418833 0.0694326 0.0932652 0.101542 0.0896871 0.0644631 0.0381501 0.0195038 0.0102773 0.00792457 0.00940407 0.0128165 0.0172378 0.022128 0.0269844 0.0312666 0.034462 0.0361925 0.036299 0.0348735 0.0322216 0.0287769 0.0249925 0.0212495 0.0178042 0.0147808 0.0121982 0.0100128 0.00815896
 1.03219e-16 2.02849e-05 0.000119016 0.000565662 0.00217769 0.0067908 0.0171533 0.0351002 0.0581911 0.0781748 0.0851378 0.0752596 0.0542267 0.0323608 0.0170405 0.00978483 0.00851139 0.0107107 0.0148029 0.0199822 0.0257135 0.0314444 0.0365609 0.0404725 0.0427346 0.0431459 0.0417866 0.0389789 0.0351931 0.0309284 0.026612 0.0225401 0.0188692 0.0156445 0.0128441 0.0104208
 1.03574e-16 2.35578e-05 0.000138239 0.000657071 0.00252967 0.00788845 0.0199258 0.0407722 0.0675899 0.0907876 0.0988378 0.0872841 0.0627037 0.0370448 0.0188224 0.00973442 0.00729667 0.00854948 0.0116574 0.0157498 0.0203464 0.025014 0.0292834 0.0326989 0.034908 0.0357342 0.0352067 0.0335342 0.031036 0.028058 0.0248997 0.0217743 0.0188039 0.0160404 0.0134964 0.0111725
 1.03583e-16 2.12409e-05 0.00012463 0.000592359 0.00228049 0.00711138 0.0179631 0.0367568 0.0609362 0.081859 0.0891404 0.0787745 0.0567087 0.0337404 0.0175812 0.00980316 0.00820698 0.0101511 0.0139788 0.0188614 0.0242737 0.0296917 0.0345382 0.0382595 0.0404402 0.0408944 0.0396998 0.0371604 0.0337163 0.0298316 0.0258984 0.0221838 0.0188228 0.0158469 0.0132287 0.0109217
 1.05659e-16 1.10536e-05 6.48099e-05 0.000307939 0.00118535 0.0036962 0.0093368 0.0191079 0.031687 0.0425958 0.046461 0.0412394 0.0300827 0.0186922 0.0111978 0.00856356 0.00979649 0.0136383 0.0192598 0.0261341 0.0337397 0.0414147 0.0483839 0.0538887 0.0573466 0.0584759 0.0573445 0.0543231 0.0499686 0.0448783 0.0395654 0.0343899 0.0295499 0.0251177 0.0210949 0.0174602
pSPR Fmed_Fpbrs
0.353925   0.255515 0.255515
Fs Fmed_Fpbrs
0.68   1.005 1.005
SSBpbr Bo_Bmed_Bpbrs
1.71471e+06  521143  352397 352397
Ro
41248.6
SPR SPRFo_SPRFmed_SPRFpbrs
848109 300167 216704
log_Ro
10.4474
likeval ReclasPelacesDesembMPH_pf_preclas_ppelaces_ptallas_desvR_qrecl_qpela
 111.669 83.7098 0.00422409 0.00196901 342.788 206.633 81.217 0 14.0368 0 0 0 0 0 0
q_reclas_q_pelaces
1 1
M
0.7
N
 42150.9 19224.8 7222.12 859.294 0.27097
 44400.4 18011.4 7068.89 2655.54 316.058
 22837.4 18785.8 6492.87 2548.24 1071.22
 26237.2 8033.36 4680.98 1617.87 901.886
 52929.4 11955.6 3359.02 1957.28 1053.6
 40539.2 25828.8 5733.13 1610.77 1443.82
 80680.3 16260.7 8368.27 1857.48 989.654
 86611.1 35547.9 6356.77 3271.4 1113.03
 129840 35086.4 11747.6 2100.74 1448.93
 138856 53309.5 11910.7 3987.94 1205
 72310.8 60470.6 20359.7 4548.89 1983.27
 40711 27514.5 17630.7 5936.02 1904.5
 46826.5 15722.6 8264.03 5295.39 2354.91
 28548.2 15993.3 3693.36 1941.29 1797.12
 19986.8 7364.04 2142.97 494.882 500.918
 17058.6 5717.66 1213.59 353.16 164.107
 14383 6688.76 1770.23 375.734 160.149
 15701.8 5957.27 2310.71 611.547 185.128
 16448.5 6860.7 2290.31 888.367 306.286
 30958 7279.12 2705.68 903.238 471.14
 43610 13749.2 2891.33 1074.72 545.915
 47343 20611.1 6184.64 1300.57 728.989
 75644.7 22004.2 8966.13 2690.41 882.888
 87038 34591.6 9266.04 3775.67 1504.73
 38183.6 39850.9 14602.8 3911.64 2229.11
pred_Ctot
 4265.75 3651.04 1371.57 163.191 0.0514606
 4769.18 3615.99 1419.16 533.13 63.4523
 4885.51 6999.56 2419.24 949.472 399.136
 1562.24 921.806 537.13 185.647 103.489
 659.839 295.804 83.1084 48.4267 26.068
 5674.75 6615.91 1468.51 412.589 369.826
 6586.6 2522.59 1298.21 288.159 153.53
 11610.3 8753.56 1565.34 805.574 274.08
 16350.5 8159.57 2731.98 488.541 336.959
 12378.8 8987.69 2008.09 672.346 203.157
 12343.9 18509.3 6231.86 1392.36 607.054
 6603.02 8047.2 5156.45 1736.11 557.011
 10742.3 6216.25 3267.36 2093.64 931.063
 10240.2 9026.74 2084.57 1095.68 1014.31
 6288.11 3762.63 1094.95 252.858 255.942
 2616.49 1590.66 337.621 98.2496 45.6547
 1734.36 1494.69 395.58 83.9628 35.7875
 1366.41 981.744 380.8 100.781 30.5086
 1296.04 1029.12 343.549 133.256 45.9433
 2367.17 1061.17 394.441 131.676 68.6839
 1517.71 936.58 196.953 73.2086 37.187
 2188.91 1851.93 555.697 116.858 65.5006
 4325.39 2428.34 989.486 296.909 97.434
 4904.72 3764.1 1008.29 410.852 163.738
 2259.53 4545.61 1665.67 446.182 254.264
F
 0.15025 0.3005 0.3005 0.3005 0.3005
 0.160151 0.320301 0.320301 0.320301 0.320301
 0.344796 0.689591 0.689591 0.689591 0.689591
 0.0859772 0.171954 0.171954 0.171954 0.171954
 0.0174688 0.0349375 0.0349375 0.0349375 0.0349375
 0.213522 0.427044 0.427044 0.427044 0.427044
 0.119614 0.239228 0.239228 0.239228 0.239228
 0.203616 0.407231 0.407231 0.407231 0.407231
 0.190186 0.380373 0.380373 0.380373 0.380373
 0.131278 0.262556 0.262556 0.262556 0.262556
 0.266259 0.532518 0.532518 0.532518 0.532518
 0.251401 0.502802 0.502802 0.502802 0.502802
 0.374281 0.748562 0.748562 0.748562 0.748562
 0.654986 1.30997 1.30997 1.30997 1.30997
 0.551515 1.10303 1.10303 1.10303 1.10303
 0.236226 0.472453 0.472453 0.472453 0.472453
 0.181436 0.362871 0.362871 0.362871 0.362871
 0.127963 0.255927 0.255927 0.255927 0.255927
 0.115228 0.230455 0.230455 0.230455 0.230455
 0.111647 0.223294 0.223294 0.223294 0.223294
 0.0494572 0.0989144 0.0989144 0.0989144 0.0989144
 0.0661875 0.132375 0.132375 0.132375 0.132375
 0.0824381 0.164876 0.164876 0.164876 0.164876
 0.0811995 0.162399 0.162399 0.162399 0.162399
 0.0854258 0.170852 0.170852 0.170852 0.170852
Np
 31258.9 9391.5 3164.45 3032.22 1313.08
YTP_r0W_actual
 25306.8 100003 54967.1 18338.1 10882.5
YTP_p0W_proyectada
 74931.2 181359 252626 118220 49852.5
 74931.2 97837.3 47923 58643.6 28181.7
CTP_r0_actual
 2259.53 4545.61 1665.67 446.182 254.264
CTP_p0_proyectada
 9137.95 8396.27 8045.41 2948.12 1120.28
 9137.95 4529.51 1526.21 1462.43 633.296
Wmedp
 8.2 21.6 31.4 40.1 44.5
nmprior
 10.6 11 7 0
nm_flota  nm_reclas  nm_pelaces    nm_pelaL
inf 14.5856 13.1426 28.4633
cv_recla  cv_pelaces  cv_mph
0.955853 1.03743 1.20769
 ------------------------------------------------
Talla a la edad & desviaci?n 
 7.2 14.2025 17.0495 18.207 18.6776
 1.08 2.13037 2.55742 2.73105 2.80164
