years
 1997 1998 1999 2000 2001 2002 2003 2004 2005 2006 2007 2008 2009 2010 2011 2012 2013 2014 2015 2016 2017 2018 2019 2020
reclasobs
 0 0 0 370054 412103 1.49427e+06 250295 1.28982e+06 931140 785840 897777 1.04006e+06 184774 17550 25797 100020 73551 82996 120727 218422 84188 347160 605670 569463
reclaspred
 2.78793e+06 689724 1.4863e+06 607547 303892 1.07736e+06 4.23659e+06 3.13881e+06 3.64025e+06 3.25333e+06 4.4994e+06 4.56685e+06 3.31768e+06 2.08113e+06 1.32282e+06 752294 534372 509865 514076 604584 488891 560308 1.26175e+06 1.41907e+06
pelacesobs
 0 0 0 0 0 0 0 0 0 2.06254e+06 1.5e+06 0 1.87456e+06 323000 250000 174000 83755 137374 0 501740 490994 745055 786931 1.00524e+06
pelacespred
 2.3799e+06 871345 517747 482326 216449 431769 1.50974e+06 2.22465e+06 2.20727e+06 2.07751e+06 2.69379e+06 2.74601e+06 2.10217e+06 1.38836e+06 841378 483288 325689 282205 298946 323985 308784 309869 537846 801712
mphobs
 0 0 0 0 0 112323 0 153150 637223 0 255016 313432 73983 77613 109348 50772 17779 17303 59886 28197 0 207744 136588 643089
mphpred
 1.80414e+06 1.49739e+06 887910 829399 370269 317229 2.55487e+06 2.70142e+06 3.56331e+06 2.87114e+06 3.4883e+06 4.56893e+06 3.3878e+06 2.3756e+06 1.44071e+06 821381 489707 434771 430281 539054 462918 408792 856642 1.04707e+06
desembarqueobs
 350755 77701 442110 56441 14545 235359 269955 359681 431902 328805 639364 411747 362871 311530 167758 66681 60226 58785 57116 73181 50977 67692 138656 160484
desembarquepred
 316855 78531.5 169233 69176.8 34600.7 122298 482373 356789 414374 370045 511703 519917 377644 236955 150616 85651.9 60802.3 58024.3 58477.1 68828.1 55631.1 63697.7 143620 161356
Reclutas
 211895 4337.63 672.277 472.739 1293.86 412123 9441.48 414489 79848.7 324910 483292 65715.4 104840 8623.45 3272.33 6708.17 28609.5 18755.8 46194.2 8482.75 24301.8 120583 51559.3 201382
log_desv_Rt
 2.0169 -1.87186 -3.73628 -4.0884 -3.08156 2.68213 -1.09408 2.68786 1.04094 2.44436 2.84143 0.846143 1.31325 -1.18471 -2.15369 -1.43587 0.0145469 -0.407687 0.493664 -1.20116 -0.148641 1.45315 0.603543 1.96601
SSB
 1.80414e+06 1.49739e+06 887910 829399 370269 317229 2.55487e+06 2.70142e+06 3.56331e+06 2.87114e+06 3.4883e+06 4.56893e+06 3.3878e+06 2.3756e+06 1.44071e+06 821381 489707 434771 430281 539054 462918 408792 856642 1.04707e+06
BT
 7.83491e+06 1.71159e+06 1.01955e+06 946710 427517 1.43538e+06 3.02033e+06 5.9206e+06 4.65353e+06 5.04731e+06 6.86884e+06 5.60148e+06 4.44005e+06 2.74138e+06 1.6599e+06 961969 736512 623732 702601 660893 700179 779721 1.15001e+06 2.03196e+06
Ftot
 0.110803 0.110803 0.110803 0.110803 0.110803 0.110803 0.110803 0.110803 0.110803 0.110803 0.110803 0.110803 0.110803 0.110803 0.110803 0.110803 0.110803 0.110803 0.110803 0.110803 0.110803 0.110803 0.110803 0.110803
BD_Bspro_t
 0.986125 0.915762 0.825216 0.741079 0.666488 0.734109 0.903334 0.843373 0.862308 0.81417 0.835722 0.838873 0.781418 0.743528 0.685154 0.635111 0.607055 0.685904 0.730564 0.791242 0.76784 0.790508 0.858239 0.83883
BD_Bspro
 3.1097 2.58097 1.53044 1.42959 0.638212 0.54679 4.40369 4.65627 6.14187 4.94882 6.01258 7.8752 5.83935 4.09469 2.48327 1.41577 0.84408 0.74939 0.741651 0.929137 0.797905 0.704611 1.47654 1.80478
BD_Bo
 0.344826 0.286196 0.169706 0.158523 0.0707695 0.060632 0.488312 0.516321 0.681055 0.54876 0.666718 0.873258 0.64751 0.454049 0.275363 0.15699 0.0935976 0.0830977 0.0822396 0.103029 0.0884774 0.0781324 0.16373 0.200127
BD_Brms
 1.67842 1.39304 0.826035 0.7716 0.344466 0.295123 2.37683 2.51316 3.315 2.67106 3.24521 4.25053 3.15171 2.21006 1.34031 0.764142 0.455581 0.404473 0.400296 0.501489 0.430659 0.380305 0.796945 0.974105
S_f
 0.5 1 1 1 1
 0.5 1 1 1 1
 0.5 1 1 1 1
 0.5 1 1 1 1
 0.5 1 1 1 1
 0.5 1 1 1 1
 0.5 1 1 1 1
 0.5 1 1 1 1
 0.5 1 1 1 1
 0.5 1 1 1 1
 0.5 1 1 1 1
 0.5 1 1 1 1
 0.5 1 1 1 1
 0.5 1 1 1 1
 0.5 1 1 1 1
 0.5 1 1 1 1
 0.5 1 1 1 1
 0.5 1 1 1 1
 0.5 1 1 1 1
 0.5 1 1 1 1
 0.5 1 1 1 1
 0.5 1 1 1 1
 0.5 1 1 1 1
 0.5 1 1 1 1
Scru_reclas
 0.5 1 1 1 1
 0.5 1 1 1 1
 0.5 1 1 1 1
 0.5 1 1 1 1
 0.5 1 1 1 1
 0.5 1 1 1 1
 0.5 1 1 1 1
 0.5 1 1 1 1
 0.5 1 1 1 1
 0.5 1 1 1 1
 0.5 1 1 1 1
 0.5 1 1 1 1
 0.5 1 1 1 1
 0.5 1 1 1 1
 0.5 1 1 1 1
 0.5 1 1 1 1
 0.5 1 1 1 1
 0.5 1 1 1 1
 0.5 1 1 1 1
 0.5 1 1 1 1
 0.5 1 1 1 1
 0.5 1 1 1 1
 0.5 1 1 1 1
 0.5 1 1 1 1
Scru_pelaces
 0.5 1 1 1 1
 0.5 1 1 1 1
 0.5 1 1 1 1
 0.5 1 1 1 1
 0.5 1 1 1 1
 0.5 1 1 1 1
 0.5 1 1 1 1
 0.5 1 1 1 1
 0.5 1 1 1 1
 0.5 1 1 1 1
 0.5 1 1 1 1
 0.5 1 1 1 1
 0.5 1 1 1 1
 0.5 1 1 1 1
 0.5 1 1 1 1
 0.5 1 1 1 1
 0.5 1 1 1 1
 0.5 1 1 1 1
 0.5 1 1 1 1
 0.5 1 1 1 1
 0.5 1 1 1 1
 0.5 1 1 1 1
 0.5 1 1 1 1
 0.5 1 1 1 1
pf_obs 
 0.256992 0.487395 0.22802 0.0275931 0
 0.321318 0.546541 0.124235 0.00734118 0.000564706
 0.182869 0.594174 0.210203 0.0122559 0.00049798
 0.330522 0.361315 0.267642 0.0388342 0.00168674
 0.649043 0.306663 0.0425973 0.00169635 0
 0.582887 0.30429 0.105238 0.00758474 0
 0.465427 0.430635 0.0974691 0.00646863 0
 0.296916 0.608066 0.0921331 0.00288517 0
 0.311714 0.524322 0.152257 0.0117073 0
 0.15457 0.633149 0.183074 0.0267441 0.00246327
 0.131901 0.49318 0.331252 0.0422183 0.00144891
 0.196976 0.569456 0.194076 0.0375587 0.00193317
 0.518974 0.381816 0.0799577 0.0180837 0.00116848
 0.0928022 0.601141 0.25162 0.0475244 0.00691264
 0.122501 0.610282 0.24278 0.0234846 0.000952079
 0.383417 0.481906 0.127806 0.00687128 0
 0.0376549 0.599619 0.316969 0.0457579 0
 0.0361596 0.667082 0.258105 0.0386534 0
 0.158088 0.579412 0.248529 0.0139706 0
 0.0477256 0.309471 0.559284 0.082774 0.000745712
 0.0406174 0.521527 0.379366 0.0568643 0.0016247
 0.151134 0.462217 0.34131 0.0453401 0
 0.294876 0.26143 0.354403 0.0886775 0.000613685
 0.281977 0.475581 0.204845 0.0348837 0.00271318
pf_pred 
 0.765224 0.11819 0.0586913 0.0291452 0.0287499
 0.0190585 0.853973 0.0639177 0.0317406 0.03131
 0.00647108 0.0382973 0.831591 0.0622425 0.0613981
 0.0100648 0.0131286 0.0376527 0.817594 0.12156
 0.0577736 0.019362 0.0122391 0.0351017 0.875524
 0.975002 0.00280772 0.000455995 0.000288244 0.0214461
 0.0240757 0.963947 0.0013452 0.000218471 0.0104131
 0.698655 0.0145975 0.283228 0.000395248 0.00312379
 0.148004 0.7047 0.00713517 0.138441 0.00172009
 0.539297 0.121568 0.280503 0.00284013 0.0557905
 0.534207 0.32942 0.0359855 0.083032 0.0173553
 0.0943744 0.636625 0.190243 0.020782 0.0579747
 0.235371 0.135326 0.44238 0.132197 0.0547266
 0.0336619 0.375382 0.104589 0.341901 0.144467
 0.0269948 0.0652517 0.352624 0.098248 0.456881
 0.107956 0.0483046 0.0565829 0.305777 0.481379
 0.481632 0.103585 0.0224607 0.0263099 0.366012
 0.319603 0.44717 0.0466057 0.0101057 0.176516
 0.56927 0.212009 0.143748 0.0149819 0.0599916
 0.12777 0.638217 0.115183 0.0780972 0.0407327
 0.420281 0.134563 0.325724 0.0587855 0.0606467
 0.764278 0.141283 0.021921 0.0530621 0.0194561
 0.288532 0.618957 0.0554478 0.00860312 0.0284605
 0.659865 0.154963 0.161095 0.0144313 0.00964645
pobs_RECLAS
 0 0 0 0 0
 0 0 0 0 0
 0 0 0 0 0
 0 0 0 0 0
 0.835266 0.146461 0.0176864 0.000547809 3.91292e-05
 0.385257 0.428462 0.181853 0.0044286 0
 0.867414 0.0963971 0.0333333 0.00285562 0
 0.441836 0.489002 0.0689373 0.000224442 0
 0.779404 0.147425 0.0564933 0.0165055 0.000172143
 0.814271 0.122319 0.05973 0.00367925 0
 0.40263 0.566651 0.0304383 0.000280538 0
 0.475488 0.404961 0.113038 0.00651328 0
 0.955842 0.0263864 0.0167828 0.000988607 0
 0.975058 0.0227948 0.00214734 0 0
 0.738997 0.206755 0.0527124 0.00153531 0
 0.850938 0.134255 0.0134407 0.00136685 0
 0.542534 0.407297 0.0501686 0 0
 0.764087 0.199537 0.0359546 0.000420521 0
 0.470689 0.182191 0.310203 0.0369168 0
 0.84361 0.089868 0.0606195 0.00523954 0.000663233
 0.607945 0.314616 0.071237 0.00620181 0
 0.523733 0.453247 0.0230204 0 0
 0.530135 0.295979 0.169645 0.0042399 0
 0.562478 0.366248 0.0663022 0.0049721 0
ppred_RECLAS
 0.765866 0.117866 0.0585307 0.0290655 0.0286712
 0.0191255 0.853915 0.0639133 0.0317384 0.0313079
 0.00649413 0.0382964 0.831572 0.062241 0.0613966
 0.0101005 0.0131282 0.0376514 0.817565 0.121555
 0.0579687 0.019358 0.0122366 0.0350944 0.875342
 0.975089 0.00279794 0.000454407 0.00028724 0.0213714
 0.02416 0.963864 0.00134508 0.000218452 0.0104122
 0.699408 0.014561 0.282521 0.00039426 0.00311598
 0.148456 0.704327 0.00713139 0.138367 0.00171917
 0.540187 0.121334 0.279962 0.00283465 0.0556828
 0.535098 0.32879 0.0359168 0.0828732 0.0173221
 0.0946807 0.63641 0.190179 0.020775 0.057955
 0.236016 0.135212 0.442007 0.132085 0.0546805
 0.0337785 0.375336 0.104576 0.34186 0.14445
 0.027089 0.0652454 0.35259 0.0982385 0.456837
 0.108301 0.0482859 0.056561 0.305659 0.481193
 0.482526 0.103406 0.022422 0.0262646 0.365381
 0.320382 0.446658 0.0465523 0.0100941 0.176314
 0.570147 0.211577 0.143455 0.0149514 0.0598694
 0.12817 0.637924 0.11513 0.0780615 0.040714
 0.421153 0.134361 0.325234 0.058697 0.0605554
 0.764922 0.140897 0.0218611 0.0529171 0.019403
 0.289267 0.618317 0.0553905 0.00859423 0.028431
 0.660667 0.154597 0.160714 0.0143972 0.00962369
pobs_PELACES
 0 0 0 0 0
 0 0 0 0 0
 0 0 0 0 0
 0 0 0 0 0
 0 0 0 0 0
 0 0 0 0 0
 0 0 0 0 0
 0 0 0 0 0
 0 0 0 0 0
 0 0 0 0 0
 0.450072 0.473896 0.0757376 0.000293798 0
 0 0 0 0 0
 0.463077 0.371075 0.160297 0.00555027 0
 0.529543 0.364841 0.0842815 0.0213345 0
 0.631943 0.363953 0.00410389 0 0
 0.735681 0.248677 0.0153453 0.000297389 0
 0.695825 0.281241 0.0229344 0 0
 0.275771 0.60734 0.115278 0.00161068 0
 0 0 0 0 0
 0.896147 0.0623911 0.0374545 0.00400742 0
 0.803859 0.145111 0.0509908 3.86294e-05 0
 0.739449 0.233085 0.0266225 0.000797448 4.60066e-05
 0.878498 0.100942 0.0204185 0.000141795 0
 0.694673 0.275183 0.0284847 0.00165964 0
ppred_PELACES
 0.769129 0.116224 0.0577152 0.0286605 0.0282717
 0.0194715 0.853614 0.0638908 0.0317272 0.0312968
 0.00661316 0.0382918 0.831472 0.0622336 0.0613893
 0.010285 0.0131257 0.0376444 0.817412 0.121532
 0.0589752 0.0193373 0.0122235 0.0350569 0.874407
 0.975529 0.00274849 0.000446376 0.000282163 0.0209937
 0.0245948 0.963435 0.00134448 0.000218355 0.0104076
 0.703238 0.0143755 0.278921 0.000389237 0.00307628
 0.150782 0.702403 0.00711191 0.137989 0.00171448
 0.544724 0.120136 0.277199 0.00280668 0.0551333
 0.539643 0.325576 0.0355656 0.082063 0.0171527
 0.0962595 0.6353 0.189847 0.0207388 0.057854
 0.239329 0.134625 0.44009 0.131513 0.0544434
 0.0343803 0.375103 0.104511 0.341647 0.14436
 0.027575 0.0652128 0.352414 0.0981894 0.456609
 0.11008 0.0481896 0.0564482 0.305049 0.480233
 0.487092 0.102494 0.0222241 0.0260328 0.362157
 0.324376 0.444033 0.0462788 0.0100348 0.175278
 0.574622 0.209374 0.141961 0.0147958 0.0592462
 0.130227 0.636419 0.114859 0.0778773 0.040618
 0.425617 0.133325 0.322726 0.0582444 0.0600885
 0.768194 0.138936 0.0215569 0.0521807 0.0191329
 0.29304 0.615035 0.0550964 0.0085486 0.0282801
 0.664754 0.152736 0.158779 0.0142238 0.00950779
pobs_pel_tallas
 0 0 0 0 0 0 0 0 0 0 0 0 0 0 0 0 0 0 0 0 0 0 0 0 0 0 0 0 0 0 0 0 0 0 0 0
 0 0 0 0 0 0 0 0 0 0 0 0 0 0 0 0 0 0 0 0 0 0 0 0 0 0 0 0 0 0 0 0 0 0 0 0
 0 0 0 0 0 0 0 0 0 0 0 0 0 0 0 0 0 0 0 0 0 0 0 0 0 0 0 0 0 0 0 0 0 0 0 0
 0 0 0 0 0 0 0 0 0 0 0 0 0 0 0 0 0 0 0 0 0 0 0 0 0 0 0 0 0 0 0 0 0 0 0 0
 0 0 0 0 0 0 0 0 0 0 0 0 0 0 0 0 0 0 0 0 0 0 0 0 0 0 0 0 0 0 0 0 0 0 0 0
 0 0 0 0 0 0 0 0 0 0 0 0 0 0 0 0 0 0 0 0 0 0 0 0 0 0 0 0 0 0 0 0 0 0 0 0
 0 0 0 0 0 0 0 0 0 0 0 0 0 0 0 0 0 0 0 0 0 0 0 0 0 0 0 0 0 0 0 0 0 0 0 0
 0 0 0 0 0 0 0 0 0 0 0 0 0 0 0 0 0 0 0 0 0 0 0 0 0 0 0 0 0 0 0 0 0 0 0 0
 0 0 0 0 0 0 0 0 0 0 0 0 0 0 0 0 0 0 0 0 0 0 0 0 0 0 0 0 0 0 0 0 0 0 0 0
 0 0 0 0 0 0 0 0 0 0 0 0 0 0 0 0 0 0 0 0 0 0 0 0 0 0 0 0 0 0 0 0 0 0 0 0
 0 0 0 0 0 0 0 0 1.78061e-05 0.00172719 0.00360574 0.0105946 0.0120993 0.0124554 0.0147524 0.0171206 0.0266825 0.0428682 0.0675386 0.121331 0.153587 0.119568 0.100827 0.0573624 0.0630603 0.0341343 0.0324427 0.0444173 0.0211091 0.0280891 0.0125444 0.00206551 0 0 0 0
 0 0 0 0 0 0 0 0 0 0 0 0 0 0 0 0 0 0 0 0 0 0 0 0 0 0 0 0 0 0 0 0 0 0 0 0
 0 0 0 0 0 0 0.0133647 0.0140871 0.0187388 0.0205184 0.03894 0.0496705 0.03968 0.0493445 0.0407372 0.0367815 0.0215668 0.0243155 0.0234873 0.0199281 0.019796 0.0243948 0.0301388 0.0376714 0.0412746 0.0863199 0.0771752 0.113111 0.0741005 0.0525337 0.0229764 0.00759418 0.00175318 0 0 0
 0 0 0 0 0 0 0 0 0 0 0.00219441 0.00772107 0.0458388 0.0604681 0.0671733 0.0775358 0.0609151 0.0617685 0.073594 0.0568108 0.0755445 0.0548602 0.0670107 0.0636378 0.0643287 0.046367 0.0373049 0.0286899 0.0247887 0.0153202 0.00654259 0.00121912 0.000365735 0 0 0
 0 0 0 0 0 0 0 0 0 0 0 0 0.000112435 0.00938835 0.0111873 0.0202946 0.0414886 0.0713402 0.111592 0.104902 0.108894 0.110636 0.117776 0.105296 0.107544 0.0401394 0.0192827 0.0124803 0.00416011 0.0028671 0.000618394 0 0 0 0 0
 0 0 0 0 0 0 0 0 0 0 0.00291406 0.0102884 0.027416 0.0768956 0.0749926 0.110853 0.0956884 0.0897413 0.0766577 0.0534642 0.0500743 0.0551293 0.0594112 0.0620874 0.0668451 0.0424026 0.0208742 0.0120726 0.0048766 0.00582813 0.00118941 0.000297354 0 0 0 0
 0 0.00264628 0.0354308 0.0461629 0.0458689 0.0383711 0.0214643 0.0164657 0.0346957 0.0420465 0.0363128 0.0245516 0.0311673 0.0291091 0.0169068 0.0133784 0.00837989 0.0085269 0.0148486 0.0160247 0.0276389 0.0546898 0.0760071 0.122758 0.109233 0.0665981 0.0333725 0.0166128 0.00676272 0.00308733 0.000882094 0 0 0 0 0
 0 0 0 0 0 0 0 0.000805153 0.000690131 0.00759144 0.0133425 0.0154129 0.00931677 0.000345066 0.00356568 0.00563607 0.00851162 0.0253048 0.0502646 0.0516448 0.0657925 0.0565908 0.0611916 0.0827007 0.0866115 0.110766 0.145733 0.0935128 0.0569358 0.0249597 0.0138026 0.00621118 0.00161031 0.00115022 0 0
 0 0 0 0 0 0 0 0 0 0 0 0 0 0 0 0 0 0 0 0 0 0 0 0 0 0 0 0 0 0 0 0 0 0 0 0
 0.00147267 0.00158595 0.00478618 0.00569244 0.00954404 0.0108468 0.00647125 0.017049 0.0510054 0.094081 0.124002 0.0959785 0.0687766 0.0820023 0.061753 0.0591476 0.0492212 0.0479892 0.0443925 0.0268479 0.0217502 0.0140895 0.0121071 0.0120363 0.00920419 0.00665534 0.0049561 0.00860946 0.00930331 0.0156896 0.0114698 0.00855282 0.00243557 0.00046729 0 2.83206e-05
 0 0 0 0 0.000772559 0.00158375 0.000888443 0.00281984 0.00712685 0.0440552 0.0773331 0.111326 0.0921469 0.0852325 0.0710754 0.0886704 0.0786465 0.0553345 0.0373146 0.0185414 0.00753245 0.00457741 0.012979 0.0271748 0.0457355 0.0583668 0.034881 0.0177882 0.00938659 0.00492506 0.0015258 0.00185414 0.000309023 5.79419e-05 3.86279e-05 0
 0 0.00173294 0.00326652 0 0.00397197 0.00683976 0.00946217 0.0152591 0.00757587 0.0136028 0.0228656 0.0392903 0.0559909 0.0764795 0.0681675 0.0726916 0.0566044 0.0477403 0.0527397 0.0444891 0.0609904 0.0582453 0.0661739 0.0445044 0.0529084 0.0360697 0.0280645 0.0235558 0.0158879 0.00826598 0.00280645 0.00217768 0.000904811 0.00058276 9.20147e-05 0
 0 0 0 0 0 0 0 0 0 0 0 0 0 0 0 0 0 0 0 0 0 0 0 0 0 0 0 0 0 0 0 0 0 0 0 0
 0 0 0 0 0 0 0 0 0 0 0 0 0 0 0 0 0 0 0 0 0 0 0 0 0 0 0 0 0 0 0 0 0 0 0 0
ppred_pel_tallas
 1.03164e-16 3.3555e-05 0.000196948 0.000936217 0.00360451 0.0112404 0.0283922 0.0580937 0.0962951 0.129316 0.140708 0.124082 0.088751 0.0516526 0.0248017 0.0104745 0.0049877 0.00401661 0.00492289 0.00657178 0.0085368 0.0105981 0.0125669 0.0142648 0.0155497 0.0163412 0.0166317 0.0164767 0.0159693 0.0152102 0.0142838 0.0132465 0.0121292 0.0109475 0.00971548 0.00845404
 1.03738e-16 8.96337e-07 5.14507e-06 2.42136e-05 9.2815e-05 0.000289079 0.000731146 0.00150277 0.00251655 0.00345686 0.00396529 0.00398179 0.00390634 0.0044102 0.00612038 0.00947264 0.0147431 0.0220773 0.0314183 0.0423815 0.0541762 0.0656425 0.0754215 0.0822269 0.0851411 0.0838365 0.0786525 0.0704909 0.0605807 0.0501851 0.0403494 0.0317552 0.0246966 0.0191533 0.0149116 0.0116836
 1.16823e-16 3.04496e-07 1.74076e-06 8.18506e-06 3.13645e-05 9.76319e-05 0.000246629 0.000505631 0.000842354 0.00114431 0.00127989 0.00121206 0.0010516 0.00099393 0.00121828 0.00185292 0.00301151 0.0048371 0.00751164 0.0112331 0.0161756 0.0224437 0.0300249 0.0387494 0.0482649 0.0580382 0.0673895 0.0755617 0.0818174 0.0855483 0.086374 0.0842075 0.0792738 0.0720708 0.0632872 0.053693
 1.34305e-16 4.60439e-07 2.66647e-06 1.26083e-05 4.84337e-05 0.000150901 0.000381118 0.000780281 0.00129554 0.0017466 0.00191851 0.00173502 0.00133665 0.000976429 0.000856897 0.00107133 0.00165992 0.00268531 0.0042651 0.00656546 0.00977899 0.0140972 0.0196774 0.0266039 0.0348458 0.0442196 0.054366 0.0647506 0.0746966 0.0834495 0.0902694 0.0945336 0.0958318 0.0940295 0.0892943 0.0820667
 1.42242e-16 2.5831e-06 1.51295e-05 7.18618e-05 0.00027658 0.000862371 0.00217823 0.00445726 0.00738997 0.00992945 0.0108183 0.0095738 0.00692244 0.00418357 0.00231105 0.00152858 0.00162432 0.00236306 0.00366738 0.00560289 0.00831149 0.0119599 0.016705 0.0226623 0.0298719 0.0382619 0.0476182 0.0575657 0.0675744 0.0769936 0.0851157 0.0912629 0.0948808 0.0956227 0.0934022 0.0884126
 1.00999e-16 4.25503e-05 0.000249769 0.00118736 0.00457151 0.0142559 0.0360091 0.0736776 0.122122 0.163986 0.178395 0.157227 0.112266 0.0649478 0.030452 0.0115927 0.00362253 0.000996801 0.000347279 0.000272513 0.000341568 0.000453257 0.000588833 0.000744833 0.000919457 0.00111022 0.00131314 0.00152207 0.00172808 0.00191954 0.00208284 0.00220402 0.00227087 0.00227512 0.00221402 0.00209107
 1.00827e-16 1.12411e-06 6.47238e-06 3.05018e-05 0.000116989 0.000364438 0.000921624 0.0018933 0.00316681 0.00433892 0.00494825 0.00490373 0.00468574 0.00510502 0.0069029 0.0105681 0.0163845 0.0244815 0.0347606 0.0467558 0.0595449 0.071794 0.0819555 0.0885804 0.0906589 0.0878721 0.0806781 0.070189 0.0578932 0.0453122 0.0337023 0.023878 0.0161787 0.0105508 0.00668985 0.00418594
 1.04122e-16 3.06784e-05 0.000180067 0.000855982 0.00329562 0.0102771 0.025959 0.0531145 0.0880396 0.118224 0.128623 0.113387 0.0810203 0.0469918 0.022267 0.00890837 0.00353828 0.00221425 0.00256918 0.00365296 0.00520369 0.00717263 0.00953221 0.012216 0.0151032 0.018019 0.0207479 0.0230566 0.0247256 0.0255826 0.0255323 0.0245737 0.0228027 0.0203959 0.017582 0.0146054
 1.05152e-16 6.61573e-06 3.87374e-05 0.000183947 0.000707884 0.00220719 0.00557593 0.0114144 0.0189407 0.0254975 0.0279063 0.0249958 0.0187226 0.0126006 0.0092426 0.00939635 0.0126343 0.0183123 0.0259219 0.0349589 0.0447221 0.0542549 0.062451 0.0682671 0.0709618 0.0702744 0.0664834 0.060318 0.0527619 0.0448132 0.0372813 0.0306735 0.0251836 0.0207605 0.0172139 0.0143147
 1.06647e-16 2.37706e-05 0.000139503 0.000663115 0.00255299 0.00796123 0.0201094 0.0411467 0.068206 0.0916012 0.0996865 0.0879458 0.0629883 0.0368313 0.0180148 0.00819268 0.00480693 0.00485121 0.00651158 0.00902746 0.0121176 0.015615 0.0193363 0.0230654 0.0265749 0.029653 0.0321233 0.0338536 0.0347569 0.0347901 0.0339535 0.0322953 0.0299147 0.0269607 0.0236219 0.0201071
 1.04233e-16 2.35567e-05 0.00013823 0.000657024 0.00252948 0.00788786 0.0199243 0.0407694 0.067586 0.0907847 0.0988406 0.0873008 0.0627464 0.0371312 0.0189776 0.0099916 0.00769504 0.00912785 0.0124433 0.0167458 0.0215164 0.0262752 0.0305081 0.0337298 0.0355853 0.0359298 0.0348562 0.0326566 0.0297362 0.0265089 0.0233094 0.0203472 0.0177049 0.0153704 0.0132841 0.0113806
 1.06318e-16 4.23609e-06 2.47717e-05 0.000117564 0.00045231 0.0014102 0.00356274 0.00729484 0.012111 0.0163221 0.0179131 0.0161608 0.0123545 0.00879757 0.00723952 0.0082566 0.0116789 0.0171798 0.0244704 0.0331869 0.042743 0.0522962 0.0608445 0.0674135 0.071269 0.0720791 0.0699763 0.0654925 0.0594012 0.0525212 0.0455482 0.0389595 0.0330007 0.0277346 0.0231167 0.0190658
 1.13354e-16 1.04548e-05 6.13257e-05 0.000291445 0.00112196 0.00349861 0.00883729 0.0180833 0.0299792 0.0402741 0.04386 0.0387684 0.0279294 0.0166635 0.00878124 0.00508681 0.00454994 0.00595106 0.00858819 0.012198 0.0166853 0.0219488 0.0278162 0.0340393 0.040312 0.0462951 0.0516413 0.0560173 0.0591258 0.0607309 0.0606859 0.0589606 0.055659 0.0510168 0.0453783 0.0391532
 1.20091e-16 1.52651e-06 8.89008e-06 4.21183e-05 0.000161923 0.000504714 0.00127525 0.00261248 0.00434258 0.0058687 0.00648325 0.00594943 0.00476296 0.0037999 0.00375941 0.00494094 0.00738876 0.0110869 0.0160075 0.0220481 0.0289643 0.0363556 0.043715 0.0505225 0.0563511 0.0609428 0.0642326 0.0663076 0.0673264 0.0674305 0.0666857 0.0650723 0.0625218 0.0589785 0.0544595 0.0490883
 1.29733e-16 1.21748e-06 7.10363e-06 3.3687e-05 0.000129565 0.000403882 0.0010202 0.00208837 0.00346555 0.00466597 0.00510889 0.00458142 0.00344483 0.00234988 0.0017922 0.00194369 0.00278932 0.00431457 0.00657978 0.00969858 0.0137896 0.018936 0.0251562 0.0323829 0.0404464 0.0490663 0.0578519 0.0663178 0.0739175 0.0800955 0.0843533 0.0863182 0.0858013 0.0828296 0.0776454 0.0706736
 1.33738e-16 4.8133e-06 2.82185e-05 0.000134079 0.000516115 0.00160934 0.00406504 0.00831809 0.0137903 0.0185266 0.0201782 0.0178405 0.0128634 0.00769816 0.00410557 0.00247077 0.00234671 0.00321652 0.00482469 0.00714555 0.0102599 0.0142695 0.0192531 0.0252412 0.0321934 0.0399755 0.0483407 0.0569197 0.0652299 0.0727088 0.0787717 0.082888 0.0846605 0.0838904 0.0806139 0.0751012
 1.18166e-16 2.12555e-05 0.000124743 0.000592951 0.00228287 0.00711887 0.0179817 0.0367929 0.0609885 0.0819068 0.089133 0.0786269 0.0562954 0.0328795 0.0160088 0.00715304 0.00401457 0.00389576 0.00516987 0.00716216 0.00964292 0.0125072 0.0156618 0.0190096 0.0224613 0.0259436 0.0293949 0.0327477 0.0359062 0.0387297 0.0410335 0.042609 0.0432615 0.0428518 0.0413308 0.0387589
 1.09337e-16 1.41747e-05 8.31389e-05 0.000395091 0.00152093 0.00474271 0.0119801 0.0245159 0.0406491 0.0546249 0.059533 0.0527272 0.0382125 0.0232472 0.0130517 0.00876719 0.0090198 0.012116 0.0169635 0.0229391 0.0295259 0.0361226 0.0420488 0.0466576 0.0494787 0.0503256 0.0493303 0.0468874 0.0435344 0.0398073 0.0361224 0.0327161 0.0296484 0.0268545 0.0242154 0.0216214
 1.05361e-16 2.50776e-05 0.000147169 0.000699542 0.00269322 0.0083985 0.021214 0.0434074 0.0719554 0.0966424 0.105188 0.0928359 0.0665696 0.039083 0.0194056 0.00930289 0.00609053 0.00659335 0.00886464 0.0120308 0.0156857 0.0195176 0.0231983 0.0264002 0.0288539 0.0303978 0.0310004 0.0307449 0.029788 0.0283089 0.0264665 0.0243791 0.0221254 0.0197597 0.017331 0.0148954
 1.06412e-16 5.71703e-06 3.34666e-05 0.000158901 0.000611472 0.00190654 0.00481646 0.00986 0.0163626 0.0220308 0.024122 0.0216299 0.0162527 0.0110382 0.00826127 0.00859125 0.0116863 0.0170177 0.0241693 0.0327174 0.0420516 0.0513212 0.0595265 0.0657066 0.0691523 0.0695676 0.0671275 0.0624068 0.056214 0.0493882 0.0426251 0.0363814 0.0308646 0.0260884 0.021958 0.0183482
 1.09434e-16 1.85775e-05 0.000109014 0.000518163 0.00199489 0.00622079 0.0157133 0.032152 0.0532977 0.0715843 0.0779164 0.0687719 0.0493263 0.0289867 0.0144504 0.00704183 0.00480026 0.00541604 0.00750626 0.0104984 0.0141748 0.018383 0.0229335 0.0275904 0.0320949 0.0361928 0.0396557 0.0422925 0.0439547 0.04454 0.0440005 0.0423531 0.0396903 0.0361801 0.0320548 0.0275858
 1.03039e-16 3.3515e-05 0.000196712 0.000935089 0.00360016 0.0112268 0.0283579 0.0580238 0.0961797 0.129163 0.140546 0.12395 0.0886804 0.0516592 0.0248933 0.0106634 0.00529618 0.00447388 0.00555527 0.0073909 0.00952825 0.0117135 0.0137229 0.0153505 0.016443 0.0169309 0.0168394 0.016273 0.0153794 0.0143084 0.0131773 0.0120548 0.0109635 0.00989524 0.00883196 0.0077619
 1.02598e-16 1.28156e-05 7.51432e-05 0.000357042 0.00137437 0.00428562 0.0108257 0.0221553 0.0367412 0.0493921 0.0538793 0.0478368 0.0349224 0.021751 0.0131153 0.010134 0.0116479 0.0161758 0.022713 0.0305812 0.0390872 0.0473656 0.0544307 0.0593528 0.061468 0.060537 0.0568011 0.0509079 0.0437419 0.0362144 0.0290815 0.0228392 0.0177048 0.0136692 0.0105826 0.00824006
 1.03237e-16 2.90056e-05 0.000170235 0.00080921 0.00311549 0.00971534 0.0245402 0.0502125 0.0832333 0.111781 0.121644 0.107306 0.0768313 0.0448764 0.0218522 0.00975877 0.00544792 0.00521426 0.00679751 0.00921529 0.0120687 0.015107 0.0180811 0.0207378 0.0228567 0.0242881 0.0249712 0.0249298 0.0242487 0.0230422 0.0214288 0.0195161 0.0173997 0.0151676 0.012906 0.0107004
pSPR Fmed_Fpbrs
0.353809   0.255447 0.255447
Fs Fmed_Fpbrs
0.68   1.005 1.005
SSBpbr Bo_Bmed_Bpbrs
5.23204e+06  1.58954e+06  1.07491e+06 1.07491e+06
Ro
28196.3
SPR SPRFo_SPRFmed_SPRFpbrs
580167 205268 148202
log_Ro
10.0669
likeval ReclasPelacesDesembMPH_pf_preclas_ppelaces_ptallas_desvR_qrecl_qpela
 464.904 48.5191 13891.1 0.0052538 544.717 429.318 131.885 0 135.07 0 0 0 0 0 0
q_reclas_q_pelaces
1 1
M
0.7
N
 211895 16763.3 8324.4 4133.77 4077.69
 4337.63 99553.1 7451.29 3700.2 3650
 672.277 2037.91 44251.4 3312.11 3267.17
 472.739 315.85 905.855 19669.8 2924.5
 1293.86 222.103 140.396 402.653 10043.2
 412123 607.883 98.7251 62.406 4643.18
 9441.48 193624 270.205 43.8834 2091.64
 414489 4435.81 86066.1 120.106 949.242
 79848.7 194736 1971.72 38256.5 475.326
 324910 37514.7 86560.3 876.433 17216.3
 483292 152650 16675.3 38476.1 8042.25
 65715.4 227061 67852.9 7412.19 20677.5
 104840 30874.5 100929 30160.7 12485.9
 8623.45 49256.2 13723.8 44863 18956.4
 3272.33 4051.48 21894.4 6100.22 28367.8
 6708.17 1537.41 1800.89 9732.1 15321.1
 28609.5 3151.64 683.381 800.497 11136.2
 18755.8 13441.4 1400.91 303.763 5305.85
 46194.2 8811.89 5974.69 622.705 2493.48
 8482.75 21703 3916.89 2655.76 1385.15
 24301.8 3985.38 9647.02 1741.06 1796.19
 120583 11417.5 1771.51 4288.11 1572.31
 51559.3 56652.6 5075.09 787.436 2604.96
 201382 24223.7 25182.1 2255.88 1507.92
pred_Ctot
 8239.24 1272.56 631.936 313.81 309.553
 168.663 7557.44 565.655 280.896 277.085
 26.1405 154.706 3359.29 251.434 248.023
 18.3818 23.9774 68.7668 1493.21 222.009
 50.3098 16.8607 10.658 30.5669 762.415
 16024.8 46.1466 7.49458 4.73747 352.481
 367.118 14698.7 20.5122 3.33135 158.784
 16116.8 336.739 6533.6 9.1177 72.0604
 3104.8 14783.1 149.681 2904.19 36.0838
 12633.6 2847.88 6571.11 66.5332 1306.95
 18792.1 11588.2 1265.88 2920.86 610.516
 2555.25 17237.1 5150.97 562.687 1569.7
 4076.56 2343.8 7661.89 2289.61 947.849
 335.31 3739.22 1041.82 3405.72 1439.05
 127.24 307.563 1662.09 463.09 2153.5
 260.837 116.711 136.712 738.8 1163.08
 1112.44 239.253 51.8779 60.7686 845.387
 729.292 1020.38 106.348 23.0598 402.787
 1796.2 668.943 453.561 47.2718 189.289
 329.84 1647.56 297.346 201.608 105.152
 944.939 302.545 732.341 132.17 136.355
 4688.7 866.745 134.482 325.526 119.36
 2004.81 4300.71 385.269 59.7772 197.752
 7830.45 1838.91 1911.67 171.252 114.472
F
 0.0554016 0.110803 0.110803 0.110803 0.110803
 0.0554016 0.110803 0.110803 0.110803 0.110803
 0.0554016 0.110803 0.110803 0.110803 0.110803
 0.0554016 0.110803 0.110803 0.110803 0.110803
 0.0554016 0.110803 0.110803 0.110803 0.110803
 0.0554016 0.110803 0.110803 0.110803 0.110803
 0.0554016 0.110803 0.110803 0.110803 0.110803
 0.0554016 0.110803 0.110803 0.110803 0.110803
 0.0554016 0.110803 0.110803 0.110803 0.110803
 0.0554016 0.110803 0.110803 0.110803 0.110803
 0.0554016 0.110803 0.110803 0.110803 0.110803
 0.0554016 0.110803 0.110803 0.110803 0.110803
 0.0554016 0.110803 0.110803 0.110803 0.110803
 0.0554016 0.110803 0.110803 0.110803 0.110803
 0.0554016 0.110803 0.110803 0.110803 0.110803
 0.0554016 0.110803 0.110803 0.110803 0.110803
 0.0554016 0.110803 0.110803 0.110803 0.110803
 0.0554016 0.110803 0.110803 0.110803 0.110803
 0.0554016 0.110803 0.110803 0.110803 0.110803
 0.0554016 0.110803 0.110803 0.110803 0.110803
 0.0554016 0.110803 0.110803 0.110803 0.110803
 0.0554016 0.110803 0.110803 0.110803 0.110803
 0.0554016 0.110803 0.110803 0.110803 0.110803
 0.0554016 0.110803 0.110803 0.110803 0.110803
Np
 28542.3 8575.31 17198.2 1957.23 2404.51
YTP_r0W_actual
 62643.6 34939.3 52570.9 6165.08 5036.77
YTP_p0W_proyectada
 68419.1 985652 163064 216484 31087.3
 68419.1 89334.6 260452 37853.1 51606.3
CTP_r0_actual
 7830.45 1838.91 1911.67 171.252 114.472
CTP_p0_proyectada
 8343.8 45632 5193.13 5398.6 698.591
 8343.8 4135.86 8294.64 943.967 1159.69
Wmedp
 8.2 21.6 31.4 40.1 44.5
nmprior
 10.6 11 7 0
nm_flota  nm_reclas  nm_pelaces    nm_pelaL
inf 1.33436 3.30845 4.20291
cv_recla  cv_pelaces  cv_mph
1.99622 0.819636 2.01032
 ------------------------------------------------
Talla a la edad & desviaci?n 
 7.2 14.2025 17.0495 18.207 18.6776
 1.08 2.13037 2.55742 2.73105 2.80164
