years
 1997 1998 1999 2000 2001 2002 2003 2004 2005 2006 2007 2008 2009 2010 2011 2012 2013 2014 2015 2016 2017 2018
reclasobs
 0 0 0 370054 412103 1.49427e+06 250295 1.28982e+06 931140 785840 897777 1.04006e+06 184774 17550 25797 100020 73551 82996 120727 218422 84188 347160
reclaspred
 367114 100855 310059 232111 349665 418437 927810 621322 696029 631693 497132 333338 204618 95691.5 68202.9 70510.8 88940.5 121547 127409 184270 253426 229030
pelacesobs
 0 0 0 0 0 0 0 0 0 2.06254e+06 1.5e+06 0 1.87456e+06 323000 250000 174000 83755 137374 0 501740 490994 745055
pelacespred
 1.06384e+06 259126 494139 558948 720250 723761 1.82467e+06 1.52415e+06 1.50986e+06 1.38477e+06 983068 680026 415874 162811 114081 125992 165791 228985 247913 347633 528432 468887
mphobs
 0 0 0 0 0 112323 0 153150 637223 0 255016 313432 73983 77613 109348 50772 17779 17303 59886 28197 0 207744
mphpred
 686102 416170 512568 634704 690155 1.10075e+06 1.66859e+06 1.97581e+06 1.7e+06 1.72518e+06 1.61657e+06 1.13894e+06 701551 371249 181599 158617 194489 270015 334259 381163 569353 640357
desembarqueobs
 350755 77701 442110 56441 14545 235359 269955 359681 431902 328805 639364 411747 362871 311530 167758 66681 60226 58785 57116 73181 50977 67692
desembarquepred
 350760 77700.4 442100 56441.9 14545.1 235392 269980 359681 431929 328823 639568 411988 363196 311965 167798 66691.5 60243.6 58785.9 57112 73179 50976.9 67687.5
Reclutas
 50527.1 65555.7 39448.3 66160.7 114207 81577 131219 123400 150124 147186 68191.4 40038.8 42925.2 23664.1 18498.3 23107 19049.4 21264.4 23800.8 43984.1 48119.8 67023.6
log_desv_Rt
 -0.0200936 0.240298 -0.267611 0.249483 0.795411 0.458945 0.934261 0.872827 1.06886 1.0491 0.279715 -0.252754 -0.183144 -0.778646 -1.02492 -0.802466 -0.99557 -0.885567 -0.772882 -0.158775 -0.0689092 0.262442
SSB
 686102 416170 512568 634704 690155 1.10075e+06 1.66859e+06 1.97581e+06 1.7e+06 1.72518e+06 1.61657e+06 1.13894e+06 701551 371249 181599 158617 194489 270015 334259 381163 569353 640357
BT
 2.19128e+06 595639 1.12753e+06 1.06068e+06 1.30078e+06 1.48126e+06 3.45101e+06 3.13758e+06 3.09911e+06 2.7974e+06 2.3404e+06 1.59824e+06 1.10274e+06 592771 347478 280832 346307 457057 493221 682304 987785 903643
Ftot
 0.437178 0.368076 0.540595 0.103323 0.0196298 0.189676 0.118377 0.231361 0.257958 0.204781 0.422108 0.391625 0.621457 1.08761 1.01026 0.398312 0.283977 0.192425 0.164253 0.171912 0.0800071 0.111078
BD_Bspro_t
 0.946279 0.750309 0.709771 0.586675 0.721415 0.843831 0.815272 0.822623 0.774978 0.742463 0.708936 0.561173 0.447576 0.336195 0.219028 0.234466 0.349538 0.51391 0.621542 0.700893 0.792309 0.848585
BD_Bspro
 0.644613 0.391004 0.481573 0.596323 0.648421 1.03419 1.56769 1.85634 1.5972 1.62086 1.51881 1.07007 0.659128 0.3488 0.170618 0.149025 0.182728 0.253687 0.314046 0.358114 0.534925 0.601635
BD_Bo
 0.326096 0.197801 0.243617 0.301667 0.328022 0.523172 0.79306 0.93908 0.80799 0.81996 0.768335 0.541325 0.333439 0.17645 0.0863117 0.0753887 0.0924383 0.128335 0.158869 0.181162 0.270607 0.304354
BD_Brms
 1.12612 0.683073 0.841294 1.04176 1.13277 1.80669 2.73871 3.24296 2.79027 2.8316 2.65332 1.86938 1.15148 0.609343 0.298064 0.260343 0.319221 0.443184 0.548629 0.625616 0.934498 1.05104
S_f
 0.189257 1 1 1 1
 0.189257 1 1 1 1
 0.189257 1 1 1 1
 0.189257 1 1 1 1
 0.189257 1 1 1 1
 0.189257 1 1 1 1
 0.189257 1 1 1 1
 0.189257 1 1 1 1
 0.189257 1 1 1 1
 0.189257 1 1 1 1
 0.189257 1 1 1 1
 0.189257 1 1 1 1
 0.189257 1 1 1 1
 0.189257 1 1 1 1
 0.189257 1 1 1 1
 0.189257 1 1 1 1
 0.189257 1 1 1 1
 0.189257 1 1 1 1
 0.189257 1 1 1 1
 0.189257 1 1 1 1
 0.189257 1 1 1 1
 0.189257 1 1 1 1
Scru_reclas
 1 1 1 1 1
 1 1 1 1 1
 1 1 1 1 1
 1 1 1 1 1
 1 1 1 1 1
 1 1 1 1 1
 1 1 1 1 1
 1 1 1 1 1
 1 1 1 1 1
 1 1 1 1 1
 1 1 1 1 1
 1 1 1 1 1
 1 1 1 1 1
 1 1 1 1 1
 1 1 1 1 1
 1 1 1 1 1
 1 1 1 1 1
 1 1 1 1 1
 1 1 1 1 1
 1 1 1 1 1
 1 1 1 1 1
 1 1 1 1 1
Scru_pelaces
 1 1 1 1 1
 1 1 1 1 1
 1 1 1 1 1
 1 1 1 1 1
 1 1 1 1 1
 1 1 1 1 1
 1 1 1 1 1
 1 1 1 1 1
 1 1 1 1 1
 1 1 1 1 1
 1 1 1 1 1
 1 1 1 1 1
 1 1 1 1 1
 1 1 1 1 1
 1 1 1 1 1
 1 1 1 1 1
 1 1 1 1 1
 1 1 1 1 1
 1 1 1 1 1
 1 1 1 1 1
 1 1 1 1 1
 1 1 1 1 1
pf_obs 
 0.256992 0.487395 0.22802 0.0275931 0
 0.321318 0.546541 0.124235 0.00734118 0.000564706
 0.182869 0.594174 0.210203 0.0122559 0.00049798
 0.330522 0.361315 0.267642 0.0388342 0.00168674
 0.649043 0.306663 0.0425973 0.00169635 0
 0.582887 0.30429 0.105238 0.00758474 0
 0.465427 0.430635 0.0974691 0.00646863 0
 0.296916 0.608066 0.0921331 0.00288517 0
 0.311714 0.524322 0.152257 0.0117073 0
 0.15457 0.633149 0.183074 0.0267441 0.00246327
 0.131901 0.49318 0.331252 0.0422183 0.00144891
 0.196976 0.569456 0.194076 0.0375587 0.00193317
 0.518974 0.381816 0.0799577 0.0180837 0.00116848
 0.0928022 0.601141 0.25162 0.0475244 0.00691264
 0.122501 0.610282 0.24278 0.0234846 0.000952079
 0.383417 0.481906 0.127806 0.00687128 0
 0.0376549 0.599619 0.316969 0.0457579 0
 0.0361596 0.667082 0.258105 0.0386534 0
 0.158088 0.579412 0.248529 0.0139706 0
 0.0477256 0.309471 0.559284 0.082774 0.000745712
 0.0406174 0.521527 0.379366 0.0568643 0.0016247
 0.151134 0.462217 0.34131 0.0453401 0
pf_pred 
 0.336567 0.466777 0.17573 0.020917 1.02644e-05
 0.318608 0.522591 0.111728 0.042063 0.00500918
 0.180386 0.611248 0.159805 0.0341659 0.0143944
 0.305986 0.416615 0.206878 0.0540864 0.0164353
 0.324017 0.479594 0.117892 0.0585412 0.0199559
 0.173491 0.594036 0.164934 0.0405433 0.0269954
 0.266225 0.401775 0.238618 0.0662521 0.0271296
 0.210087 0.528664 0.143046 0.0849564 0.0332471
 0.244275 0.460931 0.197296 0.0533843 0.0441132
 0.217154 0.515136 0.163281 0.0698904 0.0345377
 0.115694 0.545563 0.222903 0.0706529 0.0451868
 0.112515 0.405809 0.297165 0.121414 0.0630972
 0.194524 0.359095 0.204111 0.149466 0.092804
 0.174117 0.52175 0.135588 0.0770685 0.0914767
 0.249062 0.492463 0.163291 0.0424347 0.0527493
 0.329005 0.49792 0.113502 0.0376351 0.0219378
 0.220694 0.590216 0.140317 0.0319855 0.016788
 0.232451 0.483982 0.214763 0.0510573 0.0177473
 0.229687 0.490018 0.176741 0.0784275 0.0251262
 0.32698 0.423641 0.158637 0.0572176 0.0335241
 0.245771 0.554585 0.125669 0.047058 0.0269176
 0.264343 0.47157 0.194183 0.0440018 0.0259019
pobs_RECLAS
 0 0 0 0 0
 0 0 0 0 0
 0 0 0 0 0
 0 0 0 0 0
 0.835266 0.146461 0.0176864 0.000547809 3.91292e-05
 0.385257 0.428462 0.181853 0.0044286 0
 0.867414 0.0963971 0.0333333 0.00285562 0
 0.441836 0.489002 0.0689373 0.000224442 0
 0.779404 0.147425 0.0564933 0.0165055 0.000172143
 0.814271 0.122319 0.05973 0.00367925 0
 0.40263 0.566651 0.0304383 0.000280538 0
 0.475488 0.404961 0.113038 0.00651328 0
 0.955842 0.0263864 0.0167828 0.000988607 0
 0.975058 0.0227948 0.00214734 0 0
 0.738997 0.206755 0.0527124 0.00153531 0
 0.850938 0.134255 0.0134407 0.00136685 0
 0.542534 0.407297 0.0501686 0 0
 0.764087 0.199537 0.0359546 0.000420521 0
 0.470689 0.182191 0.310203 0.0369168 0
 0.84361 0.089868 0.0606195 0.00523954 0.000663233
 0.607945 0.314616 0.071237 0.00620181 0
 0.523733 0.453247 0.0230204 0 0
ppred_RECLAS
 0.733789 0.1873 0.0705138 0.0083932 4.11871e-06
 0.716466 0.217455 0.0464913 0.0175028 0.00208437
 0.546754 0.33802 0.0883724 0.0188938 0.0079601
 0.700768 0.179628 0.0891974 0.0233199 0.00708625
 0.717118 0.200698 0.0493347 0.024498 0.00835103
 0.528436 0.338927 0.0941027 0.0231319 0.0154022
 0.658562 0.186953 0.111033 0.0308283 0.0126239
 0.58739 0.276147 0.0747198 0.0443768 0.0173666
 0.634127 0.223153 0.095518 0.0258453 0.0213568
 0.597141 0.265094 0.0840259 0.0359662 0.0177734
 0.415202 0.360785 0.147407 0.0467232 0.0298823
 0.407011 0.271149 0.198556 0.081125 0.0421595
 0.571458 0.191051 0.108594 0.0795211 0.0493751
 0.550758 0.283808 0.0737535 0.0419217 0.049759
 0.656376 0.225347 0.074721 0.0194178 0.0241377
 0.726473 0.202974 0.0462684 0.0153417 0.00894282
 0.603359 0.3004 0.0714166 0.0162795 0.00854453
 0.617889 0.240942 0.106916 0.025418 0.00883519
 0.613804 0.24567 0.0886092 0.0393196 0.012597
 0.721516 0.175295 0.0656412 0.0236757 0.0138717
 0.633522 0.269471 0.0610621 0.0228653 0.0130792
 0.656295 0.220322 0.090724 0.020558 0.0121016
pobs_PELACES
 0 0 0 0 0
 0 0 0 0 0
 0 0 0 0 0
 0 0 0 0 0
 0 0 0 0 0
 0 0 0 0 0
 0 0 0 0 0
 0 0 0 0 0
 0 0 0 0 0
 0 0 0 0 0
 0.450072 0.473896 0.0757376 0.000293798 0
 0 0 0 0 0
 0.463077 0.371075 0.160297 0.00555027 0
 0.529543 0.364841 0.0842815 0.0213345 0
 0.631943 0.363953 0.00410389 0 0
 0.735681 0.248677 0.0153453 0.000297389 0
 0.695825 0.281241 0.0229344 0 0
 0.275771 0.60734 0.115278 0.00161068 0
 0 0 0 0 0
 0.896147 0.0623911 0.0374545 0.00400742 0
 0.803859 0.145111 0.0509908 3.86294e-05 0
 0.739449 0.233085 0.0266225 0.000797448 4.60066e-05
ppred_PELACES
 0.756004 0.17167 0.0646294 0.00769279 3.775e-06
 0.736038 0.202445 0.0432821 0.0162946 0.00194049
 0.582294 0.311515 0.0814429 0.0174123 0.00733593
 0.706533 0.176168 0.0874792 0.0228707 0.00694975
 0.718182 0.199943 0.0491491 0.0244058 0.00831961
 0.541061 0.329853 0.0915834 0.0225126 0.0149898
 0.665647 0.183073 0.108729 0.0301886 0.0123619
 0.602307 0.266163 0.0720185 0.0427725 0.0167387
 0.649986 0.21348 0.0913776 0.024725 0.0204311
 0.610248 0.256469 0.0812921 0.0347961 0.0171952
 0.442859 0.343722 0.140436 0.0445136 0.0284691
 0.432524 0.259482 0.190013 0.0776346 0.0403456
 0.611607 0.173153 0.0984204 0.0720711 0.0447493
 0.621217 0.239295 0.062186 0.0353467 0.0419548
 0.714528 0.187212 0.0620759 0.0161317 0.0200529
 0.74713 0.187645 0.042774 0.0141831 0.00826743
 0.621391 0.286744 0.0681699 0.0155394 0.00815607
 0.629968 0.233326 0.103536 0.0246145 0.00855589
 0.624168 0.239078 0.0862313 0.0382645 0.012259
 0.730663 0.169538 0.0634852 0.0228981 0.0134161
 0.638478 0.265827 0.0602364 0.0225562 0.0129023
 0.662967 0.216045 0.0889628 0.020159 0.0118667
pobs_pel_tallas
 0 0 0 0 0 0 0 0 0 0 0 0 0 0 0 0 0 0 0 0 0 0 0 0 0 0 0 0 0 0 0 0 0 0 0 0
 0 0 0 0 0 0 0 0 0 0 0 0 0 0 0 0 0 0 0 0 0 0 0 0 0 0 0 0 0 0 0 0 0 0 0 0
 0 0 0 0 0 0 0 0 0 0 0 0 0 0 0 0 0 0 0 0 0 0 0 0 0 0 0 0 0 0 0 0 0 0 0 0
 0 0 0 0 0 0 0 0 0 0 0 0 0 0 0 0 0 0 0 0 0 0 0 0 0 0 0 0 0 0 0 0 0 0 0 0
 0 0 0 0 0 0 0 0 0 0 0 0 0 0 0 0 0 0 0 0 0 0 0 0 0 0 0 0 0 0 0 0 0 0 0 0
 0 0 0 0 0 0 0 0 0 0 0 0 0 0 0 0 0 0 0 0 0 0 0 0 0 0 0 0 0 0 0 0 0 0 0 0
 0 0 0 0 0 0 0 0 0 0 0 0 0 0 0 0 0 0 0 0 0 0 0 0 0 0 0 0 0 0 0 0 0 0 0 0
 0 0 0 0 0 0 0 0 0 0 0 0 0 0 0 0 0 0 0 0 0 0 0 0 0 0 0 0 0 0 0 0 0 0 0 0
 0 0 0 0 0 0 0 0 0 0 0 0 0 0 0 0 0 0 0 0 0 0 0 0 0 0 0 0 0 0 0 0 0 0 0 0
 0 0 0 0 0 0 0 0 0 0 0 0 0 0 0 0 0 0 0 0 0 0 0 0 0 0 0 0 0 0 0 0 0 0 0 0
 0 0 0 0 0 0 0 0 1.78061e-05 0.00172719 0.00360574 0.0105946 0.0120993 0.0124554 0.0147524 0.0171206 0.0266825 0.0428682 0.0675386 0.121331 0.153587 0.119568 0.100827 0.0573624 0.0630603 0.0341343 0.0324427 0.0444173 0.0211091 0.0280891 0.0125444 0.00206551 0 0 0 0
 0 0 0 0 0 0 0 0 0 0 0 0 0 0 0 0 0 0 0 0 0 0 0 0 0 0 0 0 0 0 0 0 0 0 0 0
 0 0 0 0 0 0 0.0133647 0.0140871 0.0187388 0.0205184 0.03894 0.0496705 0.03968 0.0493445 0.0407372 0.0367815 0.0215668 0.0243155 0.0234873 0.0199281 0.019796 0.0243948 0.0301388 0.0376714 0.0412746 0.0863199 0.0771752 0.113111 0.0741005 0.0525337 0.0229764 0.00759418 0.00175318 0 0 0
 0 0 0 0 0 0 0 0 0 0 0.00219441 0.00772107 0.0458388 0.0604681 0.0671733 0.0775358 0.0609151 0.0617685 0.073594 0.0568108 0.0755445 0.0548602 0.0670107 0.0636378 0.0643287 0.046367 0.0373049 0.0286899 0.0247887 0.0153202 0.00654259 0.00121912 0.000365735 0 0 0
 0 0 0 0 0 0 0 0 0 0 0 0 0.000112435 0.00938835 0.0111873 0.0202946 0.0414886 0.0713402 0.111592 0.104902 0.108894 0.110636 0.117776 0.105296 0.107544 0.0401394 0.0192827 0.0124803 0.00416011 0.0028671 0.000618394 0 0 0 0 0
 0 0 0 0 0 0 0 0 0 0 0.00291406 0.0102884 0.027416 0.0768956 0.0749926 0.110853 0.0956884 0.0897413 0.0766577 0.0534642 0.0500743 0.0551293 0.0594112 0.0620874 0.0668451 0.0424026 0.0208742 0.0120726 0.0048766 0.00582813 0.00118941 0.000297354 0 0 0 0
 0 0.00264628 0.0354308 0.0461629 0.0458689 0.0383711 0.0214643 0.0164657 0.0346957 0.0420465 0.0363128 0.0245516 0.0311673 0.0291091 0.0169068 0.0133784 0.00837989 0.0085269 0.0148486 0.0160247 0.0276389 0.0546898 0.0760071 0.122758 0.109233 0.0665981 0.0333725 0.0166128 0.00676272 0.00308733 0.000882094 0 0 0 0 0
 0 0 0 0 0 0 0 0.000805153 0.000690131 0.00759144 0.0133425 0.0154129 0.00931677 0.000345066 0.00356568 0.00563607 0.00851162 0.0253048 0.0502646 0.0516448 0.0657925 0.0565908 0.0611916 0.0827007 0.0866115 0.110766 0.145733 0.0935128 0.0569358 0.0249597 0.0138026 0.00621118 0.00161031 0.00115022 0 0
 0 0 0 0 0 0 0 0 0 0 0 0 0 0 0 0 0 0 0 0 0 0 0 0 0 0 0 0 0 0 0 0 0 0 0 0
 0.00147267 0.00158595 0.00478618 0.00569244 0.00954404 0.0108468 0.00647125 0.017049 0.0510054 0.094081 0.124002 0.0959785 0.0687766 0.0820023 0.061753 0.0591476 0.0492212 0.0479892 0.0443925 0.0268479 0.0217502 0.0140895 0.0121071 0.0120363 0.00920419 0.00665534 0.0049561 0.00860946 0.00930331 0.0156896 0.0114698 0.00855282 0.00243557 0.00046729 0 2.83206e-05
 0 0 0 0 0.000772559 0.00158375 0.000888443 0.00281984 0.00712685 0.0440552 0.0773331 0.111326 0.0921469 0.0852325 0.0710754 0.0886704 0.0786465 0.0553345 0.0373146 0.0185414 0.00753245 0.00457741 0.012979 0.0271748 0.0457355 0.0583668 0.034881 0.0177882 0.00938659 0.00492506 0.0015258 0.00185414 0.000309023 5.79419e-05 3.86279e-05 0
 0 0.00173294 0.00326652 0 0.00397197 0.00683976 0.00946217 0.0152591 0.00757587 0.0136028 0.0228656 0.0392903 0.0559909 0.0764795 0.0681675 0.0726916 0.0566044 0.0477403 0.0527397 0.0444891 0.0609904 0.0582453 0.0661739 0.0445044 0.0529084 0.0360697 0.0280645 0.0235558 0.0158879 0.00826598 0.00280645 0.00217768 0.000904811 0.00058276 9.20147e-05 0
ppred_pel_tallas
 1.01238e-16 3.29851e-05 0.000193597 0.000920272 0.0035431 0.0110488 0.0279085 0.0571044 0.0946569 0.127122 0.138333 0.122019 0.0873435 0.0509709 0.0247311 0.0108848 0.00583276 0.00533637 0.00679619 0.00906425 0.0116587 0.0142745 0.0166245 0.018439 0.0195131 0.0197494 0.0191761 0.0179303 0.0162174 0.0142593 0.0122497 0.0103274 0.00857237 0.00701596 0.00565947 0.00449078
 1.01332e-16 3.21156e-05 0.00018849 0.000895987 0.00344959 0.0107572 0.0271719 0.0555975 0.0921601 0.123771 0.134695 0.118829 0.0851012 0.0497451 0.0242904 0.0109521 0.00623854 0.00603068 0.00779432 0.0103932 0.0133225 0.0162358 0.018798 0.0206978 0.021706 0.0217267 0.0208158 0.0191595 0.0170221 0.0146805 0.0123691 0.0102469 0.00839245 0.00682016 0.00550509 0.00440725
 1.02199e-16 2.54162e-05 0.000149148 0.000708928 0.00272932 0.00851107 0.0214985 0.0439902 0.072924 0.0979514 0.106634 0.0941619 0.0676292 0.039923 0.0202247 0.0103574 0.00762985 0.00883536 0.0119789 0.0161068 0.020689 0.0252517 0.0292896 0.0323229 0.0339939 0.034147 0.0328585 0.0304043 0.0271809 0.0236077 0.0200415 0.0167282 0.0137945 0.011271 0.00912995 0.00732037
 1.0241e-16 3.08281e-05 0.000180933 0.000860066 0.00331129 0.0103259 0.0260825 0.0533684 0.0884647 0.118807 0.129291 0.114054 0.0816675 0.0477099 0.0232459 0.0103992 0.0058182 0.00555387 0.00718609 0.00964574 0.0124784 0.0153866 0.0180818 0.0202868 0.0217836 0.0224565 0.0223101 0.021455 0.0200687 0.0183473 0.0164634 0.0145437 0.0126664 0.0108725 0.00918301 0.00761298
 1.01991e-16 3.13369e-05 0.000183918 0.000874255 0.00336591 0.0104963 0.0265128 0.054249 0.0899248 0.12077 0.13143 0.115951 0.0830448 0.0485536 0.0237287 0.0107339 0.00616552 0.006008 0.00779239 0.0104133 0.0133806 0.0163573 0.0190156 0.0210491 0.0222294 0.0224558 0.0217741 0.0203549 0.018444 0.016299 0.014137 0.0121044 0.0102737 0.00865911 0.00724242 0.00599507
 1.02882e-16 2.3619e-05 0.000138595 0.000658755 0.00253614 0.00790862 0.0199768 0.0408768 0.0677642 0.0910246 0.0991033 0.0875364 0.0629236 0.037252 0.0190693 0.0100895 0.00783226 0.00933375 0.0127452 0.017169 0.0220807 0.0269897 0.0313653 0.0347 0.0366137 0.0369373 0.0357441 0.0333159 0.0300611 0.0264112 0.0227329 0.0192781 0.0161766 0.0134607 0.0111054 0.009065
 1.03219e-16 2.90456e-05 0.000170467 0.00081031 0.00311971 0.00972851 0.0245735 0.0502809 0.0833473 0.111937 0.121819 0.107475 0.0769826 0.0450261 0.0220384 0.0100309 0.00585844 0.00581164 0.00761826 0.0102724 0.0133388 0.0165207 0.0195223 0.0220547 0.0238849 0.0248802 0.0250278 0.0244208 0.0232208 0.02161 0.0197517 0.0177687 0.0157421 0.0137231 0.011749 0.00985561
 1.03361e-16 2.62869e-05 0.000154264 0.000733262 0.00282303 0.0088033 0.0222366 0.0455 0.0754254 0.101306 0.110273 0.0973442 0.0698469 0.0410958 0.0205673 0.0101236 0.00695848 0.00774113 0.0104111 0.0140106 0.018049 0.0221189 0.0257945 0.0286696 0.0304381 0.03096 0.0302854 0.0286277 0.0262973 0.0236204 0.0208705 0.0182313 0.0157931 0.013576 0.0115622 0.00972559
 1.03171e-16 2.83639e-05 0.000166462 0.000791264 0.00304637 0.00949979 0.0239958 0.0490991 0.0813894 0.10931 0.118968 0.104978 0.0752348 0.0440852 0.0217289 0.0101438 0.00627117 0.00649609 0.0085963 0.0115709 0.0149592 0.0184218 0.0216146 0.0242063 0.0259392 0.0266817 0.0264496 0.0253864 0.023715 0.0216764 0.0194785 0.0172682 0.015129 0.0130968 0.0111831 0.00939386
 1.03237e-16 2.66328e-05 0.000156295 0.000742921 0.00286023 0.0089193 0.0225296 0.0460994 0.0764186 0.102639 0.111721 0.0986151 0.0707432 0.0415919 0.0207578 0.0101222 0.00683709 0.00752444 0.0100975 0.0135922 0.017524 0.021498 0.0251026 0.027944 0.0297229 0.0302982 0.0297111 0.0281596 0.0259367 0.0233528 0.0206711 0.0180714 0.0156468 0.0134247 0.0113966 0.00954517
 1.04966e-16 1.93375e-05 0.000113458 0.000539246 0.002076 0.00647368 0.0163523 0.0334609 0.0554728 0.0745217 0.0811557 0.071731 0.0516659 0.0307963 0.0161518 0.00917664 0.00788411 0.00988595 0.0136889 0.0185486 0.0239899 0.0295285 0.0346215 0.0387381 0.0414658 0.0425963 0.0421593 0.0403913 0.0376559 0.0343453 0.0307969 0.0272476 0.0238305 0.0206001 0.0175708 0.0147476
 1.07335e-16 1.88835e-05 0.0001108 0.000526628 0.00202744 0.00632228 0.0159697 0.0326776 0.0541723 0.0727686 0.0792308 0.0699921 0.0503321 0.0298391 0.0153558 0.00826757 0.00661388 0.00805626 0.0111564 0.0152433 0.0199468 0.0249181 0.0297601 0.0340666 0.0374952 0.0398282 0.0410005 0.0410829 0.0402345 0.038644 0.0364826 0.0338825 0.0309413 0.0277406 0.0243678 0.0209264
 1.06021e-16 2.66886e-05 0.000156631 0.000744534 0.00286647 0.00893877 0.0225787 0.0461993 0.0765818 0.102851 0.111933 0.0987589 0.0707512 0.0414055 0.020312 0.00932543 0.00556374 0.00562858 0.00744326 0.0100952 0.0131957 0.0164819 0.0196895 0.0225559 0.0248644 0.0264822 0.0273767 0.0276014 0.0272615 0.026473 0.0253312 0.0238984 0.0222103 0.0202935 0.0181841 0.0159392
 1.04136e-16 2.71103e-05 0.000159101 0.000756262 0.0029116 0.00907951 0.0229342 0.0469273 0.0777902 0.104479 0.113718 0.100365 0.0719705 0.0422565 0.0209835 0.0100565 0.00656582 0.00706524 0.00942953 0.0126862 0.0163629 0.02009 0.0234878 0.0261956 0.0279411 0.0285988 0.0282111 0.0269625 0.0251202 0.0229622 0.0207162 0.0185287 0.0164648 0.0145302 0.0127034 0.0109626
 1.02434e-16 3.11771e-05 0.000182981 0.0008698 0.00334877 0.0104428 0.0263777 0.0539725 0.0894662 0.120153 0.130756 0.115351 0.0826031 0.0482709 0.0235454 0.0105757 0.00597267 0.00574058 0.00742648 0.00993957 0.0128069 0.0157121 0.0183495 0.0204307 0.0217368 0.0221642 0.0217427 0.0206166 0.0189995 0.0171182 0.0151649 0.013271 0.0115049 0.00988644 0.00840915 0.00705998
 1.01543e-16 3.25987e-05 0.000191327 0.000909479 0.00350154 0.0109192 0.0275811 0.0564348 0.0935473 0.125633 0.136717 0.120603 0.0863495 0.0504307 0.0245431 0.0109273 0.00603174 0.00567036 0.00727131 0.00968957 0.0124301 0.0151667 0.0175888 0.0194081 0.0204118 0.0205089 0.0197483 0.0182978 0.0163969 0.0142966 0.0122085 0.0102753 0.00856745 0.00709728 0.00584305 0.00477095
 1.01977e-16 2.712e-05 0.000159153 0.000756499 0.00291249 0.00908227 0.0229413 0.046942 0.077816 0.104518 0.113771 0.100437 0.0720772 0.0424298 0.0212745 0.0105349 0.00731702 0.00818233 0.0109979 0.0147614 0.0189459 0.0231051 0.0267726 0.0295075 0.0309834 0.0310611 0.0298161 0.0275081 0.0245075 0.0212043 0.0179289 0.0149072 0.0122529 0.0099893 0.00808495 0.00648684
 1.02792e-16 2.74918e-05 0.000161341 0.000766911 0.0029526 0.00920736 0.0232572 0.047588 0.0788853 0.105949 0.115317 0.101772 0.0729712 0.0428274 0.0212369 0.0101291 0.00655179 0.00701066 0.00935336 0.0125998 0.0162796 0.0200275 0.0234656 0.0262288 0.0280333 0.0287343 0.0283501 0.0270415 0.0250589 0.0226753 0.0201295 0.017594 0.0151709 0.0129077 0.010821 0.00891691
 1.0319e-16 2.72391e-05 0.000159857 0.000759854 0.00292543 0.00912263 0.0230431 0.0471501 0.0781596 0.104975 0.114259 0.100842 0.0723127 0.0424581 0.0210853 0.0101088 0.00660613 0.00711611 0.00950518 0.012798 0.0165213 0.0203032 0.0237597 0.0265217 0.0283062 0.0289741 0.0285544 0.0272206 0.0252348 0.0228773 0.0203877 0.0179321 0.0156008 0.0134267 0.0114122 0.00955255
 1.02371e-16 3.18799e-05 0.000187109 0.000889429 0.00342435 0.0106785 0.0269731 0.0551905 0.0914845 0.122862 0.133699 0.117934 0.0844263 0.0492823 0.0239381 0.0105817 0.00573848 0.00531641 0.00680756 0.00910632 0.0117498 0.0144447 0.0169134 0.0188934 0.0201832 0.0206835 0.0204133 0.0194942 0.0181101 0.0164582 0.014707 0.0129734 0.0113211 0.00977347 0.00833292 0.0069971
 1.0232e-16 2.78641e-05 0.000163524 0.000777283 0.00299252 0.00933186 0.0235717 0.0482317 0.0799531 0.107386 0.116886 0.10317 0.0740026 0.0434909 0.0216724 0.010511 0.00702039 0.00765894 0.0102349 0.0137312 0.0176335 0.0215243 0.0249724 0.0275711 0.0290193 0.0291878 0.0281448 0.0261268 0.0234706 0.0205291 0.0175994 0.0148814 0.0124726 0.0103896 0.00860159 0.00706178
 1.02581e-16 2.893e-05 0.000169786 0.000807064 0.0031072 0.0096895 0.024475 0.0500796 0.0830145 0.111492 0.121342 0.107072 0.0767315 0.0449545 0.0221427 0.0103117 0.00633911 0.00653509 0.00863006 0.0116004 0.0149738 0.018403 0.0215367 0.024038 0.025647 0.0262341 0.0258219 0.0245652 0.0227014 0.0204872 0.0181453 0.0158346 0.0136459 0.0116175 0.00975817 0.00806674
pSPR Fmed_Fpbrs
0.431704   0.339574 0.339574
Fs Fmed_Fpbrs
0.68   1.005 1.005
SSBpbr Bo_Bmed_Bpbrs
2.10399e+06  803100  609261 609261
Ro
51552.6
SPR SPRFo_SPRFmed_SPRFpbrs
1.06436e+06 459489 361430
log_Ro
10.6704
likeval ReclasPelacesDesembMPH_pf_preclas_ppelaces_ptallas_desvR_qrecl_qpela
 63.593 27.0857 0.0170316 0.00255646 275.898 165.47 61.8669 0 13.6958 8.11117e-05 0 0 0 0 0
q_reclas_q_pelaces
0.279091 1
M
0.7
N
 50527.1 15397.7 5796.86 689.996 0.338594
 65555.7 23098.6 4938.4 1859.18 221.406
 39448.3 30363.5 7938.26 1697.18 715.035
 66160.7 17684.4 8781.48 2295.84 697.641
 114207 32218.2 7919.74 3932.68 1340.6
 81577 56503.3 15688.1 3856.38 2567.73
 131219 39081.5 23210.9 6444.49 2638.95
 123400 63717.6 17240.7 10239.4 4007.13
 150124 58653.3 25105.8 6793.13 5613.39
 147186 70997.5 22503.8 9632.48 4760.07
 68191.4 70312.1 28727.7 9105.73 5823.67
 40038.8 31262.9 22893.1 9353.54 4860.9
 42925.2 18462.3 10494 7684.54 4771.37
 23664.1 18950.8 4924.75 2799.24 3322.57
 18498.3 9565.09 3171.6 824.208 1024.55
 23107 7587.34 1729.55 573.485 334.29
 19049.4 10641.4 2529.87 576.689 302.682
 21264.4 8964.65 3977.99 945.72 328.728
 23800.8 10182 3672.47 1629.63 522.092
 43984.1 11457.4 4290.34 1547.45 906.662
 48119.8 21142.7 4790.92 1794.01 1026.19
 67023.6 23536.5 9691.85 2196.17 1292.79
pred_Ctot
 2899.32 4021 1513.8 180.187 0.0884212
 3185.2 5224.48 1116.98 420.514 50.078
 2775.36 9404.44 2458.71 525.665 221.467
 922.417 1255.92 623.648 163.047 49.5454
 304.632 450.902 110.839 55.0389 18.762
 2072.96 7097.83 1970.71 484.43 322.553
 2093.39 3159.25 1876.31 520.957 213.326
 3811.64 9591.62 2595.3 1541.38 603.208
 5158.8 9734.3 4166.65 1127.41 931.617
 4032.94 9566.99 3032.42 1297.99 641.426
 3782.73 17837.8 7288.07 2310.08 1477.43
 2065.84 7450.91 5456.13 2229.24 1158.5
 3448.76 6366.47 3618.72 2649.91 1645.34
 3203.77 9600.27 2494.83 1418.07 1683.18
 2340.85 4628.5 1534.72 398.83 495.774
 1211.92 1834.13 418.094 138.632 80.8098
 719.076 1923.07 457.188 104.217 54.6995
 548.057 1141.1 506.355 120.38 41.8434
 524.848 1119.72 403.863 179.211 57.4147
 1014.5 1314.41 492.194 177.526 104.014
 520.51 1174.53 266.149 99.6624 57.0078
 1003.94 1790.97 737.484 167.114 98.3724
F
 0.0827391 0.437178 0.437178 0.437178 0.437178
 0.069661 0.368076 0.368076 0.368076 0.368076
 0.102311 0.540595 0.540595 0.540595 0.540595
 0.0195545 0.103323 0.103323 0.103323 0.103323
 0.00371507 0.0196298 0.0196298 0.0196298 0.0196298
 0.0358975 0.189676 0.189676 0.189676 0.189676
 0.0224038 0.118377 0.118377 0.118377 0.118377
 0.0437868 0.231361 0.231361 0.231361 0.231361
 0.0488205 0.257958 0.257958 0.257958 0.257958
 0.0387562 0.204781 0.204781 0.204781 0.204781
 0.0798869 0.422108 0.422108 0.422108 0.422108
 0.0741178 0.391625 0.391625 0.391625 0.391625
 0.117615 0.621457 0.621457 0.621457 0.621457
 0.205837 1.08761 1.08761 1.08761 1.08761
 0.191199 1.01026 1.01026 1.01026 1.01026
 0.0753834 0.398312 0.398312 0.398312 0.398312
 0.0537447 0.283977 0.283977 0.283977 0.283977
 0.0364178 0.192425 0.192425 0.192425 0.192425
 0.031086 0.164253 0.164253 0.164253 0.164253
 0.0325356 0.171912 0.171912 0.171912 0.171912
 0.0151419 0.0800071 0.0800071 0.0800071 0.0800071
 0.0210224 0.111078 0.111078 0.111078 0.111078
Np
 36941.8 15167.3 5924.06 1901.18 925.17
YTP_r0W_actual
 6023.66 31162.8 20575.8 6383.74 3541.41
YTP_p0W_proyectada
 38149.7 339517 158395 83295.2 30253.5
 38149.7 158007 89715 36769.1 19856.3
CTP_r0_actual
 1003.94 1790.97 737.484 167.114 98.3724
CTP_p0_proyectada
 4652.4 15718.4 5044.41 2077.19 679.855
 4652.4 7315.15 2857.17 916.935 446.208
Wmedp
 8.2 21.6 31.4 40.1 44.5
nmprior
 10.6 11 7 0
nm_flota  nm_reclas  nm_pelaces    nm_pelaL
inf 14.5383 17.9466 17.9466
cv_recla  cv_pelaces  cv_mph
0.776183 0.665748 1.45958
 ------------------------------------------------
Talla a la edad & desviaci?n 
 7.2 14.2025 17.0495 18.207 18.6776
 1.08 2.13037 2.55742 2.73105 2.80164
