    unsorted:	 1.348701404e-06 2.041045543e-06 0.001399973742 0.007617323907 83.04509808 67.43143428 60.87843579 92.60912297 13.68859604 31.03882343 221.6633602 236.2074362 349.7846877 495.7222344 549.1333173 688.1686254 769.8228774 797.1203181 830.4508938 944.7847174 1112.908703 1267.066012 1492.687872 1705.360639 1799.794946 2071.858425 2361.506173 2724.679749 2882.761066 3065.858577 3604.641284 4115.080478 4305.650924 4605.453850 4773.886745 8812.183978 61725.53418 223171.9593 428250.2663 436749.0805 394712.8768 376311.2105 341266.6675 275636.2830 492733.5556 523146.1120 585814.6466 639225.3752 710296.6764 829431.5118 994629.9845 1152482.526 1288169.122 1491885.724 1692139.230 1996395.493 2131384.574 2365896.396 2639175.544 28237783.15
      sorted:	 1.348701404e-06 2.041045543e-06 0.001399973742 0.007617323907 13.68859604 31.03882343 60.87843579 67.43143428 83.04509808 92.60912297 221.6633602 236.2074362 349.7846877 495.7222344 549.1333173 688.1686254 769.8228774 797.1203181 830.4508938 944.7847174 1112.908703 1267.066012 1492.687872 1705.360639 1799.794946 2071.858425 2361.506173 2724.679749 2882.761066 3065.858577 3604.641284 4115.080478 4305.650924 4605.453850 4773.886745 8812.183978 61725.53418 223171.9593 275636.2830 341266.6675 376311.2105 394712.8768 428250.2663 436749.0805 492733.5556 523146.1120 585814.6466 639225.3752 710296.6764 829431.5118 994629.9845 1152482.526 1288169.122 1491885.724 1692139.230 1996395.493 2131384.574 2365896.396 2639175.544 28237783.15
