    unsorted:	 8.538457841e-07 8.845003757e-06 0.001499978575 0.007902597270 106.1662894 67.61373039 63.34294797 94.67085157 14.33338808 31.48663677 223.0471612 230.2868541 345.4864795 485.9840567 531.3564035 676.1923903 757.2607646 788.5016493 815.2305304 913.0531831 1074.575358 1139.682179 1428.823938 1482.043993 1761.603040 1913.440077 2314.324487 2601.686604 2693.018556 3003.596124 3057.831201 3582.982350 4172.332595 4660.997089 4608.337089 4895.692761 9410.781386 17804.16358 213510.6128 275137.8015 341658.8145 376581.2232 396280.0406 426299.4104 437114.4850 471984.8755 523026.6415 563948.8631 615968.9337 713747.9556 819221.9302 907000.0059 1051841.507 1190974.453 1335282.599 1511507.646 1767920.951 1998306.244 2267750.173 2378258.320 2650232.582 29562439.22
      sorted:	 8.538457841e-07 8.845003757e-06 0.001499978575 0.007902597270 14.33338808 31.48663677 63.34294797 67.61373039 94.67085157 106.1662894 223.0471612 230.2868541 345.4864795 485.9840567 531.3564035 676.1923903 757.2607646 788.5016493 815.2305304 913.0531831 1074.575358 1139.682179 1428.823938 1482.043993 1761.603040 1913.440077 2314.324487 2601.686604 2693.018556 3003.596124 3057.831201 3582.982350 4172.332595 4608.337089 4660.997089 4895.692761 9410.781386 17804.16358 213510.6128 275137.8015 341658.8145 376581.2232 396280.0406 426299.4104 437114.4850 471984.8755 523026.6415 563948.8631 615968.9337 713747.9556 819221.9302 907000.0059 1051841.507 1190974.453 1335282.599 1511507.646 1767920.951 1998306.244 2267750.173 2378258.320 2650232.582 29562439.22
