years
 1997 1998 1999 2000 2001 2002 2003 2004 2005 2006 2007 2008 2009 2010 2011 2012 2013 2014 2015 2016 2017 2018 2019 2020 2021 2022
reclasobs
 0 0 0 370054 412103 1.49427e+06 250295 1.28982e+06 931140 785840 897777 1.04006e+06 184774 17550 25797 100020 73551 82996 120727 218422 84188 347160 605670 569463 516374 1.08416e+06
reclaspred
 2.84455e+06 689509 1.48011e+06 604088 301189 1.07679e+06 4.23746e+06 3.14254e+06 3.63829e+06 3.2477e+06 4.50217e+06 4.56539e+06 3.31669e+06 2.0822e+06 1.32281e+06 750866 534187 509639 513531 603598 491798 555221 1.2797e+06 1.38606e+06 1.85066e+06 1.8066e+06
pelacesobs
 0 0 0 0 0 0 0 0 0 2.06254e+06 1.5e+06 0 1.87456e+06 323000 250000 174000 83755 137374 0 501740 490994 745055 786931 1.00524e+06 1.33801e+06 1.41789e+06
pelacespred
 2.38498e+06 873922 516221 479702 214581 431142 1.5088e+06 2.22683e+06 2.20563e+06 2.07396e+06 2.69534e+06 2.74458e+06 2.10141e+06 1.38964e+06 841282 482551 325572 282014 298663 323283 311166 309366 550814 778238 967608 1.05247e+06
mphobs
 0 0 0 0 0 112323 0 153150 637223 0 255016 313432 73983 77613 109348 50772 17779 17303 59886 28197 0 207744 136588 643089 65757 0
mphpred
 1.8542e+06 1.50184e+06 885492 824939 367176 315615 2.55579e+06 2.70126e+06 3.56791e+06 2.86328e+06 3.48726e+06 4.57317e+06 3.38202e+06 2.37845e+06 1.44091e+06 820494 488824 435041 429348 539239 461512 414800 842881 1.10984e+06 1.53764e+06 1.57968e+06
desembarqueobs
 350755 77701 442110 56441 14545 235359 269955 359681 431902 328805 639364 411747 362871 311530 167758 66681 60226 58785 57116 73181 50977 67692 138656 160484 209506 203330
desembarquepred
 323312 78507.1 168529 68782.9 34293 122233 482472 357211 414155 369403 512017 519754 377528 237077 150615 85489.5 60780.8 57998.9 58414.7 68716.7 55959.3 63124 145638 157667 210644 205560
Reclutas
 208078 4326.56 631.024 443.648 1226.5 412640 8901.81 415921 77346 325714 484854 62937.5 106864 8245.86 3117.43 6466.65 28884.2 18536.4 46437.9 7850.39 26250.1 113934 78407.8 139011 50255.7 116178
log_desv_Rt
 1.93899 -1.93415 -3.85933 -4.21165 -3.19476 2.62365 -1.21267 2.63157 0.949366 2.3871 2.78493 0.743219 1.27263 -1.28921 -2.26191 -1.53227 -0.035628 -0.479184 0.439193 -1.33836 -0.131252 1.33669 0.963 1.53563 0.518201 1.3562
SSB
 1.8542e+06 1.50184e+06 885492 824939 367176 315615 2.55579e+06 2.70126e+06 3.56791e+06 2.86328e+06 3.48726e+06 4.57317e+06 3.38202e+06 2.37845e+06 1.44091e+06 820494 488824 435041 429348 539239 461512 414800 842881 1.10984e+06 1.53764e+06 1.57968e+06
BT
 7.78775e+06 1.71664e+06 1.01626e+06 941483 423685 1.43489e+06 3.015e+06 5.93025e+06 4.64006e+06 5.04276e+06 6.87702e+06 5.58942e+06 4.44472e+06 2.74302e+06 1.6592e+06 959994 737225 622534 702661 657587 712459 769229 1.22532e+06 1.84331e+06 2.07375e+06 2.38395e+06
Ftot
 0.110803 0.110803 0.110803 0.110803 0.110803 0.110803 0.110803 0.110803 0.110803 0.110803 0.110803 0.110803 0.110803 0.110803 0.110803 0.110803 0.110803 0.110803 0.110803 0.110803 0.110803 0.110803 0.110803 0.110803 0.110803 0.110803
BD_Bspro_t
 0.98596 0.914971 0.82464 0.74059 0.66604 0.734469 0.903521 0.843396 0.862375 0.813776 0.835796 0.839008 0.781178 0.743777 0.685213 0.634931 0.606551 0.686159 0.730316 0.791394 0.76753 0.792424 0.857252 0.843833 0.84673 0.812099
BD_Bspro
 2.99925 2.42928 1.43232 1.33437 0.593923 0.510519 4.13409 4.36939 5.77123 4.63147 5.64079 7.39728 5.47055 3.84724 2.33074 1.32718 0.790692 0.703696 0.694488 0.872242 0.746514 0.670956 1.36339 1.7952 2.4872 2.5552
BD_Bo
 0.354692 0.287287 0.169386 0.157803 0.0702373 0.060374 0.488898 0.516724 0.682506 0.547718 0.66708 0.874803 0.646948 0.454975 0.275633 0.156953 0.0935073 0.0832191 0.0821302 0.103151 0.0882828 0.0793473 0.161235 0.212301 0.294136 0.302178
BD_Brms
 1.724 1.39638 0.823312 0.767011 0.341393 0.293452 2.37632 2.51157 3.31736 2.66222 3.24238 4.25203 3.14453 2.21143 1.33973 0.762878 0.454498 0.404492 0.399199 0.501374 0.429104 0.385672 0.783693 1.0319 1.42967 1.46875
S_f
 0.5 1 1 1 1
 0.5 1 1 1 1
 0.5 1 1 1 1
 0.5 1 1 1 1
 0.5 1 1 1 1
 0.5 1 1 1 1
 0.5 1 1 1 1
 0.5 1 1 1 1
 0.5 1 1 1 1
 0.5 1 1 1 1
 0.5 1 1 1 1
 0.5 1 1 1 1
 0.5 1 1 1 1
 0.5 1 1 1 1
 0.5 1 1 1 1
 0.5 1 1 1 1
 0.5 1 1 1 1
 0.5 1 1 1 1
 0.5 1 1 1 1
 0.5 1 1 1 1
 0.5 1 1 1 1
 0.5 1 1 1 1
 0.5 1 1 1 1
 0.5 1 1 1 1
 0.5 1 1 1 1
 0.5 1 1 1 1
Scru_reclas
 0.5 1 1 1 1
 0.5 1 1 1 1
 0.5 1 1 1 1
 0.5 1 1 1 1
 0.5 1 1 1 1
 0.5 1 1 1 1
 0.5 1 1 1 1
 0.5 1 1 1 1
 0.5 1 1 1 1
 0.5 1 1 1 1
 0.5 1 1 1 1
 0.5 1 1 1 1
 0.5 1 1 1 1
 0.5 1 1 1 1
 0.5 1 1 1 1
 0.5 1 1 1 1
 0.5 1 1 1 1
 0.5 1 1 1 1
 0.5 1 1 1 1
 0.5 1 1 1 1
 0.5 1 1 1 1
 0.5 1 1 1 1
 0.5 1 1 1 1
 0.5 1 1 1 1
 0.5 1 1 1 1
 0.5 1 1 1 1
Scru_pelaces
 0.5 1 1 1 1
 0.5 1 1 1 1
 0.5 1 1 1 1
 0.5 1 1 1 1
 0.5 1 1 1 1
 0.5 1 1 1 1
 0.5 1 1 1 1
 0.5 1 1 1 1
 0.5 1 1 1 1
 0.5 1 1 1 1
 0.5 1 1 1 1
 0.5 1 1 1 1
 0.5 1 1 1 1
 0.5 1 1 1 1
 0.5 1 1 1 1
 0.5 1 1 1 1
 0.5 1 1 1 1
 0.5 1 1 1 1
 0.5 1 1 1 1
 0.5 1 1 1 1
 0.5 1 1 1 1
 0.5 1 1 1 1
 0.5 1 1 1 1
 0.5 1 1 1 1
 0.5 1 1 1 1
 0.5 1 1 1 1
pf_obs 
 0.256992 0.487395 0.22802 0.0275931 0
 0.321318 0.546541 0.124235 0.00734118 0.000564706
 0.182869 0.594174 0.210203 0.0122559 0.00049798
 0.330522 0.361315 0.267642 0.0388342 0.00168674
 0.649043 0.306663 0.0425973 0.00169635 0
 0.582887 0.30429 0.105238 0.00758474 0
 0.465427 0.430635 0.0974691 0.00646863 0
 0.296916 0.608066 0.0921331 0.00288517 0
 0.311714 0.524322 0.152257 0.0117073 0
 0.15457 0.633149 0.183074 0.0267441 0.00246327
 0.131901 0.49318 0.331252 0.0422183 0.00144891
 0.196976 0.569456 0.194076 0.0375587 0.00193317
 0.518974 0.381816 0.0799577 0.0180837 0.00116848
 0.0928022 0.601141 0.25162 0.0475244 0.00691264
 0.122501 0.610282 0.24278 0.0234846 0.000952079
 0.383417 0.481906 0.127806 0.00687128 0
 0.0376549 0.599619 0.316969 0.0457579 0
 0.0361596 0.667082 0.258105 0.0386534 0
 0.158088 0.579412 0.248529 0.0139706 0
 0.0477256 0.309471 0.559284 0.082774 0.000745712
 0.0406174 0.521527 0.379366 0.0568643 0.0016247
 0.151134 0.462217 0.34131 0.0453401 0
 0.294876 0.26143 0.354403 0.0886775 0.000613685
 0.281977 0.475581 0.204845 0.0348837 0.00271318
 0.0841818 0.532909 0.334909 0.0458182 0.00218182
 0.115287 0.27431 0.454777 0.147771 0.00785563
pf_pred 
 0.750938 0.125381 0.0622625 0.0309187 0.0304992
 0.0191558 0.845026 0.0683729 0.033953 0.0334924
 0.00612216 0.0385025 0.823084 0.0665975 0.0656941
 0.009529 0.012432 0.0378889 0.809967 0.130183
 0.0554197 0.0183875 0.0116252 0.03543 0.879138
 0.975376 0.00265923 0.000427562 0.000270321 0.0212664
 0.0227072 0.965481 0.0012756 0.000205096 0.0103309
 0.69975 0.0137372 0.28305 0.000373966 0.00308882
 0.143719 0.708881 0.00674394 0.138956 0.00169997
 0.541504 0.117948 0.281926 0.00268211 0.0559399
 0.53504 0.329685 0.0347995 0.08318 0.0172959
 0.0905629 0.63994 0.19109 0.0201703 0.0582372
 0.239859 0.129575 0.443708 0.132494 0.0543644
 0.0321097 0.381696 0.099924 0.342172 0.144098
 0.0257289 0.0624234 0.359595 0.0941382 0.458114
 0.104641 0.0462709 0.0544027 0.313391 0.481294
 0.486179 0.0998394 0.021394 0.0251538 0.367434
 0.316324 0.45212 0.044993 0.0096413 0.176921
 0.571554 0.209266 0.144946 0.0144244 0.0598102
 0.119092 0.646175 0.114651 0.0794115 0.040671
 0.442948 0.121507 0.319487 0.0566866 0.0593722
 0.746198 0.157696 0.020963 0.0551197 0.0200231
 0.391767 0.522166 0.0534762 0.00710875 0.0254816
 0.52449 0.271354 0.175268 0.0179495 0.0109391
 0.214967 0.545409 0.136743 0.0883226 0.0145579
 0.476426 0.189036 0.232424 0.0582725 0.0438421
pobs_RECLAS
 0 0 0 0 0
 0 0 0 0 0
 0 0 0 0 0
 0 0 0 0 0
 0.835266 0.146461 0.0176864 0.000547809 3.91292e-05
 0.385257 0.428462 0.181853 0.0044286 0
 0.867414 0.0963971 0.0333333 0.00285562 0
 0.441836 0.489002 0.0689373 0.000224442 0
 0.779404 0.147425 0.0564933 0.0165055 0.000172143
 0.814271 0.122319 0.05973 0.00367925 0
 0.40263 0.566651 0.0304383 0.000280538 0
 0.475488 0.404961 0.113038 0.00651328 0
 0.955842 0.0263864 0.0167828 0.000988607 0
 0.975058 0.0227948 0.00214734 0 0
 0.738997 0.206755 0.0527124 0.00153531 0
 0.850938 0.134255 0.0134407 0.00136685 0
 0.542534 0.407297 0.0501686 0 0
 0.764087 0.199537 0.0359546 0.000420521 0
 0.470689 0.182191 0.310203 0.0369168 0
 0.84361 0.089868 0.0606195 0.00523954 0.000663233
 0.607945 0.314616 0.071237 0.00620181 0
 0.523733 0.453247 0.0230204 0 0
 0.530135 0.295979 0.169645 0.0042399 0
 0.562478 0.366248 0.0663022 0.0049721 0
 0.250443 0.683176 0.0655157 0.000865301 0
 0.195077 0.31981 0.436473 0.0351445 0.0134964
ppred_RECLAS
 0.751607 0.125045 0.0620954 0.0308356 0.0304173
 0.0192231 0.844968 0.0683682 0.0339507 0.0334901
 0.00614397 0.0385016 0.823066 0.0665961 0.0656926
 0.00956284 0.0124316 0.0378876 0.809939 0.130179
 0.0556073 0.0183838 0.0116229 0.035423 0.878963
 0.975462 0.00264997 0.000426072 0.000269379 0.0211923
 0.0227868 0.965403 0.00127549 0.000205079 0.01033
 0.700502 0.0137028 0.282342 0.000373031 0.00308109
 0.14416 0.708516 0.00674046 0.138885 0.0016991
 0.542392 0.117719 0.28138 0.00267691 0.0558315
 0.53593 0.329054 0.0347329 0.0830207 0.0172628
 0.0908581 0.639732 0.191028 0.0201637 0.0582183
 0.240512 0.129464 0.443326 0.13238 0.0543177
 0.0322212 0.381652 0.0999125 0.342132 0.144082
 0.0258188 0.0624177 0.359562 0.0941296 0.458072
 0.104977 0.0462536 0.0543823 0.313274 0.481113
 0.487073 0.0996657 0.0213568 0.0251101 0.366795
 0.317099 0.451608 0.0449421 0.00963038 0.176721
 0.57243 0.208838 0.144649 0.0143949 0.0596879
 0.119468 0.645899 0.114602 0.0793776 0.0406536
 0.443831 0.121314 0.318981 0.0565967 0.059278
 0.746875 0.157275 0.0209071 0.0549727 0.0199697
 0.39262 0.521434 0.0534012 0.00709878 0.0254459
 0.525383 0.270844 0.174939 0.0179158 0.0109186
 0.215572 0.544989 0.136638 0.0882546 0.0145467
 0.477318 0.188714 0.232027 0.0581732 0.0437673
pobs_PELACES
 0 0 0 0 0
 0 0 0 0 0
 0 0 0 0 0
 0 0 0 0 0
 0 0 0 0 0
 0 0 0 0 0
 0 0 0 0 0
 0 0 0 0 0
 0 0 0 0 0
 0 0 0 0 0
 0.450072 0.473896 0.0757376 0.000293798 0
 0 0 0 0 0
 0.463077 0.371075 0.160297 0.00555027 0
 0.529543 0.364841 0.0842815 0.0213345 0
 0.631943 0.363953 0.00410389 0 0
 0.735681 0.248677 0.0153453 0.000297389 0
 0.695825 0.281241 0.0229344 0 0
 0.275771 0.60734 0.115278 0.00161068 0
 0 0 0 0 0
 0.896147 0.0623911 0.0374545 0.00400742 0
 0.803859 0.145111 0.0509908 3.86294e-05 0
 0.739449 0.233085 0.0266225 0.000797448 4.60066e-05
 0.878498 0.100942 0.0204185 0.000141795 0
 0.694673 0.275183 0.0284847 0.00165964 0
 0.469039 0.446079 0.0841089 0.000773354 0
 0.822795 0.102175 0.0682046 0.00682512 0
ppred_PELACES
 0.755005 0.123334 0.061246 0.0304139 0.0300013
 0.0195709 0.844668 0.068344 0.0339386 0.0334782
 0.00625663 0.0384973 0.822972 0.0665885 0.0656852
 0.00973756 0.0124294 0.0378809 0.809796 0.130156
 0.0565753 0.018365 0.011611 0.0353867 0.878062
 0.975896 0.00260312 0.00041854 0.000264617 0.0208176
 0.0231975 0.964997 0.00127496 0.000204993 0.0103257
 0.704323 0.013528 0.278739 0.000368271 0.00304178
 0.14643 0.706636 0.00672258 0.138516 0.00169459
 0.546926 0.116553 0.278592 0.00265039 0.0552783
 0.540474 0.325832 0.0343928 0.0822078 0.0170938
 0.0923796 0.638662 0.190708 0.02013 0.0581208
 0.243867 0.128892 0.441368 0.131795 0.0540778
 0.0327962 0.381425 0.0998532 0.341929 0.143996
 0.0262826 0.0623879 0.359391 0.0940847 0.457854
 0.106707 0.0461642 0.0542771 0.312668 0.480183
 0.491641 0.098778 0.0211666 0.0248864 0.363528
 0.321071 0.448981 0.0446806 0.00957436 0.175693
 0.576899 0.206655 0.143137 0.0142444 0.0590641
 0.121404 0.644479 0.11435 0.079203 0.0405642
 0.448348 0.120328 0.31639 0.056137 0.0587965
 0.750316 0.155137 0.0206229 0.0542254 0.0196982
 0.396989 0.517684 0.0530171 0.00704772 0.0252629
 0.529939 0.268244 0.173259 0.0177438 0.0108138
 0.218679 0.54283 0.136097 0.087905 0.014489
 0.481881 0.187066 0.230002 0.0576653 0.0433852
pobs_pel_tallas
 0 0 0 0 0 0 0 0 0 0 0 0 0 0 0 0 0 0 0 0 0 0 0 0 0 0 0 0 0 0 0 0 0 0 0 0
 0 0 0 0 0 0 0 0 0 0 0 0 0 0 0 0 0 0 0 0 0 0 0 0 0 0 0 0 0 0 0 0 0 0 0 0
 0 0 0 0 0 0 0 0 0 0 0 0 0 0 0 0 0 0 0 0 0 0 0 0 0 0 0 0 0 0 0 0 0 0 0 0
 0 0 0 0 0 0 0 0 0 0 0 0 0 0 0 0 0 0 0 0 0 0 0 0 0 0 0 0 0 0 0 0 0 0 0 0
 0 0 0 0 0 0 0 0 0 0 0 0 0 0 0 0 0 0 0 0 0 0 0 0 0 0 0 0 0 0 0 0 0 0 0 0
 0 0 0 0 0 0 0 0 0 0 0 0 0 0 0 0 0 0 0 0 0 0 0 0 0 0 0 0 0 0 0 0 0 0 0 0
 0 0 0 0 0 0 0 0 0 0 0 0 0 0 0 0 0 0 0 0 0 0 0 0 0 0 0 0 0 0 0 0 0 0 0 0
 0 0 0 0 0 0 0 0 0 0 0 0 0 0 0 0 0 0 0 0 0 0 0 0 0 0 0 0 0 0 0 0 0 0 0 0
 0 0 0 0 0 0 0 0 0 0 0 0 0 0 0 0 0 0 0 0 0 0 0 0 0 0 0 0 0 0 0 0 0 0 0 0
 0 0 0 0 0 0 0 0 0 0 0 0 0 0 0 0 0 0 0 0 0 0 0 0 0 0 0 0 0 0 0 0 0 0 0 0
 0 0 0 0 0 0 0 0 1.78061e-05 0.00172719 0.00360574 0.0105946 0.0120993 0.0124554 0.0147524 0.0171206 0.0266825 0.0428682 0.0675386 0.121331 0.153587 0.119568 0.100827 0.0573624 0.0630603 0.0341343 0.0324427 0.0444173 0.0211091 0.0280891 0.0125444 0.00206551 0 0 0 0
 0 0 0 0 0 0 0 0 0 0 0 0 0 0 0 0 0 0 0 0 0 0 0 0 0 0 0 0 0 0 0 0 0 0 0 0
 0 0 0 0 0 0 0.0133647 0.0140871 0.0187388 0.0205184 0.03894 0.0496705 0.03968 0.0493445 0.0407372 0.0367815 0.0215668 0.0243155 0.0234873 0.0199281 0.019796 0.0243948 0.0301388 0.0376714 0.0412746 0.0863199 0.0771752 0.113111 0.0741005 0.0525337 0.0229764 0.00759418 0.00175318 0 0 0
 0 0 0 0 0 0 0 0 0 0 0.00219441 0.00772107 0.0458388 0.0604681 0.0671733 0.0775358 0.0609151 0.0617685 0.073594 0.0568108 0.0755445 0.0548602 0.0670107 0.0636378 0.0643287 0.046367 0.0373049 0.0286899 0.0247887 0.0153202 0.00654259 0.00121912 0.000365735 0 0 0
 0 0 0 0 0 0 0 0 0 0 0 0 0.000112435 0.00938835 0.0111873 0.0202946 0.0414886 0.0713402 0.111592 0.104902 0.108894 0.110636 0.117776 0.105296 0.107544 0.0401394 0.0192827 0.0124803 0.00416011 0.0028671 0.000618394 0 0 0 0 0
 0 0 0 0 0 0 0 0 0 0 0.00291406 0.0102884 0.027416 0.0768956 0.0749926 0.110853 0.0956884 0.0897413 0.0766577 0.0534642 0.0500743 0.0551293 0.0594112 0.0620874 0.0668451 0.0424026 0.0208742 0.0120726 0.0048766 0.00582813 0.00118941 0.000297354 0 0 0 0
 0 0.00264628 0.0354308 0.0461629 0.0458689 0.0383711 0.0214643 0.0164657 0.0346957 0.0420465 0.0363128 0.0245516 0.0311673 0.0291091 0.0169068 0.0133784 0.00837989 0.0085269 0.0148486 0.0160247 0.0276389 0.0546898 0.0760071 0.122758 0.109233 0.0665981 0.0333725 0.0166128 0.00676272 0.00308733 0.000882094 0 0 0 0 0
 0 0 0 0 0 0 0 0.000805153 0.000690131 0.00759144 0.0133425 0.0154129 0.00931677 0.000345066 0.00356568 0.00563607 0.00851162 0.0253048 0.0502646 0.0516448 0.0657925 0.0565908 0.0611916 0.0827007 0.0866115 0.110766 0.145733 0.0935128 0.0569358 0.0249597 0.0138026 0.00621118 0.00161031 0.00115022 0 0
 0 0 0 0 0 0 0 0 0 0 0 0 0 0 0 0 0 0 0 0 0 0 0 0 0 0 0 0 0 0 0 0 0 0 0 0
 0.00147267 0.00158595 0.00478618 0.00569244 0.00954404 0.0108468 0.00647125 0.017049 0.0510054 0.094081 0.124002 0.0959785 0.0687766 0.0820023 0.061753 0.0591476 0.0492212 0.0479892 0.0443925 0.0268479 0.0217502 0.0140895 0.0121071 0.0120363 0.00920419 0.00665534 0.0049561 0.00860946 0.00930331 0.0156896 0.0114698 0.00855282 0.00243557 0.00046729 0 2.83206e-05
 0 0 0 0 0.000772559 0.00158375 0.000888443 0.00281984 0.00712685 0.0440552 0.0773331 0.111326 0.0921469 0.0852325 0.0710754 0.0886704 0.0786465 0.0553345 0.0373146 0.0185414 0.00753245 0.00457741 0.012979 0.0271748 0.0457355 0.0583668 0.034881 0.0177882 0.00938659 0.00492506 0.0015258 0.00185414 0.000309023 5.79419e-05 3.86279e-05 0
 0 0.00173294 0.00326652 0 0.00397197 0.00683976 0.00946217 0.0152591 0.00757587 0.0136028 0.0228656 0.0392903 0.0559909 0.0764795 0.0681675 0.0726916 0.0566044 0.0477403 0.0527397 0.0444891 0.0609904 0.0582453 0.0661739 0.0445044 0.0529084 0.0360697 0.0280645 0.0235558 0.0158879 0.00826598 0.00280645 0.00217768 0.000904811 0.00058276 9.20147e-05 0
 0 0 0 0 0 0 0 0 0 0 0 0 0 0 0 0 0 0 0 0 0 0 0 0 0 0 0 0 0 0 0 0 0 0 0 0
 0 0 0 0 0 0 0 0 0 0 0 0 0 0 0 0 0 0 0 0 0 0 0 0 0 0 0 0 0 0 0 0 0 0 0 0
 0 0 0 0 0 0 0 0 0 0 0 0 0 0 0 0 0 0 0 0 0 0 0 0 0 0 0 0 0 0 0 0 0 0 0 0
 0 0 0 0 0 0 0 0 0 0 0 0 0 0 0 0 0 0 0 0 0 0 0 0 0 0 0 0 0 0 0 0 0 0 0 0
ppred_pel_tallas
 1.03357e-16 3.29394e-05 0.000193333 0.000919031 0.00353834 0.011034 0.0278709 0.0570273 0.0945277 0.126944 0.138129 0.121813 0.0871407 0.0507405 0.0244109 0.0103911 0.00507017 0.00420689 0.00521287 0.00697199 0.00905881 0.0112464 0.0133357 0.0151375 0.016501 0.0173409 0.0176492 0.0174847 0.0169462 0.0161407 0.0151576 0.0140569 0.0128712 0.0116173 0.0103098 0.00897123
 1.03976e-16 9.00312e-07 5.16921e-06 2.43302e-05 9.3267e-05 0.000290491 0.000734701 0.00150998 0.00252825 0.00347184 0.00397967 0.00398989 0.00390215 0.00438771 0.00607222 0.00938856 0.0146096 0.0218793 0.0311419 0.0420187 0.0537294 0.0651281 0.0748713 0.081686 0.0846624 0.0834729 0.0784472 0.0704711 0.0607528 0.0505347 0.0408452 0.0323549 0.025354 0.0198242 0.0155585 0.0122785
 1.17052e-16 2.88921e-07 1.6494e-06 7.75086e-06 2.9693e-05 9.24197e-05 0.000233463 0.000478691 0.000797691 0.0010843 0.00121454 0.00115427 0.00100992 0.000968904 0.00120471 0.00184426 0.0030025 0.00482389 0.00749098 0.0112016 0.0161299 0.0223806 0.0299423 0.0386474 0.048147 0.0579118 0.0672664 0.075457 0.0817482 0.0855313 0.0864226 0.0843294 0.0794695 0.0723329 0.0636016 0.0540406
 1.34449e-16 4.36532e-07 2.5262e-06 1.19416e-05 4.58672e-05 0.000142897 0.000360902 0.000738911 0.00122695 0.00165443 0.00181807 0.0016461 0.00127229 0.000937426 0.000835274 0.00105722 0.00164582 0.00266664 0.00423921 0.00653085 0.00973523 0.0140451 0.0196194 0.0265438 0.034789 0.0441724 0.054335 0.0647423 0.0747163 0.0835012 0.0903551 0.0946532 0.0959828 0.0942072 0.089492 0.0822762
 1.42415e-16 2.4784e-06 1.4515e-05 6.89404e-05 0.000265332 0.000827296 0.00208963 0.00427598 0.00708946 0.00952585 0.010379 0.0091862 0.00664468 0.00402086 0.00223098 0.00149155 0.0016022 0.0023414 0.00364043 0.00556936 0.00827272 0.0119196 0.0166693 0.0226396 0.0298719 0.038295 0.0476936 0.0576905 0.0677522 0.0772239 0.0853939 0.0915804 0.0952261 0.0959824 0.0937625 0.0887602
 1.00989e-16 4.25663e-05 0.000249863 0.00118781 0.00457323 0.0142613 0.0360227 0.0737053 0.122168 0.164048 0.178462 0.157286 0.112307 0.0649716 0.0304624 0.0115953 0.00362111 0.000992946 0.000341298 0.000264211 0.00033068 0.000439635 0.000572515 0.000726046 0.000898582 0.00108771 0.00128946 0.0014976 0.00170315 0.0018944 0.0020577 0.00217911 0.00224651 0.00225167 0.00219187 0.00207064
 1.00822e-16 1.06324e-06 6.11489e-06 2.8802e-05 0.000110444 0.000344027 0.000870068 0.00178782 0.00299203 0.00410436 0.00469345 0.00468003 0.00452793 0.00501758 0.00686916 0.0105681 0.0164055 0.0245193 0.0348158 0.0468302 0.0596394 0.0719075 0.0820844 0.0887187 0.0907989 0.0880058 0.0807983 0.0702903 0.0579729 0.04537 0.0337402 0.0238995 0.0161876 0.0105512 0.00668495 0.00417834
 1.04117e-16 3.07257e-05 0.000180345 0.000857303 0.0033007 0.010293 0.025999 0.0531964 0.0881754 0.118406 0.128821 0.113561 0.0811435 0.0470609 0.0222953 0.00891187 0.00352736 0.00219284 0.00253741 0.00360972 0.00514814 0.00710497 0.00945395 0.01213 0.0150131 0.017929 0.0206619 0.0229778 0.0246559 0.0255229 0.0254823 0.0245327 0.0227694 0.020369 0.0175605 0.0145883
 1.05165e-16 6.42615e-06 3.7624e-05 0.000178653 0.000687499 0.00214362 0.00541536 0.0110859 0.0183963 0.0247669 0.0271125 0.0242985 0.0182299 0.0123261 0.00913371 0.00938977 0.0126897 0.0184153 0.0260729 0.0351629 0.044982 0.0545681 0.0628084 0.0686532 0.071357 0.0706577 0.066836 0.060626 0.0530181 0.0450168 0.0374369 0.0307889 0.025268 0.0208224 0.0172603 0.0143506
 1.06667e-16 2.38665e-05 0.000140067 0.000665793 0.00256331 0.00799339 0.0201907 0.0413129 0.0684814 0.0919706 0.100088 0.0882974 0.0632352 0.0369656 0.0180619 0.00818266 0.00475799 0.00476825 0.00639226 0.00886821 0.0119176 0.0153783 0.0190728 0.0227902 0.0263063 0.0294096 0.0319209 0.0337027 0.0346614 0.0347469 0.0339546 0.0323293 0.0299696 0.0270254 0.0236876 0.0201677
 1.04218e-16 2.3593e-05 0.000138443 0.000658036 0.00253337 0.0079 0.019955 0.0408322 0.0676901 0.0909244 0.0989927 0.0874349 0.0628423 0.0371869 0.0190042 0.0100024 0.00769944 0.00913025 0.012445 0.0167465 0.0215151 0.02627 0.0304969 0.0337102 0.0355551 0.0358874 0.0348009 0.0325892 0.0296588 0.0264245 0.023222 0.020261 0.0176235 0.015297 0.0132206 0.011328
 1.06323e-16 4.06705e-06 2.3779e-05 0.000112844 0.000434134 0.00135352 0.00341958 0.00700194 0.0116256 0.0156706 0.0172052 0.0155388 0.0119147 0.00855171 0.00714046 0.00824749 0.0117233 0.0172643 0.0245952 0.0333563 0.0429601 0.0525597 0.0611479 0.0677451 0.0716131 0.0724187 0.0702954 0.0657783 0.059646 0.052722 0.0457066 0.03908 0.0330894 0.0277979 0.0231607 0.0190955
 1.13363e-16 1.06525e-05 6.24869e-05 0.000296967 0.00114323 0.00356492 0.00900476 0.0184259 0.030547 0.0410359 0.0446874 0.0394945 0.028441 0.0169456 0.00888742 0.00508139 0.00447292 0.00581527 0.00839114 0.0119335 0.016351 0.0215499 0.0273671 0.0335627 0.0398361 0.0458492 0.051251 0.0557003 0.0588899 0.0605738 0.0605976 0.058926 0.0556617 0.0510413 0.0454123 0.0391882
 1.2002e-16 1.45767e-06 8.48542e-06 4.01933e-05 0.000154509 0.000481593 0.00121686 0.00249304 0.00414478 0.00560361 0.00619623 0.00569971 0.00459169 0.00371502 0.00374622 0.00498242 0.00747759 0.0112257 0.016203 0.0223056 0.0292827 0.0367243 0.0441131 0.0509205 0.0567144 0.0612376 0.0644319 0.0663956 0.0673014 0.0673041 0.0664796 0.0648138 0.0622392 0.0586968 0.0541979 0.0488593
 1.29749e-16 1.16103e-06 6.77243e-06 3.21129e-05 0.000123505 0.000384985 0.000972462 0.00199069 0.00330356 0.00444827 0.00487154 0.00437102 0.00329196 0.00225619 0.00173851 0.00190643 0.00275077 0.00426454 0.00651365 0.00961601 0.0136944 0.0188365 0.0250652 0.0323158 0.0404193 0.0490925 0.0579393 0.0664664 0.0741192 0.0803353 0.084612 0.0865756 0.0860395 0.0830354 0.0778113 0.0707981
 1.33966e-16 4.66615e-06 2.73549e-05 0.000129974 0.000500309 0.00156005 0.00394054 0.00806333 0.013368 0.0179593 0.0195606 0.0172953 0.0124719 0.00746727 0.00398911 0.00241216 0.0023053 0.00317076 0.00476543 0.00707033 0.0101708 0.0141731 0.0191606 0.0251682 0.032158 0.0399967 0.0484352 0.0570996 0.0655006 0.0730676 0.0792084 0.0833856 0.0851974 0.0844427 0.081158 0.0756158
 1.18174e-16 2.14537e-05 0.000125907 0.000598486 0.00230418 0.00718533 0.0181495 0.0371363 0.0615577 0.0826706 0.0899631 0.0793563 0.0568115 0.0331685 0.0161261 0.00716563 0.0039655 0.00380098 0.00502944 0.00697102 0.00939729 0.0122079 0.0153155 0.0186289 0.0220631 0.0255468 0.0290178 0.0324051 0.0356081 0.0384808 0.0408339 0.0424554 0.0431485 0.0427731 0.0412801 0.0387302
 1.09319e-16 1.40308e-05 8.22937e-05 0.000391071 0.00150545 0.00469444 0.0118582 0.0242665 0.0402359 0.0540704 0.0589309 0.0521992 0.0378414 0.0230443 0.0129787 0.00877825 0.00908701 0.0122312 0.0171297 0.0231614 0.0298055 0.0364543 0.0424193 0.0470463 0.0498607 0.0506753 0.0496258 0.0471141 0.0436867 0.0398888 0.0361438 0.0326923 0.0295957 0.0267876 0.0241459 0.0215575
 1.05349e-16 2.51767e-05 0.000147751 0.000702311 0.00270388 0.00843176 0.021298 0.0435793 0.0722401 0.0970246 0.105603 0.0932003 0.0668266 0.0392251 0.01946 0.00930209 0.00605497 0.00652987 0.00877245 0.0119072 0.0155296 0.0193316 0.0229891 0.0261783 0.0286322 0.0301897 0.030817 0.0305937 0.0296718 0.0282258 0.0264112 0.0243445 0.022104 0.0197453 0.0173189 0.0148829
 1.0645e-16 5.33266e-06 3.12093e-05 0.000148168 0.000570144 0.00177766 0.00449092 0.009194 0.015259 0.0205495 0.0225125 0.020216 0.0152531 0.0104801 0.00803755 0.00857298 0.0117908 0.017215 0.0244595 0.0331101 0.0425527 0.0519266 0.0602196 0.0664587 0.0699265 0.0703246 0.0678316 0.0630314 0.0567446 0.0498222 0.04297 0.0366506 0.0310737 0.0262521 0.0220882 0.0184536
 1.09207e-16 1.95682e-05 0.000114831 0.000545822 0.00210139 0.00655291 0.0165521 0.0338683 0.0561421 0.0754025 0.0820667 0.0724219 0.0519152 0.0304493 0.0150698 0.00716013 0.0046423 0.00507217 0.00698655 0.0097839 0.0132466 0.0172361 0.0215825 0.02607 0.0304558 0.0344941 0.0379565 0.0406443 0.0423964 0.043097 0.0426862 0.0411727 0.0386437 0.0352648 0.0312667 0.0269195
 1.03128e-16 3.27362e-05 0.000192137 0.000913339 0.00351642 0.0109656 0.0276983 0.0566742 0.0939433 0.126162 0.137285 0.121085 0.0866545 0.0505277 0.0244391 0.010625 0.00550598 0.00487046 0.006139 0.00818085 0.0105364 0.0129317 0.0151177 0.0168647 0.0180027 0.0184569 0.0182604 0.0175357 0.0164548 0.0151916 0.0138831 0.0126102 0.0113995 0.0102412 0.0091115 0.00799193
 1.02344e-16 1.73443e-05 0.00010174 0.000483504 0.00186131 0.00580416 0.0146613 0.0300024 0.0497451 0.0668449 0.0728424 0.0644945 0.0466958 0.0283179 0.0157344 0.0103207 0.0103703 0.0137828 0.0191949 0.025821 0.0330127 0.0400271 0.0460323 0.0502444 0.0521022 0.0514002 0.0483358 0.0434478 0.0374742 0.0311764 0.0251873 0.0199229 0.0155676 0.0121174 0.0094515 0.00740373
 1.03662e-16 2.31317e-05 0.000135739 0.000645192 0.00248394 0.00774584 0.0195655 0.040035 0.0663673 0.0891441 0.0970453 0.0856933 0.061544 0.0363262 0.0183971 0.00941979 0.0069535 0.00809487 0.0110516 0.014988 0.0194596 0.0240732 0.028398 0.0320054 0.0345488 0.0358306 0.0358325 0.0346968 0.0326716 0.0300414 0.0270663 0.0239489 0.0208286 0.0177958 0.0149128 0.0122303
 1.05807e-16 9.57029e-06 5.6097e-05 0.000266507 0.00102581 0.00319867 0.00808014 0.0165371 0.0274272 0.0368801 0.0402543 0.0357963 0.026255 0.0165964 0.0104378 0.00866452 0.0104669 0.0147899 0.0209157 0.0283381 0.0364981 0.044665 0.051985 0.0576314 0.0609829 0.0617611 0.0600817 0.0563969 0.0513604 0.0456588 0.0398697 0.0343824 0.02939 0.0249338 0.0209712 0.0174356
 1.07335e-16 2.10329e-05 0.000123425 0.000586664 0.00225862 0.00704321 0.0177907 0.0364028 0.0603449 0.081051 0.0882246 0.0778801 0.05588 0.0328783 0.0164609 0.008127 0.00564988 0.00639564 0.00876284 0.0120483 0.0159341 0.020169 0.0244696 0.0285307 0.0320711 0.0348761 0.036821 0.0378671 0.0380391 0.0373971 0.0360146 0.0339712 0.0313585 0.028289 0.0249022 0.0213598
pSPR Fmed_Fpbrs
0.354289   0.255738 0.255738
Fs Fmed_Fpbrs
0.68   1.005 1.005
SSBpbr Bo_Bmed_Bpbrs
5.22765e+06  1.59072e+06  1.07552e+06 1.07552e+06
Ro
29931.8
SPR SPRFo_SPRFmed_SPRFpbrs
618222 219029 158103
log_Ro
10.1267
likeval ReclasPelacesDesembMPH_pf_preclas_ppelaces_ptallas_desvR_qrecl_qpela
 475.265 49.5537 13838.8 0.00575022 576.41 457.385 145.493 0 139.84 0 0 0 0 0 0
q_reclas_q_pelaces
1 1
M
0.7
N
 208078 17795.1 8836.78 4388.21 4328.68
 4326.56 97759.4 7909.93 3927.96 3874.67
 631.024 2032.71 43454.2 3515.97 3468.27
 443.648 296.469 903.542 19315.4 3104.5
 1226.5 208.435 131.781 401.625 9965.67
 412640 576.237 92.6497 58.5767 4608.27
 8901.81 193867 256.138 41.1829 2074.42
 415921 4182.27 86174.1 113.854 940.387
 77346 195409 1859.02 38304.5 468.611
 325714 36338.8 86859.4 826.336 17234.7
 484854 153028 16152.7 38609.1 8028.13
 62937.5 227795 68020.9 7179.87 20730.3
 106864 29569.4 101255 30235.3 12406.1
 8245.86 50206.9 13143.6 45008 18954.2
 3117.43 3874.09 22317 5842.35 28431.2
 6466.65 1464.64 1722.03 9919.92 15234.6
 28884.2 3038.17 651.033 765.446 11181.2
 18536.4 13570.4 1350.47 289.385 5310.31
 46437.9 8708.83 6032.07 600.285 2489.07
 7850.39 21817.5 3871.08 2681.26 1373.22
 26250.1 3688.29 9697.92 1720.7 1802.22
 113934 12332.9 1639.45 4310.73 1565.94
 78407.8 53528.6 5481.98 728.736 2612.19
 139011 36837.7 23793.5 2436.74 1485.04
 50255.7 65310.3 16374.4 10576.2 1743.24
 116178 23611.2 29030.5 7278.43 5476.02
pred_Ctot
 8090.8 1350.89 670.832 333.126 328.606
 168.232 7421.28 600.472 298.186 294.14
 24.5365 154.311 3298.77 266.91 263.289
 17.2506 22.5061 68.5912 1466.3 235.674
 47.6907 15.8231 10.004 30.4889 756.531
 16044.9 43.7443 7.03338 4.44677 349.831
 346.134 14717.2 19.4444 3.12634 157.477
 16172.5 317.491 6541.79 8.64304 71.3883
 3007.49 14834.2 141.125 2907.83 35.574
 12664.9 2758.62 6593.82 62.7302 1308.35
 18852.8 11616.9 1226.21 2930.96 609.445
 2447.23 17292.8 5163.72 545.05 1573.71
 4155.24 2244.72 7686.65 2295.28 941.792
 320.628 3811.39 997.781 3416.72 1438.88
 121.217 294.096 1694.17 443.515 2158.32
 251.446 111.186 130.726 753.058 1156.52
 1123.12 230.639 49.4223 58.1078 848.808
 720.763 1030.18 102.519 21.9683 403.125
 1805.67 661.119 457.916 45.5699 188.954
 305.251 1656.25 293.868 203.544 104.246
 1020.7 279.991 736.205 130.625 136.813
 4430.15 936.235 124.456 327.244 118.876
 3048.77 4063.55 416.157 55.321 198.301
 5405.23 2796.48 1806.25 184.982 112.735
 1954.12 4957.94 1243.04 802.881 132.336
 4517.4 1792.41 2203.81 552.532 415.705
F
 0.0554016 0.110803 0.110803 0.110803 0.110803
 0.0554016 0.110803 0.110803 0.110803 0.110803
 0.0554016 0.110803 0.110803 0.110803 0.110803
 0.0554016 0.110803 0.110803 0.110803 0.110803
 0.0554016 0.110803 0.110803 0.110803 0.110803
 0.0554016 0.110803 0.110803 0.110803 0.110803
 0.0554016 0.110803 0.110803 0.110803 0.110803
 0.0554016 0.110803 0.110803 0.110803 0.110803
 0.0554016 0.110803 0.110803 0.110803 0.110803
 0.0554016 0.110803 0.110803 0.110803 0.110803
 0.0554016 0.110803 0.110803 0.110803 0.110803
 0.0554016 0.110803 0.110803 0.110803 0.110803
 0.0554016 0.110803 0.110803 0.110803 0.110803
 0.0554016 0.110803 0.110803 0.110803 0.110803
 0.0554016 0.110803 0.110803 0.110803 0.110803
 0.0554016 0.110803 0.110803 0.110803 0.110803
 0.0554016 0.110803 0.110803 0.110803 0.110803
 0.0554016 0.110803 0.110803 0.110803 0.110803
 0.0554016 0.110803 0.110803 0.110803 0.110803
 0.0554016 0.110803 0.110803 0.110803 0.110803
 0.0554016 0.110803 0.110803 0.110803 0.110803
 0.0554016 0.110803 0.110803 0.110803 0.110803
 0.0554016 0.110803 0.110803 0.110803 0.110803
 0.0554016 0.110803 0.110803 0.110803 0.110803
 0.0554016 0.110803 0.110803 0.110803 0.110803
 0.0554016 0.110803 0.110803 0.110803 0.110803
Np
 27889.2 8379.08 9921.65 1907.74 2771.97
YTP_r0W_actual
 40656.6 45527.3 77794.5 22874.8 18706.7
YTP_p0W_proyectada
 66853.5 568624 158941 249567 100301
 66853.5 87290.3 150255 36896 59492.8
CTP_r0_actual
 4517.4 1792.41 2203.81 552.532 415.705
CTP_p0_proyectada
 8152.86 26325.2 5061.82 6223.61 2253.95
 8152.86 4041.22 4785.2 920.099 1336.92
Wmedp
 8.2 21.6 31.4 40.1 44.5
nmprior
 10.6 11 7 0
nm_flota  nm_reclas  nm_pelaces    nm_pelaL
inf 1.74525 3.74543 6.35187
cv_recla  cv_pelaces  cv_mph
1.92859 0.771132 2.06384
 ------------------------------------------------
Talla a la edad & desviaci?n 
 7.2 14.2025 17.0495 18.207 18.6776
 1.08 2.13037 2.55742 2.73105 2.80164
