years
 1997 1998 1999 2000 2001 2002 2003 2004 2005 2006 2007 2008 2009 2010 2011 2012 2013 2014 2015 2016 2017 2018 2019
reclasobs
 0 0 0 370054 412103 1.49427e+06 250295 1.28982e+06 931140 785840 897777 1.04006e+06 184774 17550 25797 100020 73551 82996 120727 218422 84188 347160 605670
reclaspred
 473999 122572 310981 216253 353919 431768 946258 647654 732502 749420 633033 439788 272796 114071 68092.2 64583.9 77738.6 104640 112418 154263 234626 221961 385126
pelacesobs
 0 0 0 0 0 0 0 0 0 2.06254e+06 1.5e+06 0 1.87456e+06 323000 250000 174000 83755 137374 0 501740 490994 745055 786931
pelacespred
 1.89573e+06 445590 661696 753124 1.0796e+06 1.08774e+06 2.67398e+06 2.20804e+06 2.21613e+06 2.31376e+06 1.72005e+06 1.25329e+06 742666 238804 141367 151044 191583 273459 302212 399654 706117 664064 915180
mphobs
 0 0 0 0 0 112323 0 153150 637223 0 255016 313432 73983 77613 109348 50772 17779 17303 59886 28197 0 207744 136588
mphpred
 159341 87578.2 97546.6 95663.5 112990 192628 274954 336999 289065 308075 321152 227406 143449 74580.6 31758.2 25213.9 28335.9 37569.8 47315.8 53681.9 81416.7 101141 128226
desembarqueobs
 350755 77701 442110 56441 14545 235359 269955 359681 431902 328805 639364 411747 362871 311530 167758 66681 60226 58785 57116 73181 50977 67692 138656
desembarquepred
 350761 77699.3 442088 56443.9 14545.3 235433 270016 359675 431945 328813 639320 411781 362938 311624 167587 66677.5 60253.1 58778.8 57101 73177.8 50979.3 67681.7 138653
Reclutas
 36370.7 44299.4 23000.5 35517 62880.9 44224.7 78552.4 76722.5 99872.7 117053 67415.7 46099.1 45564 24627.7 14409.2 13406.6 10257.4 11848.6 12623 20571.8 27231.4 35282.6 56402.8
log_desv_Rt
 0.042481 0.23969 -0.415764 0.0187297 0.58996 0.238001 0.812484 0.788914 1.05261 1.21135 0.659596 0.279512 0.267835 -0.347412 -0.883415 -0.955531 -1.22328 -1.07907 -1.01576 -0.527359 -0.246911 0.0121075 0.481237
SSB
 450152 247416 275578 270258 319208 544191 776770 952052 816635 870339 907282 642443 405255 210697 89719.8 71231.6 80051.3 106138 133671 151656 230010 285734 362250
BT
 1.54639e+06 377171 660503 496415 649273 764725 1.83268e+06 1.67977e+06 1.74268e+06 1.67907e+06 1.55394e+06 1.08574e+06 795517 434104 228946 145976 164444 209986 218036 296454 459512 424895 616296
Ftot
 0.958103 0.876916 1.50788 0.3189 0.0547883 0.512635 0.323305 0.643176 0.728962 0.54159 1.0091 0.882252 1.39961 2.75359 3.18163 1.36442 1.00231 0.682179 0.547199 0.57594 0.264364 0.319857 0.378812
BD_Bspro_t
 0.910798 0.639736 0.56162 0.382159 0.549197 0.726805 0.674067 0.689814 0.622703 0.593131 0.572803 0.415819 0.312694 0.212357 0.114928 0.113114 0.169048 0.27711 0.380762 0.46986 0.600253 0.709772 0.722438
BD_Bspro
 0.626523 0.344355 0.38355 0.376146 0.444275 0.757406 1.08111 1.32507 1.13659 1.21134 1.26276 0.894154 0.564035 0.293249 0.124872 0.0991404 0.111416 0.147723 0.186044 0.211075 0.320128 0.397685 0.50418
BD_Bo
 0.507443 0.278905 0.310651 0.304654 0.359834 0.61345 0.87563 1.07322 0.920568 0.981107 1.02275 0.724207 0.456832 0.237512 0.101138 0.0802973 0.0902395 0.119646 0.150684 0.170957 0.259283 0.322099 0.408354
BD_Brms
 1.40402 0.771691 0.859527 0.842934 0.995609 1.69733 2.42274 2.96945 2.54708 2.71458 2.82981 2.00378 1.26399 0.657163 0.279836 0.222171 0.24968 0.331044 0.41692 0.473015 0.717399 0.891202 1.12986
S_f
 0.106488 0.693666 0.977285 0.998778 0.999936
 0.106488 0.693666 0.977285 0.998778 0.999936
 0.106488 0.693666 0.977285 0.998778 0.999936
 0.106488 0.693666 0.977285 0.998778 0.999936
 0.106488 0.693666 0.977285 0.998778 0.999936
 0.106488 0.693666 0.977285 0.998778 0.999936
 0.106488 0.693666 0.977285 0.998778 0.999936
 0.106488 0.693666 0.977285 0.998778 0.999936
 0.106488 0.693666 0.977285 0.998778 0.999936
 0.106488 0.693666 0.977285 0.998778 0.999936
 0.106488 0.693666 0.977285 0.998778 0.999936
 0.106488 0.693666 0.977285 0.998778 0.999936
 0.106488 0.693666 0.977285 0.998778 0.999936
 0.106488 0.693666 0.977285 0.998778 0.999936
 0.106488 0.693666 0.977285 0.998778 0.999936
 0.106488 0.693666 0.977285 0.998778 0.999936
 0.106488 0.693666 0.977285 0.998778 0.999936
 0.106488 0.693666 0.977285 0.998778 0.999936
 0.106488 0.693666 0.977285 0.998778 0.999936
 0.106488 0.693666 0.977285 0.998778 0.999936
 0.106488 0.693666 0.977285 0.998778 0.999936
 0.106488 0.693666 0.977285 0.998778 0.999936
 0.106488 0.693666 0.977285 0.998778 0.999936
Scru_reclas
 0.787576 1 1 1 1
 0.787576 1 1 1 1
 0.787576 1 1 1 1
 0.787576 1 1 1 1
 0.787576 1 1 1 1
 0.787576 1 1 1 1
 0.787576 1 1 1 1
 0.787576 1 1 1 1
 0.787576 1 1 1 1
 0.787576 1 1 1 1
 0.787576 1 1 1 1
 0.787576 1 1 1 1
 0.787576 1 1 1 1
 0.787576 1 1 1 1
 0.787576 1 1 1 1
 0.787576 1 1 1 1
 0.787576 1 1 1 1
 0.787576 1 1 1 1
 0.787576 1 1 1 1
 0.787576 1 1 1 1
 0.787576 1 1 1 1
 0.787576 1 1 1 1
 0.787576 1 1 1 1
Scru_pelaces
 0.686139 1 1 1 1
 0.686139 1 1 1 1
 0.686139 1 1 1 1
 0.686139 1 1 1 1
 0.686139 1 1 1 1
 0.686139 1 1 1 1
 0.686139 1 1 1 1
 0.686139 1 1 1 1
 0.686139 1 1 1 1
 0.686139 1 1 1 1
 0.686139 1 1 1 1
 0.686139 1 1 1 1
 0.686139 1 1 1 1
 0.686139 1 1 1 1
 0.686139 1 1 1 1
 0.686139 1 1 1 1
 0.686139 1 1 1 1
 0.686139 1 1 1 1
 0.686139 1 1 1 1
 0.686139 1 1 1 1
 0.686139 1 1 1 1
 0.686139 1 1 1 1
 0.686139 1 1 1 1
pf_obs 
 0.256992 0.487395 0.22802 0.0275931 0
 0.321318 0.546541 0.124235 0.00734118 0.000564706
 0.182869 0.594174 0.210203 0.0122559 0.00049798
 0.330522 0.361315 0.267642 0.0388342 0.00168674
 0.649043 0.306663 0.0425973 0.00169635 0
 0.582887 0.30429 0.105238 0.00758474 0
 0.465427 0.430635 0.0974691 0.00646863 0
 0.296916 0.608066 0.0921331 0.00288517 0
 0.311714 0.524322 0.152257 0.0117073 0
 0.15457 0.633149 0.183074 0.0267441 0.00246327
 0.131901 0.49318 0.331252 0.0422183 0.00144891
 0.196976 0.569456 0.194076 0.0375587 0.00193317
 0.518974 0.381816 0.0799577 0.0180837 0.00116848
 0.0928022 0.601141 0.25162 0.0475244 0.00691264
 0.122501 0.610282 0.24278 0.0234846 0.000952079
 0.383417 0.481906 0.127806 0.00687128 0
 0.0376549 0.599619 0.316969 0.0457579 0
 0.0361596 0.667082 0.258105 0.0386534 0
 0.158088 0.579412 0.248529 0.0139706 0
 0.0477256 0.309471 0.559284 0.082774 0.000745712
 0.0406174 0.521527 0.379366 0.0568643 0.0016247
 0.151134 0.462217 0.34131 0.0453401 0
 0.294876 0.26143 0.354403 0.0886775 0.000613685
pf_pred 
 0.305519 0.474798 0.196213 0.0234571 1.28194e-05
 0.287188 0.556484 0.122078 0.0306999 0.00354947
 0.159889 0.639752 0.17099 0.0230994 0.0062693
 0.279011 0.459106 0.223787 0.0327135 0.00538262
 0.284819 0.495939 0.157608 0.0528566 0.00877744
 0.145642 0.585883 0.204228 0.0464655 0.0177813
 0.247183 0.392707 0.276558 0.0639772 0.0195751
 0.200008 0.545818 0.156538 0.0754189 0.0222167
 0.247509 0.48009 0.209936 0.0389076 0.0235574
 0.240209 0.535955 0.16472 0.0458826 0.0132339
 0.141491 0.588371 0.212318 0.0428667 0.0149544
 0.14398 0.493652 0.284303 0.061814 0.0162511
 0.216024 0.464069 0.220834 0.0782835 0.0207897
 0.208743 0.60266 0.137058 0.0360349 0.0155045
 0.279335 0.602251 0.105241 0.00974398 0.00342871
 0.329898 0.593701 0.0712701 0.00459626 0.000534129
 0.220399 0.632988 0.136771 0.00920556 0.0006363
 0.243172 0.517209 0.210264 0.027448 0.00190777
 0.219425 0.540567 0.185108 0.0483489 0.00655124
 0.286475 0.464834 0.192724 0.0434404 0.0125266
 0.252551 0.542661 0.151806 0.0413207 0.0116619
 0.227612 0.509451 0.208712 0.0404477 0.0137775
 0.264739 0.470543 0.195766 0.0550143 0.0139384
pobs_RECLAS
 0 0 0 0 0
 0 0 0 0 0
 0 0 0 0 0
 0 0 0 0 0
 0.835266 0.146461 0.0176864 0.000547809 3.91292e-05
 0.385257 0.428462 0.181853 0.0044286 0
 0.867414 0.0963971 0.0333333 0.00285562 0
 0.441836 0.489002 0.0689373 0.000224442 0
 0.779404 0.147425 0.0564933 0.0165055 0.000172143
 0.814271 0.122319 0.05973 0.00367925 0
 0.40263 0.566651 0.0304383 0.000280538 0
 0.475488 0.404961 0.113038 0.00651328 0
 0.955842 0.0263864 0.0167828 0.000988607 0
 0.975058 0.0227948 0.00214734 0 0
 0.738997 0.206755 0.0527124 0.00153531 0
 0.850938 0.134255 0.0134407 0.00136685 0
 0.542534 0.407297 0.0501686 0 0
 0.764087 0.199537 0.0359546 0.000420521 0
 0.470689 0.182191 0.310203 0.0369168 0
 0.84361 0.089868 0.0606195 0.00523954 0.000663233
 0.607945 0.314616 0.071237 0.00620181 0
 0.523733 0.453247 0.0230204 0 0
 0.530135 0.295979 0.169645 0.0042399 0
ppred_RECLAS
 0.724856 0.208916 0.0593054 0.00691858 3.7761e-06
 0.698812 0.252519 0.0382066 0.0093791 0.001083
 0.53828 0.382432 0.0679367 0.00893108 0.00242042
 0.692735 0.219368 0.0753547 0.0107723 0.00177034
 0.692378 0.234546 0.0528557 0.0173434 0.00287672
 0.497146 0.38119 0.0930598 0.0206947 0.00790976
 0.6657 0.203496 0.100979 0.0228439 0.00698125
 0.594363 0.306923 0.0613429 0.0288754 0.00849552
 0.663019 0.24211 0.0735159 0.0133077 0.00804729
 0.646023 0.274312 0.0589825 0.0160572 0.00462572
 0.49779 0.382524 0.0945683 0.0186277 0.00648987
 0.509947 0.325938 0.129432 0.0274702 0.0072127
 0.640498 0.246622 0.0785681 0.0271197 0.0071919
 0.653247 0.29252 0.0398034 0.0100945 0.00433492
 0.740056 0.23374 0.0233917 0.00208157 0.000730906
 0.739966 0.239399 0.0192833 0.00121114 0.000140547
 0.619142 0.328758 0.0486833 0.00319691 0.000220684
 0.653332 0.262342 0.0742053 0.00946293 0.000656901
 0.619774 0.290484 0.0695775 0.017761 0.00240366
 0.702825 0.216618 0.0627533 0.0138227 0.00398109
 0.656035 0.271949 0.0536924 0.0142939 0.00402939
 0.630254 0.271467 0.0783727 0.014853 0.00505331
 0.677833 0.231202 0.0676664 0.0185932 0.00470513
pobs_PELACES
 0 0 0 0 0
 0 0 0 0 0
 0 0 0 0 0
 0 0 0 0 0
 0 0 0 0 0
 0 0 0 0 0
 0 0 0 0 0
 0 0 0 0 0
 0 0 0 0 0
 0 0 0 0 0
 0.450072 0.473896 0.0757376 0.000293798 0
 0 0 0 0 0
 0.463077 0.371075 0.160297 0.00555027 0
 0.529543 0.364841 0.0842815 0.0213345 0
 0.631943 0.363953 0.00410389 0 0
 0.735681 0.248677 0.0153453 0.000297389 0
 0.695825 0.281241 0.0229344 0 0
 0.275771 0.60734 0.115278 0.00161068 0
 0 0 0 0 0
 0.896147 0.0623911 0.0374545 0.00400742 0
 0.803859 0.145111 0.0509908 3.86294e-05 0
 0.739449 0.233085 0.0266225 0.000797448 4.60066e-05
 0.878498 0.100942 0.0204185 0.000141795 0
ppred_PELACES
 0.738362 0.202881 0.0526527 0.00610087 3.32858e-06
 0.708209 0.247846 0.0345446 0.00842758 0.000972803
 0.581958 0.354345 0.0546619 0.00710951 0.00192564
 0.678173 0.231735 0.0772619 0.01102 0.00181083
 0.664907 0.255809 0.0573525 0.0188116 0.00312018
 0.49041 0.390804 0.0909372 0.0201493 0.00769979
 0.651469 0.214706 0.103366 0.0233304 0.00712903
 0.594718 0.311204 0.0585647 0.0274421 0.00807185
 0.668012 0.243112 0.0689517 0.0124171 0.00750667
 0.641084 0.281329 0.0575015 0.015594 0.00449136
 0.517708 0.375543 0.084475 0.0165209 0.00575365
 0.525026 0.32466 0.118706 0.0250366 0.00657151
 0.679404 0.22895 0.063983 0.0218671 0.00579587
 0.743808 0.224232 0.0235796 0.00586433 0.0025157
 0.825112 0.16148 0.0119984 0.00104388 0.000366095
 0.765289 0.218171 0.0154666 0.000962068 0.000111585
 0.635208 0.318812 0.0429831 0.0028026 0.00019339
 0.655503 0.264717 0.0702457 0.00891476 0.000618687
 0.615097 0.297622 0.0677282 0.017222 0.00233023
 0.700372 0.22161 0.0608305 0.0133446 0.00384252
 0.637435 0.288158 0.0555021 0.014748 0.00415698
 0.614293 0.285457 0.0799811 0.0151235 0.00514471
 0.66584 0.242237 0.0684265 0.0187516 0.00474453
pobs_pel_tallas
 0 0 0 0 0 0 0 0 0 0 0 0 0 0 0 0 0 0 0 0 0 0 0 0 0 0 0 0 0 0 0 0 0 0 0 0
 0 0 0 0 0 0 0 0 0 0 0 0 0 0 0 0 0 0 0 0 0 0 0 0 0 0 0 0 0 0 0 0 0 0 0 0
 0 0 0 0 0 0 0 0 0 0 0 0 0 0 0 0 0 0 0 0 0 0 0 0 0 0 0 0 0 0 0 0 0 0 0 0
 0 0 0 0 0 0 0 0 0 0 0 0 0 0 0 0 0 0 0 0 0 0 0 0 0 0 0 0 0 0 0 0 0 0 0 0
 0 0 0 0 0 0 0 0 0 0 0 0 0 0 0 0 0 0 0 0 0 0 0 0 0 0 0 0 0 0 0 0 0 0 0 0
 0 0 0 0 0 0 0 0 0 0 0 0 0 0 0 0 0 0 0 0 0 0 0 0 0 0 0 0 0 0 0 0 0 0 0 0
 0 0 0 0 0 0 0 0 0 0 0 0 0 0 0 0 0 0 0 0 0 0 0 0 0 0 0 0 0 0 0 0 0 0 0 0
 0 0 0 0 0 0 0 0 0 0 0 0 0 0 0 0 0 0 0 0 0 0 0 0 0 0 0 0 0 0 0 0 0 0 0 0
 0 0 0 0 0 0 0 0 0 0 0 0 0 0 0 0 0 0 0 0 0 0 0 0 0 0 0 0 0 0 0 0 0 0 0 0
 0 0 0 0 0 0 0 0 0 0 0 0 0 0 0 0 0 0 0 0 0 0 0 0 0 0 0 0 0 0 0 0 0 0 0 0
 0 0 0 0 0 0 0 0 1.78061e-05 0.00172719 0.00360574 0.0105946 0.0120993 0.0124554 0.0147524 0.0171206 0.0266825 0.0428682 0.0675386 0.121331 0.153587 0.119568 0.100827 0.0573624 0.0630603 0.0341343 0.0324427 0.0444173 0.0211091 0.0280891 0.0125444 0.00206551 0 0 0 0
 0 0 0 0 0 0 0 0 0 0 0 0 0 0 0 0 0 0 0 0 0 0 0 0 0 0 0 0 0 0 0 0 0 0 0 0
 0 0 0 0 0 0 0.0133647 0.0140871 0.0187388 0.0205184 0.03894 0.0496705 0.03968 0.0493445 0.0407372 0.0367815 0.0215668 0.0243155 0.0234873 0.0199281 0.019796 0.0243948 0.0301388 0.0376714 0.0412746 0.0863199 0.0771752 0.113111 0.0741005 0.0525337 0.0229764 0.00759418 0.00175318 0 0 0
 0 0 0 0 0 0 0 0 0 0 0.00219441 0.00772107 0.0458388 0.0604681 0.0671733 0.0775358 0.0609151 0.0617685 0.073594 0.0568108 0.0755445 0.0548602 0.0670107 0.0636378 0.0643287 0.046367 0.0373049 0.0286899 0.0247887 0.0153202 0.00654259 0.00121912 0.000365735 0 0 0
 0 0 0 0 0 0 0 0 0 0 0 0 0.000112435 0.00938835 0.0111873 0.0202946 0.0414886 0.0713402 0.111592 0.104902 0.108894 0.110636 0.117776 0.105296 0.107544 0.0401394 0.0192827 0.0124803 0.00416011 0.0028671 0.000618394 0 0 0 0 0
 0 0 0 0 0 0 0 0 0 0 0.00291406 0.0102884 0.027416 0.0768956 0.0749926 0.110853 0.0956884 0.0897413 0.0766577 0.0534642 0.0500743 0.0551293 0.0594112 0.0620874 0.0668451 0.0424026 0.0208742 0.0120726 0.0048766 0.00582813 0.00118941 0.000297354 0 0 0 0
 0 0.00264628 0.0354308 0.0461629 0.0458689 0.0383711 0.0214643 0.0164657 0.0346957 0.0420465 0.0363128 0.0245516 0.0311673 0.0291091 0.0169068 0.0133784 0.00837989 0.0085269 0.0148486 0.0160247 0.0276389 0.0546898 0.0760071 0.122758 0.109233 0.0665981 0.0333725 0.0166128 0.00676272 0.00308733 0.000882094 0 0 0 0 0
 0 0 0 0 0 0 0 0.000805153 0.000690131 0.00759144 0.0133425 0.0154129 0.00931677 0.000345066 0.00356568 0.00563607 0.00851162 0.0253048 0.0502646 0.0516448 0.0657925 0.0565908 0.0611916 0.0827007 0.0866115 0.110766 0.145733 0.0935128 0.0569358 0.0249597 0.0138026 0.00621118 0.00161031 0.00115022 0 0
 0 0 0 0 0 0 0 0 0 0 0 0 0 0 0 0 0 0 0 0 0 0 0 0 0 0 0 0 0 0 0 0 0 0 0 0
 0.00147267 0.00158595 0.00478618 0.00569244 0.00954404 0.0108468 0.00647125 0.017049 0.0510054 0.094081 0.124002 0.0959785 0.0687766 0.0820023 0.061753 0.0591476 0.0492212 0.0479892 0.0443925 0.0268479 0.0217502 0.0140895 0.0121071 0.0120363 0.00920419 0.00665534 0.0049561 0.00860946 0.00930331 0.0156896 0.0114698 0.00855282 0.00243557 0.00046729 0 2.83206e-05
 0 0 0 0 0.000772559 0.00158375 0.000888443 0.00281984 0.00712685 0.0440552 0.0773331 0.111326 0.0921469 0.0852325 0.0710754 0.0886704 0.0786465 0.0553345 0.0373146 0.0185414 0.00753245 0.00457741 0.012979 0.0271748 0.0457355 0.0583668 0.034881 0.0177882 0.00938659 0.00492506 0.0015258 0.00185414 0.000309023 5.79419e-05 3.86279e-05 0
 0 0.00173294 0.00326652 0 0.00397197 0.00683976 0.00946217 0.0152591 0.00757587 0.0136028 0.0228656 0.0392903 0.0559909 0.0764795 0.0681675 0.0726916 0.0566044 0.0477403 0.0527397 0.0444891 0.0609904 0.0582453 0.0661739 0.0445044 0.0529084 0.0360697 0.0280645 0.0235558 0.0158879 0.00826598 0.00280645 0.00217768 0.000904811 0.00058276 9.20147e-05 0
 0 0 0 0 0 0 0 0 0 0 0 0 0 0 0 0 0 0 0 0 0 0 0 0 0 0 0 0 0 0 0 0 0 0 0 0
ppred_pel_tallas
 1.01024e-16 3.2217e-05 0.000189085 0.000898816 0.00346048 0.0107912 0.0272577 0.0557731 0.092451 0.124162 0.135121 0.119204 0.0853702 0.0499028 0.0243684 0.0109889 0.00626224 0.00605636 0.00782933 0.0104413 0.0133857 0.0163138 0.0188881 0.0207934 0.0217967 0.021798 0.0208505 0.0191392 0.0169293 0.0145018 0.0120975 0.00988339 0.00794725 0.00631139 0.00495691 0.00384683
 1.00907e-16 3.0904e-05 0.000181372 0.00086214 0.00331925 0.0103508 0.0261453 0.0534974 0.0886803 0.119103 0.129627 0.114387 0.081983 0.0480498 0.0236999 0.011086 0.00686918 0.00709847 0.00933183 0.0124488 0.0159101 0.0193059 0.0222269 0.0242936 0.0252327 0.0249402 0.0235038 0.0211751 0.0183026 0.0152486 0.0123173 0.00971288 0.00753139 0.00578054 0.0044124 0.00335578
 1.01226e-16 2.54032e-05 0.000149068 0.00070854 0.00272782 0.00850636 0.0214866 0.0439662 0.0728855 0.0979032 0.106591 0.0941454 0.0676646 0.0400386 0.0204569 0.0107568 0.0082612 0.00977052 0.0132818 0.0178132 0.0227849 0.027656 0.0318487 0.0348207 0.0361794 0.0357735 0.0337264 0.0303954 0.0262775 0.0218907 0.0176713 0.0139137 0.0107589 0.00822181 0.0062372 0.0047058
 1.01636e-16 2.95937e-05 0.000173681 0.000825578 0.00317848 0.00991177 0.0250364 0.0512285 0.0849192 0.114051 0.124129 0.109535 0.0785064 0.0460134 0.0226989 0.0106269 0.00660435 0.00685508 0.00905122 0.0121338 0.0156025 0.0190805 0.0221868 0.0245602 0.0259281 0.026165 0.0253161 0.0235743 0.0212241 0.0185698 0.0158749 0.0133256 0.011025 0.00900814 0.00726841 0.00578115
 1.0169e-16 2.90162e-05 0.000170288 0.000809444 0.00311635 0.00971802 0.0245471 0.0502274 0.0832606 0.111826 0.121714 0.107419 0.0770224 0.0452098 0.0224252 0.0107031 0.0069232 0.00738861 0.00981391 0.0131453 0.016863 0.020557 0.0238089 0.0262257 0.0275169 0.0275598 0.0264236 0.0243421 0.0216475 0.0186892 0.0157629 0.01307 0.0107114 0.00870662 0.00702608 0.00562093
 1.02471e-16 2.14128e-05 0.000125637 0.000597141 0.00229889 0.00716875 0.018108 0.0370536 0.061429 0.0825231 0.0898691 0.0794319 0.0572111 0.0340974 0.017873 0.0101317 0.0086644 0.0108111 0.0148957 0.020064 0.0257544 0.031395 0.0363558 0.0400365 0.0419929 0.042037 0.0402743 0.0370625 0.0329111 0.0283562 0.0238525 0.0197112 0.0160892 0.0130186 0.0104549 0.00832302
 1.02673e-16 2.84287e-05 0.000166842 0.00079307 0.00305333 0.00952148 0.0240506 0.0492112 0.0815752 0.10956 0.11924 0.105219 0.0754092 0.044191 0.0217877 0.0101829 0.00631152 0.0065514 0.0086758 0.0116815 0.0151057 0.018606 0.0218334 0.0244506 0.0261933 0.026923 0.0266503 0.0255157 0.0237428 0.021577 0.019235 0.0168753 0.0145949 0.0124427 0.010441 0.00860281
 1.02253e-16 2.59578e-05 0.000152328 0.000724048 0.00278754 0.00869261 0.021957 0.0449284 0.0744791 0.100039 0.108905 0.0961618 0.0690541 0.0407408 0.0205953 0.0104748 0.00762488 0.00876514 0.0118541 0.0159169 0.0204155 0.0248736 0.028788 0.0316837 0.0332122 0.0332299 0.0318273 0.029294 0.0260384 0.0224862 0.0189947 0.015803 0.0130254 0.0106763 0.00871063 0.00706194
 1.01836e-16 2.91511e-05 0.000171081 0.000813217 0.00313089 0.00976334 0.0246615 0.0504615 0.0836483 0.112346 0.122276 0.107908 0.0773578 0.0453756 0.0224499 0.01062 0.00674633 0.00711279 0.0094256 0.0126346 0.0162326 0.0198284 0.0230242 0.0254439 0.0268066 0.0269876 0.0260422 0.0241808 0.0217082 0.0189473 0.0161741 0.0135797 0.011264 0.00925398 0.00753199 0.00606286
 1.01654e-16 2.79784e-05 0.000164193 0.000780462 0.00300476 0.00937001 0.0236681 0.0484291 0.0802806 0.107827 0.117369 0.103604 0.0743299 0.0437154 0.0218437 0.0106916 0.00726511 0.00800985 0.010722 0.0143703 0.0184207 0.0224303 0.0259397 0.0285172 0.0298459 0.029795 0.0284467 0.0260655 0.0230247 0.0197157 0.016469 0.013509 0.0109461 0.00879873 0.00702847 0.00557443
 1.02159e-16 2.26025e-05 0.000132623 0.000630355 0.00242678 0.00756757 0.0191154 0.0391146 0.0648447 0.0871082 0.0948533 0.0838154 0.0603207 0.0358552 0.0186193 0.0102781 0.00848154 0.0104085 0.0142864 0.0192262 0.0246658 0.0300493 0.0347696 0.0382496 0.0400635 0.0400327 0.0382627 0.035102 0.0310458 0.0266146 0.0222503 0.018255 0.0147809 0.0118579 0.00944058 0.00745244
 1.02959e-16 2.29197e-05 0.000134489 0.000639238 0.002461 0.00767429 0.0193849 0.0396657 0.0657567 0.0883287 0.0961701 0.0849501 0.0610744 0.0361776 0.0185575 0.00988243 0.00775127 0.00929455 0.0127244 0.0171741 0.0221365 0.0271327 0.0316401 0.0351539 0.0372886 0.03786 0.0369185 0.0347181 0.0316386 0.0280888 0.0244227 0.0208915 0.0176361 0.0147097 0.0121131 0.00982651
 1.02006e-16 2.96472e-05 0.000173995 0.000827074 0.00318425 0.00992974 0.0250818 0.0513213 0.085073 0.114258 0.124353 0.10973 0.0786413 0.0460826 0.0227145 0.0106029 0.00654694 0.00676169 0.00891442 0.0119452 0.0153559 0.0187746 0.0218272 0.0241606 0.0255102 0.0257575 0.0249517 0.0232866 0.0210434 0.0185196 0.0159686 0.0135644 0.0113975 0.00949167 0.0078316 0.00638788
 1.00727e-16 3.24553e-05 0.000190482 0.000905454 0.00348603 0.0108708 0.027459 0.0561851 0.0931345 0.125081 0.136125 0.1201 0.0860312 0.050329 0.0246498 0.0112378 0.00656909 0.00648136 0.00840732 0.011183 0.014273 0.0172945 0.0198749 0.021672 0.0224417 0.0220943 0.020716 0.0185414 0.0158926 0.0131031 0.0104511 0.00812155 0.00619857 0.00468379 0.00352689 0.00265608
 1.00277e-16 3.5998e-05 0.000211286 0.00100437 0.00386691 0.0120586 0.0304591 0.0623232 0.103307 0.138735 0.150963 0.13314 0.0952627 0.055508 0.0267733 0.0115084 0.00576496 0.00489797 0.00605646 0.00798358 0.0101632 0.0122876 0.0140819 0.0152989 0.0157646 0.0154183 0.0143272 0.0126673 0.0106781 0.0086066 0.00665904 0.00497186 0.00360629 0.00256132 0.00179611 0.00125269
 1.00329e-16 3.33917e-05 0.00019598 0.000931594 0.00358668 0.0111847 0.0282517 0.0578071 0.0958228 0.128691 0.14005 0.123554 0.0884886 0.0517315 0.0252711 0.0114095 0.00651384 0.00629575 0.00811081 0.0107636 0.0137114 0.0165748 0.018989 0.0206209 0.0212358 0.0207522 0.0192619 0.0170037 0.0143023 0.0114927 0.00885445 0.00657244 0.00472965 0.00332443 0.00230093 0.00157991
 1.0082e-16 2.77237e-05 0.000162694 0.00077333 0.00297729 0.00928433 0.0234517 0.0479866 0.0795482 0.106846 0.116311 0.102691 0.0737203 0.0434484 0.021879 0.0109859 0.00781587 0.00885361 0.0119092 0.0159362 0.0203608 0.0246827 0.0283788 0.0309609 0.0320783 0.0315993 0.0296414 0.0265345 0.0227345 0.0187158 0.0148775 0.0114882 0.00867539 0.00644938 0.00474593 0.00346812
 1.01419e-16 2.86065e-05 0.000167882 0.000798004 0.00307231 0.00958065 0.0242001 0.0495175 0.0820843 0.110247 0.119999 0.105913 0.0759591 0.044619 0.0221942 0.0106967 0.00705639 0.00763336 0.0101755 0.0136395 0.0175014 0.0213392 0.0247186 0.0272294 0.0285669 0.0285998 0.0273954 0.025193 0.0223365 0.0191901 0.0160659 0.013181 0.0106495 0.00850103 0.00671247 0.00523746
 1.0176e-16 2.6846e-05 0.000157543 0.000748844 0.00288302 0.00899035 0.0227091 0.0464671 0.0770291 0.103462 0.112625 0.0994333 0.0713734 0.0420491 0.0211456 0.0105732 0.0074725 0.0084434 0.0113739 0.0152652 0.0195816 0.0238618 0.027621 0.0304011 0.0318641 0.0318675 0.0304932 0.0280152 0.0248236 0.0213287 0.0178791 0.014713 0.0119509 0.00961742 0.00767821 0.00607485
 1.01574e-16 3.05612e-05 0.000179362 0.00085259 0.00328249 0.0102361 0.0258557 0.0529046 0.0876972 0.11778 0.128183 0.113102 0.081038 0.0474479 0.0233145 0.0107598 0.0064766 0.00655688 0.00859321 0.0114961 0.014762 0.0180243 0.0209182 0.0231007 0.0243163 0.0244523 0.0235606 0.021835 0.0195553 0.0170179 0.014476 0.0121047 0.00999568 0.00817294 0.00661948 0.00530179
 1.01583e-16 2.78196e-05 0.00016326 0.000776025 0.00298767 0.00931672 0.0235335 0.0481537 0.0798244 0.107215 0.116705 0.103023 0.0739225 0.0434959 0.0217711 0.0107172 0.00736038 0.00816841 0.0109494 0.0146734 0.018801 0.0228795 0.0264385 0.029036 0.0303487 0.030245 0.0288125 0.0263257 0.0231713 0.0197537 0.0164142 0.0133839 0.0107756 0.00860619 0.00683342 0.00539119
 1.01989e-16 2.68104e-05 0.000157336 0.00074786 0.00287923 0.00897855 0.0226793 0.046406 0.0769275 0.103325 0.112473 0.0992933 0.0712605 0.0419576 0.0210538 0.0104529 0.00729641 0.00818755 0.0110201 0.0148051 0.0190215 0.023227 0.0269569 0.0297699 0.0313362 0.0315102 0.0303583 0.0281294 0.0251842 0.0219048 0.0186181 0.015551 0.0128227 0.0104654 0.0084582 0.00675844
 1.01917e-16 2.90563e-05 0.000170525 0.000810573 0.00312071 0.0097316 0.0245813 0.0502974 0.0833763 0.11198 0.121879 0.107558 0.0771066 0.0452286 0.022378 0.0105875 0.00672811 0.00709612 0.00940583 0.0126112 0.0162075 0.0198058 0.0230101 0.0254462 0.0268339 0.0270481 0.0261424 0.0243241 0.0218943 0.0191717 0.0164287 0.0138534 0.0115444 0.0095286 0.00778967 0.00629482
pSPR Fmed_Fpbrs
0.500846   0.411421 0.411421
Fs Fmed_Fpbrs
0.68   1.005 1.005
SSBpbr Bo_Bmed_Bpbrs
887099  399945  320616 320616
Ro
34858
SPR SPRFo_SPRFmed_SPRFpbrs
718493 359854 295603
log_Ro
10.279
likeval ReclasPelacesDesembMPH_pf_preclas_ppelaces_ptallas_desvR_qrecl_qpela
 63.5892 15.0214 0.00828308 0.000298149 285.334 169.255 64.1239 0 15.4966 1.02598e-05 8.20322e-05 0 0 0 0
q_reclas_q_pelaces
0.635151 3.62757
M
0.7
N
 36370.7 10937.7 3556.76 419.227 0.228937
 44299.4 16309.3 2794.38 692.471 79.9999
 23000.5 20037.2 4408.12 588.967 159.756
 35517 9727.39 3496.02 501.486 82.4306
 62880.9 17048.3 3871.86 1271.21 210.86
 44224.7 31044.1 8150.24 1822.47 696.776
 78552.4 20794.6 10802.8 2452.38 749.601
 76722.5 37687.8 8251.77 3911.22 1151.16
 99872.7 35577.2 11979.4 2185.54 1322.17
 117053 45891.1 10655.2 2917.67 840.78
 67415.7 54869.5 15651.8 3116.66 1086.47
 46099.1 30066.8 13530.9 2899.12 761.594
 45564 20839.4 8096.5 2837.05 752.971
 24627.7 19493.4 3919.56 1023.89 440.394
 14409.2 9121.6 1433.34 131.986 46.4298
 13406.6 5099.08 498.403 31.766 3.68921
 10257.4 5757.23 982.759 65.2341 4.50575
 11848.6 4578 1426.45 183.244 12.7255
 12623 5471.59 1416.31 363.674 49.233
 20571.8 5913.55 1858.92 412.008 118.702
 27231.4 9607.96 1969.41 525.785 148.24
 35282.6 13147.3 3971.77 755.313 257.021
 56402.8 16934.1 5229.65 1442.85 365.203
pred_Ctot
 2552.03 3966.04 1638.99 195.94 0.107082
 2855.68 5533.45 1213.9 305.267 35.2944
 2476.6 9909.42 2648.54 357.797 97.1082
 854.517 1406.09 685.387 100.191 16.4852
 263.158 458.222 145.622 48.8367 8.10989
 1695.01 6818.63 2376.85 540.775 206.942
 1915.63 3043.42 2143.28 495.814 151.704
 3667.03 10007.3 2870.03 1382.76 407.331
 5388.68 10452.4 4570.65 847.084 512.884
 4733.36 10561.1 3245.83 904.123 260.776
 4970.45 20669 7458.56 1505.87 525.336
 2989.03 10248.2 5902.14 1283.26 337.372
 4576.49 9831.35 4678.39 1658.44 440.431
 4577.78 13216.5 3005.72 790.254 340.018
 3036.49 6546.74 1144.02 105.921 37.2716
 1314.83 2366.24 284.052 18.3187 2.12881
 751.406 2158.05 466.293 31.3845 2.16934
 599.571 1275.25 518.432 67.6765 4.70385
 515.594 1270.2 434.958 113.608 15.3938
 883.223 1433.11 594.18 133.93 38.6205
 544.516 1170.01 327.303 89.0901 25.1439
 851.385 1905.6 780.688 151.295 51.535
 1607.45 2857.06 1188.66 334.038 84.6318
F
 0.102027 0.664603 0.936339 0.956932 0.958041
 0.0933814 0.608287 0.856997 0.875845 0.876859
 0.160572 1.04597 1.47363 1.50604 1.50778
 0.0339592 0.22121 0.311656 0.318511 0.31888
 0.00583431 0.0380048 0.0535437 0.0547213 0.0547847
 0.0545897 0.355598 0.50099 0.512009 0.512602
 0.0344282 0.224266 0.315961 0.32291 0.323284
 0.0684908 0.446149 0.628566 0.64239 0.643135
 0.077626 0.505656 0.712404 0.728071 0.728915
 0.057673 0.375683 0.529288 0.540928 0.541555
 0.107458 0.69998 0.98618 1.00787 1.00904
 0.0939496 0.611989 0.862212 0.881174 0.882196
 0.149043 0.970866 1.36782 1.3979 1.39952
 0.293225 1.91007 2.69104 2.75022 2.75341
 0.338807 2.20699 3.10936 3.17775 3.18143
 0.145295 0.946451 1.33343 1.36275 1.36433
 0.106735 0.695269 0.979544 1.00109 1.00225
 0.0726441 0.473204 0.666683 0.681345 0.682135
 0.0582704 0.379574 0.53477 0.546531 0.547164
 0.061331 0.39951 0.562858 0.575237 0.575903
 0.0281517 0.18338 0.258359 0.264041 0.264347
 0.034061 0.221874 0.312591 0.319466 0.319836
 0.0403391 0.262769 0.370207 0.378349 0.378788
Np
 24510.3 10936.1 6652.85 1202.48 385.733
YTP_r0W_actual
 10609.2 69140.8 39701.2 14564.1 4637.83
YTP_p0W_proyectada
 14760.8 218236 96499.2 34658.6 14114.5
 14760.8 88718.7 99287.5 23238.2 8278.38
CTP_r0_actual
 1607.45 2857.06 1188.66 334.038 84.6318
CTP_p0_proyectada
 1800.1 10103.5 3073.22 864.305 317.18
 1800.1 4107.35 3162.02 579.506 186.031
Wmedp
 8.2 21.6 31.4 40.1 44.5
nmprior
 10.6 11 7 0
nm_flota  nm_reclas  nm_pelaces    nm_pelaL
inf 17.3727 13.3739 17.3334
cv_recla  cv_pelaces  cv_mph
0.756507 0.47468 0.488385
 ------------------------------------------------
Talla a la edad & desviaci?n 
 7.2 14.2025 17.0495 18.207 18.6776
 1.08 2.13037 2.55742 2.73105 2.80164
