years
 1997 1998 1999 2000 2001 2002 2003 2004 2005 2006 2007 2008 2009 2010 2011 2012 2013 2014 2015 2016 2017 2018
reclasobs
 0 0 0 370054 412103 1.49427e+06 250295 1.28982e+06 931140 785840 897777 1.04006e+06 184774 17550 25797 100020 73551 82996 120727 218422 84188 347160
reclaspred
 467853 120976 304931 215888 355148 427483 941236 640128 722214 732782 616268 429873 269065 113072 67309.1 62700.7 75636.4 102724 109555 148754 212323 207028
pelacesobs
 0 0 0 0 0 0 0 0 0 2.06254e+06 1.5e+06 0 1.87456e+06 323000 250000 174000 83755 137374 0 501740 490994 745055
pelacespred
 1.87699e+06 474075 670579 795906 1.13814e+06 1.19446e+06 2.76789e+06 2.33556e+06 2.28153e+06 2.38924e+06 1.79867e+06 1.32197e+06 770603 246656 140103 152448 194181 281832 318535 406873 677400 653932
mphobs
 0 0 0 0 0 112323 0 153150 637223 0 255016 313432 73983 77613 109348 50772 17779 17303 59886 28197 0 207744
mphpred
 159722 87706.4 97697.3 96372.5 115194 196592 281347 341329 291355 308110 319657 228257 144821 75278.8 31942.3 24927.8 27903.6 37276.7 47457.5 53407.7 78395.6 92330.6
desembarqueobs
 350755 77701 442110 56441 14545 235359 269955 359681 431902 328805 639364 411747 362871 311530 167758 66681 60226 58785 57116 73181 50977 67692
desembarquepred
 350761 77699.1 442086 56443.7 14545.2 235429 270013 359674 431945 328815 639319 411773 362937 311616 167583 66678.2 60254.1 58779.1 57100.9 73178.1 50979.7 67684.8
Reclutas
 36387.2 44428.8 23159.4 36708.7 64242.6 45410.4 78540.3 77173.8 99575.9 116380 68676.1 46507.3 45262.1 24517.8 14227.1 13302.2 10309 12051.7 12544.5 19992.6 23651 38434.1
log_desv_Rt
 0.0641019 0.263771 -0.387717 0.0728972 0.63255 0.285624 0.833495 0.815944 1.0708 1.22675 0.699285 0.309492 0.282354 -0.330718 -0.874966 -0.94219 -1.1971 -1.04091 -1.00083 -0.534756 -0.366711 0.11883
SSB
 453670 249119 277497 273734 327195 558393 799129 969503 827556 875148 907945 648334 411345 213820 90728 70804.2 79256.5 105880 134797 151698 222673 262253
BT
 1.5506e+06 379189 664467 506356 664479 783502 1.8575e+06 1.70226e+06 1.75253e+06 1.68072e+06 1.56195e+06 1.0945e+06 800110 436435 228888 145091 163852 211045 218899 293311 425875 406844
Ftot
 0.941091 0.863615 1.48475 0.312333 0.0531545 0.495448 0.311568 0.626229 0.713433 0.534534 1.00213 0.870198 1.36598 2.67916 3.11224 1.36172 1.00579 0.679993 0.539345 0.572839 0.271858 0.345377
BD_Bspro_t
 0.91172 0.641339 0.563487 0.385105 0.555225 0.731946 0.680074 0.69358 0.625949 0.594688 0.573358 0.418316 0.316053 0.214839 0.116013 0.112572 0.167878 0.276987 0.382992 0.469859 0.592241 0.692064
BD_Bspro
 0.64386 0.353556 0.39383 0.38849 0.464364 0.792486 1.13414 1.37594 1.17449 1.24203 1.28858 0.920132 0.583792 0.303458 0.128764 0.100487 0.112483 0.150267 0.191307 0.215294 0.316023 0.372197
BD_Bo
 0.504938 0.277271 0.308856 0.304667 0.36417 0.621495 0.889436 1.07906 0.921075 0.974045 1.01055 0.7216 0.45783 0.237983 0.100981 0.0788054 0.088213 0.117845 0.15003 0.168841 0.247836 0.291889
BD_Brms
 1.39743 0.767355 0.854767 0.843176 1.00785 1.72001 2.46154 2.98634 2.5491 2.6957 2.79672 1.99705 1.26706 0.658624 0.279468 0.218096 0.244132 0.326139 0.415212 0.467272 0.685894 0.807813
S_f
 0.108646 0.698421 0.977779 0.998805 0.999937
 0.108646 0.698421 0.977779 0.998805 0.999937
 0.108646 0.698421 0.977779 0.998805 0.999937
 0.108646 0.698421 0.977779 0.998805 0.999937
 0.108646 0.698421 0.977779 0.998805 0.999937
 0.108646 0.698421 0.977779 0.998805 0.999937
 0.108646 0.698421 0.977779 0.998805 0.999937
 0.108646 0.698421 0.977779 0.998805 0.999937
 0.108646 0.698421 0.977779 0.998805 0.999937
 0.108646 0.698421 0.977779 0.998805 0.999937
 0.108646 0.698421 0.977779 0.998805 0.999937
 0.108646 0.698421 0.977779 0.998805 0.999937
 0.108646 0.698421 0.977779 0.998805 0.999937
 0.108646 0.698421 0.977779 0.998805 0.999937
 0.108646 0.698421 0.977779 0.998805 0.999937
 0.108646 0.698421 0.977779 0.998805 0.999937
 0.108646 0.698421 0.977779 0.998805 0.999937
 0.108646 0.698421 0.977779 0.998805 0.999937
 0.108646 0.698421 0.977779 0.998805 0.999937
 0.108646 0.698421 0.977779 0.998805 0.999937
 0.108646 0.698421 0.977779 0.998805 0.999937
 0.108646 0.698421 0.977779 0.998805 0.999937
Scru_reclas
 0.84218 1 1 1 1
 0.84218 1 1 1 1
 0.84218 1 1 1 1
 0.84218 1 1 1 1
 0.84218 1 1 1 1
 0.84218 1 1 1 1
 0.84218 1 1 1 1
 0.84218 1 1 1 1
 0.84218 1 1 1 1
 0.84218 1 1 1 1
 0.84218 1 1 1 1
 0.84218 1 1 1 1
 0.84218 1 1 1 1
 0.84218 1 1 1 1
 0.84218 1 1 1 1
 0.84218 1 1 1 1
 0.84218 1 1 1 1
 0.84218 1 1 1 1
 0.84218 1 1 1 1
 0.84218 1 1 1 1
 0.84218 1 1 1 1
 0.84218 1 1 1 1
Scru_pelaces
 0.605771 1 1 1 1
 0.605771 1 1 1 1
 0.605771 1 1 1 1
 0.605771 1 1 1 1
 0.605771 1 1 1 1
 0.605771 1 1 1 1
 0.605771 1 1 1 1
 0.605771 1 1 1 1
 0.605771 1 1 1 1
 0.605771 1 1 1 1
 0.605771 1 1 1 1
 0.605771 1 1 1 1
 0.605771 1 1 1 1
 0.605771 1 1 1 1
 0.605771 1 1 1 1
 0.605771 1 1 1 1
 0.605771 1 1 1 1
 0.605771 1 1 1 1
 0.605771 1 1 1 1
 0.605771 1 1 1 1
 0.605771 1 1 1 1
 0.605771 1 1 1 1
pf_obs 
 0.256992 0.487395 0.22802 0.0275931 0
 0.321318 0.546541 0.124235 0.00734118 0.000564706
 0.182869 0.594174 0.210203 0.0122559 0.00049798
 0.330522 0.361315 0.267642 0.0388342 0.00168674
 0.649043 0.306663 0.0425973 0.00169635 0
 0.582887 0.30429 0.105238 0.00758474 0
 0.465427 0.430635 0.0974691 0.00646863 0
 0.296916 0.608066 0.0921331 0.00288517 0
 0.311714 0.524322 0.152257 0.0117073 0
 0.15457 0.633149 0.183074 0.0267441 0.00246327
 0.131901 0.49318 0.331252 0.0422183 0.00144891
 0.196976 0.569456 0.194076 0.0375587 0.00193317
 0.518974 0.381816 0.0799577 0.0180837 0.00116848
 0.0928022 0.601141 0.25162 0.0475244 0.00691264
 0.122501 0.610282 0.24278 0.0234846 0.000952079
 0.383417 0.481906 0.127806 0.00687128 0
 0.0376549 0.599619 0.316969 0.0457579 0
 0.0361596 0.667082 0.258105 0.0386534 0
 0.158088 0.579412 0.248529 0.0139706 0
 0.0477256 0.309471 0.559284 0.082774 0.000745712
 0.0406174 0.521527 0.379366 0.0568643 0.0016247
 0.151134 0.462217 0.34131 0.0453401 0
pf_pred 
 0.306122 0.474534 0.195905 0.023427 1.23991e-05
 0.28936 0.553069 0.122754 0.0312043 0.00361237
 0.161649 0.637756 0.170555 0.0235677 0.00647255
 0.286649 0.453728 0.221232 0.0328423 0.00554872
 0.286736 0.498647 0.15381 0.0519999 0.00880803
 0.147306 0.584005 0.205374 0.0456466 0.0176682
 0.243837 0.393923 0.277248 0.0653731 0.0196186
 0.200682 0.539347 0.159384 0.0774264 0.0231599
 0.247026 0.478669 0.209172 0.0403761 0.0247575
 0.240943 0.532683 0.165677 0.0466133 0.0140829
 0.145793 0.584081 0.211111 0.0435093 0.0155051
 0.14556 0.497565 0.278942 0.06136 0.0165731
 0.214213 0.46367 0.223205 0.0778558 0.0210569
 0.207832 0.597753 0.140304 0.0379555 0.0161548
 0.276579 0.600174 0.108647 0.01072 0.00387974
 0.332742 0.588139 0.0734174 0.00506741 0.000634074
 0.225909 0.629385 0.134487 0.00950922 0.000709739
 0.249812 0.516714 0.20486 0.0266569 0.00195782
 0.218916 0.544789 0.182942 0.0469801 0.00637312
 0.283441 0.46404 0.196322 0.0437752 0.0124217
 0.233744 0.552917 0.157113 0.0439814 0.0122436
 0.266884 0.466241 0.210636 0.0416763 0.0145621
pobs_RECLAS
 0 0 0 0 0
 0 0 0 0 0
 0 0 0 0 0
 0 0 0 0 0
 0.835266 0.146461 0.0176864 0.000547809 3.91292e-05
 0.385257 0.428462 0.181853 0.0044286 0
 0.867414 0.0963971 0.0333333 0.00285562 0
 0.441836 0.489002 0.0689373 0.000224442 0
 0.779404 0.147425 0.0564933 0.0165055 0.000172143
 0.814271 0.122319 0.05973 0.00367925 0
 0.40263 0.566651 0.0304383 0.000280538 0
 0.475488 0.404961 0.113038 0.00651328 0
 0.955842 0.0263864 0.0167828 0.000988607 0
 0.975058 0.0227948 0.00214734 0 0
 0.738997 0.206755 0.0527124 0.00153531 0
 0.850938 0.134255 0.0134407 0.00136685 0
 0.542534 0.407297 0.0501686 0 0
 0.764087 0.199537 0.0359546 0.000420521 0
 0.470689 0.182191 0.310203 0.0369168 0
 0.84361 0.089868 0.0606195 0.00523954 0.000663233
 0.607945 0.314616 0.071237 0.00620181 0
 0.523733 0.453247 0.0230204 0 0
ppred_RECLAS
 0.735475 0.200529 0.0573016 0.00669082 3.53673e-06
 0.71199 0.240625 0.037106 0.00921302 0.00106521
 0.554223 0.368394 0.0660566 0.00888896 0.00243778
 0.711465 0.20542 0.0710528 0.0103203 0.00174159
 0.704968 0.226026 0.0497542 0.0164656 0.00278587
 0.513355 0.367888 0.0912533 0.019835 0.00766834
 0.672969 0.19832 0.099019 0.0228441 0.00684761
 0.608257 0.293358 0.0608534 0.0288986 0.00863374
 0.673932 0.233133 0.0712594 0.0134426 0.00823255
 0.659003 0.262803 0.0575746 0.0158398 0.00477985
 0.519659 0.364602 0.0909328 0.0182944 0.00651106
 0.525328 0.317377 0.123581 0.0265515 0.00716247
 0.649338 0.239247 0.0778197 0.026451 0.00714406
 0.662582 0.282173 0.0402565 0.0105192 0.00446891
 0.746567 0.22648 0.0238673 0.00226668 0.000818667
 0.752843 0.226593 0.0191175 0.00128586 0.000160674
 0.638965 0.311681 0.0459465 0.00317132 0.000236393
 0.67259 0.248865 0.0691103 0.00878957 0.000644764
 0.630849 0.283108 0.0669525 0.0168126 0.002278
 0.710772 0.209457 0.0623308 0.0135889 0.00385139
 0.645141 0.27888 0.0562772 0.0154152 0.00428636
 0.691253 0.219937 0.0704205 0.0136316 0.00475745
pobs_PELACES
 0 0 0 0 0
 0 0 0 0 0
 0 0 0 0 0
 0 0 0 0 0
 0 0 0 0 0
 0 0 0 0 0
 0 0 0 0 0
 0 0 0 0 0
 0 0 0 0 0
 0 0 0 0 0
 0.450072 0.473896 0.0757376 0.000293798 0
 0 0 0 0 0
 0.463077 0.371075 0.160297 0.00555027 0
 0.529543 0.364841 0.0842815 0.0213345 0
 0.631943 0.363953 0.00410389 0 0
 0.735681 0.248677 0.0153453 0.000297389 0
 0.695825 0.281241 0.0229344 0 0
 0.275771 0.60734 0.115278 0.00161068 0
 0 0 0 0 0
 0.896147 0.0623911 0.0374545 0.00400742 0
 0.803859 0.145111 0.0509908 3.86294e-05 0
 0.739449 0.233085 0.0266225 0.000797448 4.60066e-05
ppred_PELACES
 0.710273 0.224175 0.058735 0.00681355 3.60034e-06
 0.6806 0.270308 0.0384933 0.00950037 0.00109808
 0.549813 0.380577 0.0595115 0.00792614 0.00217252
 0.655229 0.247503 0.0831788 0.0120554 0.00203416
 0.634852 0.28007 0.0613492 0.0202954 0.00343377
 0.457978 0.414344 0.0981879 0.0212691 0.00822124
 0.614008 0.23676 0.114864 0.0264425 0.0079253
 0.561431 0.333251 0.0652509 0.0308525 0.00921535
 0.635066 0.265828 0.0760808 0.0142813 0.00874383
 0.609378 0.304471 0.0634957 0.0174041 0.00525086
 0.491515 0.394484 0.0897033 0.017922 0.00637613
 0.49189 0.348783 0.125341 0.0267675 0.00721838
 0.643744 0.252771 0.0724902 0.0244071 0.00658866
 0.711756 0.250177 0.0278807 0.00715116 0.00303502
 0.799585 0.184018 0.0145556 0.00135282 0.000488035
 0.742552 0.238379 0.0177391 0.00118193 0.000147613
 0.610491 0.340404 0.0457371 0.00313491 0.000233591
 0.631252 0.28447 0.0741977 0.00939217 0.000688794
 0.58003 0.325826 0.0733173 0.0183421 0.00248474
 0.667224 0.244519 0.0690219 0.014988 0.004247
 0.580928 0.331133 0.0651679 0.0178169 0.00495366
 0.63481 0.262548 0.0814295 0.0157249 0.00548732
pobs_pel_tallas
 0 0 0 0 0 0 0 0 0 0 0 0 0 0 0 0 0 0 0 0 0 0 0 0 0 0 0 0 0 0 0 0 0 0 0 0
 0 0 0 0 0 0 0 0 0 0 0 0 0 0 0 0 0 0 0 0 0 0 0 0 0 0 0 0 0 0 0 0 0 0 0 0
 0 0 0 0 0 0 0 0 0 0 0 0 0 0 0 0 0 0 0 0 0 0 0 0 0 0 0 0 0 0 0 0 0 0 0 0
 0 0 0 0 0 0 0 0 0 0 0 0 0 0 0 0 0 0 0 0 0 0 0 0 0 0 0 0 0 0 0 0 0 0 0 0
 0 0 0 0 0 0 0 0 0 0 0 0 0 0 0 0 0 0 0 0 0 0 0 0 0 0 0 0 0 0 0 0 0 0 0 0
 0 0 0 0 0 0 0 0 0 0 0 0 0 0 0 0 0 0 0 0 0 0 0 0 0 0 0 0 0 0 0 0 0 0 0 0
 0 0 0 0 0 0 0 0 0 0 0 0 0 0 0 0 0 0 0 0 0 0 0 0 0 0 0 0 0 0 0 0 0 0 0 0
 0 0 0 0 0 0 0 0 0 0 0 0 0 0 0 0 0 0 0 0 0 0 0 0 0 0 0 0 0 0 0 0 0 0 0 0
 0 0 0 0 0 0 0 0 0 0 0 0 0 0 0 0 0 0 0 0 0 0 0 0 0 0 0 0 0 0 0 0 0 0 0 0
 0 0 0 0 0 0 0 0 0 0 0 0 0 0 0 0 0 0 0 0 0 0 0 0 0 0 0 0 0 0 0 0 0 0 0 0
 0 0 0 0 0 0 0 0 1.78061e-05 0.00172719 0.00360574 0.0105946 0.0120993 0.0124554 0.0147524 0.0171206 0.0266825 0.0428682 0.0675386 0.121331 0.153587 0.119568 0.100827 0.0573624 0.0630603 0.0341343 0.0324427 0.0444173 0.0211091 0.0280891 0.0125444 0.00206551 0 0 0 0
 0 0 0 0 0 0 0 0 0 0 0 0 0 0 0 0 0 0 0 0 0 0 0 0 0 0 0 0 0 0 0 0 0 0 0 0
 0 0 0 0 0 0 0.0133647 0.0140871 0.0187388 0.0205184 0.03894 0.0496705 0.03968 0.0493445 0.0407372 0.0367815 0.0215668 0.0243155 0.0234873 0.0199281 0.019796 0.0243948 0.0301388 0.0376714 0.0412746 0.0863199 0.0771752 0.113111 0.0741005 0.0525337 0.0229764 0.00759418 0.00175318 0 0 0
 0 0 0 0 0 0 0 0 0 0 0.00219441 0.00772107 0.0458388 0.0604681 0.0671733 0.0775358 0.0609151 0.0617685 0.073594 0.0568108 0.0755445 0.0548602 0.0670107 0.0636378 0.0643287 0.046367 0.0373049 0.0286899 0.0247887 0.0153202 0.00654259 0.00121912 0.000365735 0 0 0
 0 0 0 0 0 0 0 0 0 0 0 0 0.000112435 0.00938835 0.0111873 0.0202946 0.0414886 0.0713402 0.111592 0.104902 0.108894 0.110636 0.117776 0.105296 0.107544 0.0401394 0.0192827 0.0124803 0.00416011 0.0028671 0.000618394 0 0 0 0 0
 0 0 0 0 0 0 0 0 0 0 0.00291406 0.0102884 0.027416 0.0768956 0.0749926 0.110853 0.0956884 0.0897413 0.0766577 0.0534642 0.0500743 0.0551293 0.0594112 0.0620874 0.0668451 0.0424026 0.0208742 0.0120726 0.0048766 0.00582813 0.00118941 0.000297354 0 0 0 0
 0 0.00264628 0.0354308 0.0461629 0.0458689 0.0383711 0.0214643 0.0164657 0.0346957 0.0420465 0.0363128 0.0245516 0.0311673 0.0291091 0.0169068 0.0133784 0.00837989 0.0085269 0.0148486 0.0160247 0.0276389 0.0546898 0.0760071 0.122758 0.109233 0.0665981 0.0333725 0.0166128 0.00676272 0.00308733 0.000882094 0 0 0 0 0
 0 0 0 0 0 0 0 0.000805153 0.000690131 0.00759144 0.0133425 0.0154129 0.00931677 0.000345066 0.00356568 0.00563607 0.00851162 0.0253048 0.0502646 0.0516448 0.0657925 0.0565908 0.0611916 0.0827007 0.0866115 0.110766 0.145733 0.0935128 0.0569358 0.0249597 0.0138026 0.00621118 0.00161031 0.00115022 0 0
 0 0 0 0 0 0 0 0 0 0 0 0 0 0 0 0 0 0 0 0 0 0 0 0 0 0 0 0 0 0 0 0 0 0 0 0
 0.00147267 0.00158595 0.00478618 0.00569244 0.00954404 0.0108468 0.00647125 0.017049 0.0510054 0.094081 0.124002 0.0959785 0.0687766 0.0820023 0.061753 0.0591476 0.0492212 0.0479892 0.0443925 0.0268479 0.0217502 0.0140895 0.0121071 0.0120363 0.00920419 0.00665534 0.0049561 0.00860946 0.00930331 0.0156896 0.0114698 0.00855282 0.00243557 0.00046729 0 2.83206e-05
 0 0 0 0 0.000772559 0.00158375 0.000888443 0.00281984 0.00712685 0.0440552 0.0773331 0.111326 0.0921469 0.0852325 0.0710754 0.0886704 0.0786465 0.0553345 0.0373146 0.0185414 0.00753245 0.00457741 0.012979 0.0271748 0.0457355 0.0583668 0.034881 0.0177882 0.00938659 0.00492506 0.0015258 0.00185414 0.000309023 5.79419e-05 3.86279e-05 0
 0 0.00173294 0.00326652 0 0.00397197 0.00683976 0.00946217 0.0152591 0.00757587 0.0136028 0.0228656 0.0392903 0.0559909 0.0764795 0.0681675 0.0726916 0.0566044 0.0477403 0.0527397 0.0444891 0.0609904 0.0582453 0.0661739 0.0445044 0.0529084 0.0360697 0.0280645 0.0235558 0.0158879 0.00826598 0.00280645 0.00217768 0.000904811 0.00058276 9.20147e-05 0
ppred_pel_tallas
 1.01142e-16 3.09931e-05 0.000181897 0.000864641 0.00332889 0.0103808 0.0262212 0.0536525 0.0889368 0.119445 0.129995 0.114699 0.0821805 0.0481128 0.0236334 0.0108933 0.00653678 0.00659888 0.00863584 0.0115403 0.0147993 0.0180391 0.0208883 0.0229991 0.024114 0.0241221 0.0230815 0.0211961 0.0187587 0.0160791 0.0134231 0.0109753 0.00883274 0.00702042 0.00551795 0.00428498
 1.01013e-16 2.9701e-05 0.000174307 0.00082855 0.00318991 0.00994741 0.0251265 0.051413 0.0852261 0.114466 0.124589 0.109959 0.0788502 0.046295 0.0229856 0.0110055 0.00716027 0.00766296 0.0101677 0.0135849 0.0173674 0.0210779 0.0242719 0.0265359 0.0275714 0.0272642 0.0257095 0.0231806 0.0200567 0.0167321 0.013538 0.0106967 0.00831323 0.00639634 0.00489454 0.00373106
 1.01343e-16 2.40026e-05 0.000140843 0.000669431 0.00257723 0.00803674 0.0203005 0.0415395 0.0688639 0.0925053 0.100725 0.0889908 0.0640173 0.0379958 0.0196259 0.0106641 0.00860162 0.01043 0.0142582 0.0191403 0.0244871 0.0297258 0.0342374 0.0374394 0.0389102 0.0384865 0.0362999 0.0327336 0.0283203 0.0236154 0.019087 0.0150509 0.0116586 0.00892653 0.00678542 0.00512951
 1.01771e-16 2.85939e-05 0.00016781 0.000797662 0.00307099 0.00957657 0.0241898 0.0494963 0.0820485 0.110198 0.119941 0.105854 0.0758981 0.0445459 0.0220892 0.0105334 0.00680454 0.00726264 0.0096604 0.0129665 0.0166774 0.0203981 0.0237231 0.0262666 0.0277374 0.0280011 0.0271051 0.0252548 0.0227529 0.0199242 0.0170491 0.0143264 0.011866 0.00970603 0.0078398 0.00624176
 1.0182e-16 2.77066e-05 0.000162598 0.000772877 0.00297556 0.00927894 0.023438 0.0479584 0.0795004 0.106779 0.116229 0.102599 0.0736118 0.0432989 0.0216464 0.0106134 0.00723671 0.00799804 0.0107167 0.0143724 0.0184371 0.0224713 0.0260189 0.0286495 0.0300461 0.0300752 0.0288139 0.0265193 0.0235568 0.0203102 0.0171039 0.0141587 0.0115847 0.00940243 0.00757818 0.00605704
 1.02644e-16 1.99996e-05 0.000117338 0.000557681 0.00214695 0.00669492 0.0169112 0.034605 0.0573711 0.0770764 0.0839497 0.0742288 0.0535262 0.0320271 0.0170182 0.010011 0.00896534 0.0114137 0.0157936 0.021289 0.0273324 0.033324 0.0385973 0.0425157 0.0446077 0.0446726 0.0428212 0.039431 0.0350408 0.0302176 0.0254431 0.0210471 0.0171964 0.0139263 0.011191 0.00891255
 1.02987e-16 2.67961e-05 0.000157256 0.00074749 0.00287782 0.00897417 0.0226681 0.0463829 0.0768879 0.103268 0.112401 0.0992051 0.0711442 0.0417831 0.0207713 0.00999518 0.00658334 0.00713539 0.00955688 0.0128921 0.0166775 0.0205466 0.0241168 0.0270164 0.0289534 0.0297749 0.0294912 0.0282562 0.0263151 0.0239373 0.0213607 0.0187597 0.0162409 0.013859 0.0116394 0.00959742
 1.02526e-16 2.45073e-05 0.00014381 0.000683546 0.00263159 0.00820629 0.0207287 0.0424152 0.0703142 0.0944487 0.102828 0.0908196 0.0652682 0.0386086 0.0197052 0.0103295 0.00789997 0.00933331 0.012705 0.0170805 0.0219182 0.0267169 0.0309396 0.0340776 0.0357569 0.0358219 0.0343667 0.0316983 0.0282503 0.0244752 0.0207529 0.0173381 0.014353 0.0118142 0.00967576 0.00786966
 1.02066e-16 2.77154e-05 0.00016265 0.000773131 0.00297654 0.00928201 0.0234457 0.0479741 0.0795261 0.106812 0.116263 0.102622 0.0736124 0.0432683 0.0215744 0.0104853 0.00703303 0.00769664 0.010298 0.0138264 0.01777 0.0217115 0.0252178 0.0278781 0.0293852 0.029602 0.0285881 0.0265724 0.0238865 0.0208823 0.0178602 0.0150282 0.0124954 0.0102911 0.00839685 0.00677516
 1.01844e-16 2.65969e-05 0.00015608 0.000741887 0.00285623 0.00890681 0.0224981 0.0460354 0.0763137 0.102502 0.111582 0.0985179 0.0707277 0.0416917 0.0210084 0.0105741 0.00755991 0.00859967 0.0116005 0.0155681 0.0199628 0.0243142 0.0281271 0.0309344 0.0323927 0.0323595 0.0309226 0.0283665 0.0250937 0.0215261 0.0180201 0.014818 0.0120391 0.00970404 0.00777227 0.00617937
 1.02316e-16 2.14612e-05 0.000125921 0.000598487 0.00230407 0.00718491 0.0181488 0.0371372 0.0615675 0.0827094 0.0900727 0.0796132 0.0573445 0.0341828 0.0179283 0.0101794 0.00872268 0.0108923 0.0150073 0.0202095 0.0259322 0.0315972 0.036568 0.0402385 0.042161 0.0421474 0.0403072 0.0370054 0.0327605 0.0281181 0.0235411 0.0193463 0.0156934 0.0126142 0.0100619 0.00795736
 1.0315e-16 2.14757e-05 0.00012601 0.000598922 0.00230576 0.00719018 0.0181621 0.037164 0.0616108 0.0827639 0.0901223 0.079634 0.0573097 0.0340624 0.0176843 0.00975927 0.0080589 0.00991034 0.0136417 0.0184252 0.0237475 0.0291013 0.0339265 0.0376814 0.0399526 0.0405438 0.0395107 0.037128 0.0338059 0.029985 0.0260463 0.0222597 0.0187761 0.0156509 0.0128832 0.0104497
 1.02258e-16 2.80933e-05 0.00016487 0.000783686 0.00301718 0.00940875 0.0237659 0.048629 0.0806112 0.108268 0.117843 0.104008 0.074586 0.0437994 0.0217627 0.0104503 0.00684649 0.00737781 0.00983676 0.0132067 0.0169855 0.0207738 0.024161 0.0267571 0.0282697 0.0285664 0.0277001 0.0258829 0.0234232 0.020648 0.0178358 0.0151785 0.0127763 0.0106564 0.00880371 0.00718742
 1.00865e-16 3.10587e-05 0.00018228 0.000866457 0.00333587 0.0104026 0.0262762 0.0537653 0.0891244 0.119699 0.130276 0.11496 0.082394 0.0482913 0.0238197 0.0111429 0.00690454 0.00713294 0.00937236 0.0124947 0.0159555 0.0193404 0.0222363 0.0242616 0.0251431 0.02478 0.0232668 0.0208633 0.0179272 0.0148286 0.0118768 0.00927734 0.00712425 0.00542019 0.00411043 0.00311661
 1.00336e-16 3.48858e-05 0.000204755 0.000973317 0.00374733 0.0116857 0.0295172 0.0603961 0.100113 0.134449 0.146305 0.129048 0.0923693 0.0538913 0.026123 0.0114507 0.00606018 0.00545844 0.00688298 0.00910426 0.0115968 0.0140248 0.0160777 0.0174743 0.0180159 0.0176327 0.0164007 0.0145193 0.0122607 0.00990554 0.00768826 0.00576418 0.00420326 0.00300485 0.00212318 0.00149307
 1.00378e-16 3.24011e-05 0.000190162 0.000903932 0.00348017 0.0108526 0.0274128 0.0560907 0.0929784 0.124873 0.135901 0.11991 0.0859116 0.0502919 0.0246926 0.0113594 0.00677886 0.00679804 0.00885131 0.0117675 0.0149954 0.0181304 0.0207756 0.0225675 0.0232492 0.0227311 0.0211129 0.0186545 0.01571 0.0126447 0.00976347 0.00726834 0.00525012 0.00370752 0.00258025 0.00178252
 1.00879e-16 2.66468e-05 0.00015637 0.000743258 0.00286149 0.00892323 0.0225396 0.0461206 0.0764559 0.102696 0.111801 0.0987288 0.0709182 0.0418821 0.021248 0.0109279 0.00809848 0.00939154 0.0127029 0.0170128 0.0217386 0.0263531 0.0302992 0.0330559 0.0342488 0.0337373 0.031647 0.0283302 0.0242736 0.0199837 0.0158867 0.0122693 0.00926717 0.00689147 0.00507344 0.00370953
 1.01501e-16 2.75499e-05 0.000161677 0.000768499 0.0029587 0.00922636 0.0233052 0.0476867 0.0790502 0.106175 0.115573 0.102024 0.0732074 0.0430778 0.0215672 0.0106266 0.00731301 0.00813065 0.0109119 0.0146406 0.0187856 0.0229012 0.0265217 0.0292068 0.0306297 0.0306498 0.0293409 0.0269612 0.0238814 0.0204941 0.0171353 0.0140383 0.0113254 0.00902781 0.00711938 0.00554911
 1.01894e-16 2.5318e-05 0.00014857 0.00070618 0.00271874 0.00847805 0.0214151 0.0438197 0.0726419 0.0975737 0.106226 0.0938099 0.0673939 0.0398193 0.0202368 0.0104682 0.00783786 0.00915398 0.0124268 0.0166968 0.0214189 0.0260973 0.0302031 0.033235 0.0348234 0.0348129 0.0332939 0.0305676 0.0270621 0.0232277 0.0194466 0.0159802 0.0129603 0.0104136 0.00830143 0.00655902
 1.01773e-16 2.91168e-05 0.00017088 0.000812258 0.0031272 0.00975183 0.0246324 0.050402 0.0835497 0.112213 0.122133 0.107783 0.0772698 0.0453282 0.0224343 0.0106257 0.00676734 0.0071479 0.00947632 0.0127029 0.0163193 0.0199325 0.023142 0.0255696 0.0269324 0.027105 0.0261432 0.0242587 0.0217585 0.0189683 0.0161662 0.0135453 0.0112072 0.0091797 0.00744557 0.00596971
 1.01877e-16 2.53574e-05 0.000148801 0.000707275 0.00272295 0.0084912 0.0214483 0.0438877 0.0727547 0.0977256 0.106392 0.0939589 0.0675056 0.0398947 0.0202922 0.0105241 0.00791151 0.00925768 0.012568 0.0168779 0.021635 0.0263355 0.0304419 0.0334467 0.034978 0.0348835 0.0332622 0.030428 0.0268232 0.0229108 0.0190816 0.0156003 0.0125967 0.0100907 0.0080352 0.00635585
 1.02039e-16 2.77041e-05 0.000162584 0.000772818 0.00297533 0.00927825 0.0234363 0.0479547 0.0794938 0.106769 0.116214 0.102578 0.0735777 0.0432417 0.0215496 0.0104546 0.00698904 0.00763352 0.0102118 0.013716 0.0176384 0.0215667 0.0250729 0.0277499 0.0292916 0.0295586 0.028605 0.0266516 0.0240213 0.0210583 0.018058 0.015227 0.0126762 0.01044 0.00850572 0.00684234
pSPR Fmed_Fpbrs
0.500792   0.411333 0.411333
Fs Fmed_Fpbrs
0.68   1.005 1.005
SSBpbr Bo_Bmed_Bpbrs
898468  405022  324646 324646
Ro
34127.9
SPR SPRFo_SPRFmed_SPRFpbrs
704610 352863 289829
log_Ro
10.2579
likeval ReclasPelacesDesembMPH_pf_preclas_ppelaces_ptallas_desvR_qrecl_qpela
 62.1754 14.7688 0.00839552 0.000305202 270.017 157.223 59.805 0 15.4208 1.28826e-05 9.25341e-05 0 0 0 0
q_reclas_q_pelaces
0.601331 3.92969
M
0.7
N
 36387.2 11027.8 3593.89 423.813 0.224144
 44428.8 16313.2 2838.11 711.1 82.2575
 23159.4 20086.7 4431.8 605.752 166.266
 36708.7 9787.32 3536.29 515.328 86.9792
 64242.6 17620.8 3907.7 1293.93 218.931
 45410.4 31718.2 8431.34 1842.23 712.415
 78540.3 21368.4 11143.5 2579.3 773.291
 77173.8 37703.8 8536.13 4080.49 1219.52
 99575.9 35802.7 12090.1 2297.9 1407.85
 116380 45759.9 10802.2 2988.61 902.124
 68676.1 54532.1 15643.9 3180.67 1132.65
 46507.3 30585.5 13448.7 2916.02 787.005
 45262.1 21011.4 8271.04 2852 770.884
 24517.8 19376.5 4019.01 1080.18 459.596
 14227.1 9100.41 1481.25 145.354 52.5905
 13302.2 5038.05 514.104 35.0776 4.38651
 10309 5697.24 966.541 67.4217 5.02854
 12051.7 4589.37 1401.46 179.519 13.1738
 12544.5 5558.51 1417.4 357.949 48.5146
 19992.6 5874.89 1893.9 415.39 117.768
 23651 9328.97 1955.42 537.155 149.384
 38434.1 11402.9 3831.49 744.374 259.839
pred_Ctot
 2558.42 3965.94 1637.28 195.792 0.103626
 2877.16 5499.26 1220.56 310.269 35.9184
 2504.4 9880.64 2642.38 365.13 100.278
 882.533 1396.93 681.127 101.115 17.0833
 266.131 462.814 142.757 48.2632 8.17507
 1716.76 6806.18 2393.5 531.981 205.911
 1883.67 3043.1 2141.77 505.015 151.556
 3664.89 9849.64 2910.7 1413.97 422.95
 5365 10395.9 4542.88 876.904 537.693
 4738.09 10475.1 3258.01 916.639 276.937
 5127.1 20540.3 7424.13 1530.09 545.265
 3033.77 10370.3 5813.74 1278.87 345.418
 4528.05 9801.07 4718.11 1645.72 445.102
 4528.06 13023.3 3056.83 826.94 351.966
 2992.98 6494.75 1175.72 116.006 41.9844
 1326.86 2345.31 292.764 20.2072 2.52848
 772.311 2151.66 459.766 32.509 2.42637
 619.875 1282.16 508.333 66.1457 4.85808
 515.193 1282.1 430.533 110.562 14.9984
 870.681 1425.45 603.066 134.47 38.1573
 495.879 1172.99 333.31 93.3048 25.9743
 1020.17 1782.21 805.158 159.308 55.6637
F
 0.102245 0.657277 0.920178 0.939966 0.941032
 0.0938281 0.603167 0.844425 0.862584 0.863561
 0.161312 1.03698 1.45176 1.48298 1.48466
 0.0339336 0.21814 0.305392 0.31196 0.312313
 0.005775 0.0371242 0.0519733 0.0530909 0.0531511
 0.0538282 0.346031 0.484438 0.494856 0.495417
 0.0338505 0.217605 0.304644 0.311195 0.311548
 0.0680371 0.437372 0.612314 0.625481 0.62619
 0.0775114 0.498277 0.69758 0.712581 0.713388
 0.0580748 0.37333 0.522656 0.533895 0.5345
 0.108877 0.699907 0.979859 1.00093 1.00207
 0.0945432 0.607764 0.850861 0.869158 0.870143
 0.148408 0.95403 1.33563 1.36435 1.3659
 0.291079 1.87118 2.61962 2.67596 2.67899
 0.338131 2.17365 3.04308 3.10852 3.11204
 0.147945 0.951052 1.33146 1.36009 1.36163
 0.109275 0.702465 0.983441 1.00459 1.00573
 0.0738783 0.474921 0.664882 0.67918 0.67995
 0.0585975 0.37669 0.52736 0.538701 0.539311
 0.0622365 0.400083 0.56011 0.572155 0.572803
 0.0295362 0.189871 0.265817 0.271533 0.271841
 0.0375237 0.241219 0.337703 0.344965 0.345356
Np
 25770.6 11473.6 4524.51 826.946 291.935
YTP_r0W_actual
 6120.99 31010.4 22463.9 6085.56 2003.89
YTP_p0W_proyectada
 15819.3 149875 66416.8 26231.9 7593.9
 15819.3 93543.4 67546 15981.1 6265.34
CTP_r0_actual
 1020.17 1782.21 805.158 159.308 55.6637
CTP_p0_proyectada
 1929.19 6938.66 2115.18 654.162 170.649
 1929.19 4330.71 2151.14 398.532 140.794
Wmedp
 8.2 21.6 31.4 40.1 44.5
nmprior
 10.6 11 7 0
nm_flota  nm_reclas  nm_pelaces    nm_pelaL
inf 17.4915 19.8292 19.8292
cv_recla  cv_pelaces  cv_mph
0.767483 0.491601 0.504316
 ------------------------------------------------
Talla a la edad & desviaci?n 
 7.2 14.2025 17.0495 18.207 18.6776
 1.08 2.13037 2.55742 2.73105 2.80164
