years
 1997 1998 1999 2000 2001 2002 2003 2004 2005 2006 2007 2008 2009 2010 2011 2012 2013 2014 2015 2016 2017 2018 2019 2020 2021
reclasobs
 0 0 0 370054 412103 1.49427e+06 250295 1.28982e+06 931140 785840 897777 1.04006e+06 184774 17550 25797 100020 73551 82996 120727 218422 84188 347160 605670 569463 516374
reclaspred
 373072 102916 318258 237312 354907 424461 940187 628494 701980 635195 499461 334917 205627 96231.7 68682.1 71043.4 89623.5 122394 127991 185838 269912 244207 421693 532323 600007
pelacesobs
 0 0 0 0 0 0 0 0 0 2.06254e+06 1.5e+06 0 1.87456e+06 323000 250000 174000 83755 137374 0 501740 490994 745055 786931 1.00524e+06 1.33801e+06
pelacespred
 1.07944e+06 263429 505108 569357 727903 730918 1.83835e+06 1.53477e+06 1.51484e+06 1.38555e+06 982540 679611 415592 162819 114283 126280 166194 229356 247813 348724 561384 498492 702960 1.00065e+06 1.12612e+06
mphobs
 0 0 0 0 0 112323 0 153150 637223 0 255016 313432 73983 77613 109348 50772 17779 17303 59886 28197 0 207744 136588 643089 65757
mphpred
 113004 69025 85399.5 106283 114652 181724 275469 325804 279787 283031 264414 186174 114716 60725.1 29739.5 26011.1 31899.1 44286 54760 62334.7 94613.1 111931 139608 196831 267130
desembarqueobs
 350755 77701 442110 56441 14545 235359 269955 359681 431902 328805 639364 411747 362871 311530 167758 66681 60226 58785 57116 73181 50977 67692 138656 160484 209506
desembarquepred
 350761 77700.9 442105 56442.1 14545.1 235393 269981 359684 431932 328826 639579 411994 363204 311974 167801 66692 60244 58786.2 57112.3 73179.6 50977.2 67686.7 138655 160486 209505
Reclutas
 51400 66434.9 40172.2 66568.7 114635 82340.1 131885 123715 149857 146555 68204.4 40156.3 42936.3 23702.9 18534.5 23142.7 19086 21261.2 23672.8 44388.6 55011 68505 112794 132422 50048.4
log_desv_Rt
 -0.0803997 0.176185 -0.326861 0.178198 0.721717 0.390821 0.861895 0.797948 0.989642 0.967361 0.202472 -0.327256 -0.26032 -0.85444 -1.1004 -0.878358 -1.07108 -0.963153 -0.85571 -0.227055 -0.0125042 0.206869 0.705524 0.865958 -0.107047
SSB
 690560 421807 521871 649487 700632 1.11051e+06 1.68337e+06 1.99096e+06 1.70976e+06 1.72958e+06 1.61582e+06 1.1377e+06 701020 371087 181736 158952 194933 270629 334635 380923 578174 684000 853134 1.20282e+06 1.63241e+06
BT
 2.22001e+06 603258 1.14711e+06 1.07932e+06 1.31448e+06 1.49417e+06 3.47543e+06 3.15671e+06 3.10807e+06 2.7989e+06 2.33969e+06 1.59758e+06 1.1022e+06 592736 347827 281345 347032 457721 493057 684278 1.04671e+06 956259 1.35523e+06 1.9232e+06 2.18038e+06
Ftot
 0.434688 0.362488 0.529677 0.101025 0.019363 0.188043 0.117297 0.229605 0.256502 0.204343 0.42249 0.392145 0.621872 1.08785 1.00901 0.397356 0.283293 0.191974 0.164126 0.172003 0.0784023 0.103375 0.1246 0.120254 0.11195
BD_Bspro_t
 0.946726 0.752802 0.713454 0.592048 0.724278 0.844967 0.816641 0.82381 0.776024 0.743006 0.708941 0.561057 0.447538 0.336177 0.219161 0.234803 0.349999 0.514412 0.62176 0.700764 0.794916 0.856783 0.861025 0.863675 0.865005
BD_Bspro
 0.602947 0.368291 0.455659 0.567084 0.61174 0.969612 1.4698 1.73836 1.49284 1.51015 1.41081 0.993355 0.612079 0.324006 0.158679 0.138785 0.170202 0.236293 0.292179 0.332594 0.504819 0.597219 0.744895 1.05022 1.4253
BD_Bo
 0.304246 0.185839 0.229925 0.28615 0.308683 0.489265 0.741657 0.877176 0.753285 0.762018 0.711894 0.501246 0.308854 0.163493 0.080069 0.0700309 0.0858836 0.119233 0.147433 0.167827 0.254731 0.301356 0.375873 0.529938 0.719206
BD_Brms
 1.06131 0.648268 0.802053 0.998184 1.07679 1.70671 2.58714 3.05988 2.6277 2.65816 2.48332 1.74851 1.07738 0.570317 0.279307 0.244291 0.29959 0.415924 0.514294 0.585434 0.888585 1.05123 1.31117 1.8486 2.50882
S_f
 0.189404 1 1 1 1
 0.189404 1 1 1 1
 0.189404 1 1 1 1
 0.189404 1 1 1 1
 0.189404 1 1 1 1
 0.189404 1 1 1 1
 0.189404 1 1 1 1
 0.189404 1 1 1 1
 0.189404 1 1 1 1
 0.189404 1 1 1 1
 0.189404 1 1 1 1
 0.189404 1 1 1 1
 0.189404 1 1 1 1
 0.189404 1 1 1 1
 0.189404 1 1 1 1
 0.189404 1 1 1 1
 0.189404 1 1 1 1
 0.189404 1 1 1 1
 0.189404 1 1 1 1
 0.189404 1 1 1 1
 0.189404 1 1 1 1
 0.189404 1 1 1 1
 0.189404 1 1 1 1
 0.189404 1 1 1 1
 0.189404 1 1 1 1
Scru_reclas
 1 1 1 1 1
 1 1 1 1 1
 1 1 1 1 1
 1 1 1 1 1
 1 1 1 1 1
 1 1 1 1 1
 1 1 1 1 1
 1 1 1 1 1
 1 1 1 1 1
 1 1 1 1 1
 1 1 1 1 1
 1 1 1 1 1
 1 1 1 1 1
 1 1 1 1 1
 1 1 1 1 1
 1 1 1 1 1
 1 1 1 1 1
 1 1 1 1 1
 1 1 1 1 1
 1 1 1 1 1
 1 1 1 1 1
 1 1 1 1 1
 1 1 1 1 1
 1 1 1 1 1
 1 1 1 1 1
Scru_pelaces
 1 1 1 1 1
 1 1 1 1 1
 1 1 1 1 1
 1 1 1 1 1
 1 1 1 1 1
 1 1 1 1 1
 1 1 1 1 1
 1 1 1 1 1
 1 1 1 1 1
 1 1 1 1 1
 1 1 1 1 1
 1 1 1 1 1
 1 1 1 1 1
 1 1 1 1 1
 1 1 1 1 1
 1 1 1 1 1
 1 1 1 1 1
 1 1 1 1 1
 1 1 1 1 1
 1 1 1 1 1
 1 1 1 1 1
 1 1 1 1 1
 1 1 1 1 1
 1 1 1 1 1
 1 1 1 1 1
pf_obs 
 0.256992 0.487395 0.22802 0.0275931 0
 0.321318 0.546541 0.124235 0.00734118 0.000564706
 0.182869 0.594174 0.210203 0.0122559 0.00049798
 0.330522 0.361315 0.267642 0.0388342 0.00168674
 0.649043 0.306663 0.0425973 0.00169635 0
 0.582887 0.30429 0.105238 0.00758474 0
 0.465427 0.430635 0.0974691 0.00646863 0
 0.296916 0.608066 0.0921331 0.00288517 0
 0.311714 0.524322 0.152257 0.0117073 0
 0.15457 0.633149 0.183074 0.0267441 0.00246327
 0.131901 0.49318 0.331252 0.0422183 0.00144891
 0.196976 0.569456 0.194076 0.0375587 0.00193317
 0.518974 0.381816 0.0799577 0.0180837 0.00116848
 0.0928022 0.601141 0.25162 0.0475244 0.00691264
 0.122501 0.610282 0.24278 0.0234846 0.000952079
 0.383417 0.481906 0.127806 0.00687128 0
 0.0376549 0.599619 0.316969 0.0457579 0
 0.0361596 0.667082 0.258105 0.0386534 0
 0.158088 0.579412 0.248529 0.0139706 0
 0.0477256 0.309471 0.559284 0.082774 0.000745712
 0.0406174 0.521527 0.379366 0.0568643 0.0016247
 0.151134 0.462217 0.34131 0.0453401 0
 0.294876 0.26143 0.354403 0.0886775 0.000613685
 0.281977 0.475581 0.204845 0.0348837 0.00271318
 0.0841818 0.532909 0.334909 0.0458182 0.00218182
pf_pred 
 0.339855 0.464652 0.174708 0.0207737 1.10093e-05
 0.318095 0.524524 0.110775 0.0416512 0.00495516
 0.180334 0.610375 0.160987 0.0339992 0.0143045
 0.302454 0.417636 0.208439 0.054976 0.0164954
 0.322362 0.47817 0.119426 0.0596044 0.0204377
 0.173971 0.592275 0.164947 0.0411964 0.0276108
 0.265576 0.402454 0.238027 0.0662897 0.0276526
 0.209413 0.528307 0.143726 0.0850049 0.033549
 0.243061 0.460647 0.197996 0.0538648 0.044431
 0.216321 0.514258 0.16396 0.0704736 0.0349868
 0.116006 0.544135 0.223019 0.0711048 0.0457351
 0.113026 0.406108 0.295993 0.121316 0.0635574
 0.194661 0.35994 0.203929 0.148635 0.0928349
 0.174465 0.521578 0.135851 0.0769686 0.0911373
 0.249335 0.492568 0.163067 0.0424729 0.052557
 0.328988 0.497925 0.113575 0.0375998 0.0219118
 0.220772 0.589963 0.140444 0.0320349 0.0167857
 0.23213 0.484064 0.214873 0.0511516 0.0177811
 0.228699 0.490146 0.17724 0.0786755 0.0252397
 0.329837 0.420834 0.158443 0.0572939 0.0335913
 0.270292 0.538283 0.120207 0.0452578 0.0259605
 0.250852 0.501637 0.182581 0.0407734 0.0241567
 0.30299 0.452726 0.163575 0.0595364 0.0211725
 0.253124 0.529102 0.14145 0.0511073 0.0252167
 0.0911998 0.594381 0.222741 0.0595475 0.0321308
pobs_RECLAS
 0 0 0 0 0
 0 0 0 0 0
 0 0 0 0 0
 0 0 0 0 0
 0.835266 0.146461 0.0176864 0.000547809 3.91292e-05
 0.385257 0.428462 0.181853 0.0044286 0
 0.867414 0.0963971 0.0333333 0.00285562 0
 0.441836 0.489002 0.0689373 0.000224442 0
 0.779404 0.147425 0.0564933 0.0165055 0.000172143
 0.814271 0.122319 0.05973 0.00367925 0
 0.40263 0.566651 0.0304383 0.000280538 0
 0.475488 0.404961 0.113038 0.00651328 0
 0.955842 0.0263864 0.0167828 0.000988607 0
 0.975058 0.0227948 0.00214734 0 0
 0.738997 0.206755 0.0527124 0.00153531 0
 0.850938 0.134255 0.0134407 0.00136685 0
 0.542534 0.407297 0.0501686 0 0
 0.764087 0.199537 0.0359546 0.000420521 0
 0.470689 0.182191 0.310203 0.0369168 0
 0.84361 0.089868 0.0606195 0.00523954 0.000663233
 0.607945 0.314616 0.071237 0.00620181 0
 0.523733 0.453247 0.0230204 0 0
 0.530135 0.295979 0.169645 0.0042399 0
 0.562478 0.366248 0.0663022 0.0049721 0
 0.250443 0.683176 0.0655157 0.000865301 0
ppred_RECLAS
 0.736458 0.185498 0.0697467 0.00829323 4.39511e-06
 0.715741 0.218653 0.0461777 0.0173627 0.00206561
 0.546234 0.337903 0.0891224 0.0188219 0.00791894
 0.697067 0.181373 0.0905216 0.0238752 0.00716368
 0.71542 0.200812 0.0501539 0.0250314 0.00858299
 0.529049 0.337679 0.0940425 0.0234876 0.015742
 0.657625 0.187617 0.110964 0.0309031 0.0128912
 0.586188 0.276528 0.0752295 0.0444936 0.0175603
 0.632392 0.223714 0.0961569 0.0261595 0.0215779
 0.595765 0.265264 0.0845736 0.0363515 0.0180468
 0.41576 0.359624 0.147395 0.0469938 0.0302268
 0.408066 0.271022 0.197535 0.0809616 0.0424159
 0.571489 0.19152 0.108508 0.0790867 0.0493963
 0.551169 0.283574 0.0738604 0.0418467 0.04955
 0.656493 0.225401 0.0746203 0.0194358 0.0240503
 0.726287 0.203109 0.0463286 0.0153373 0.00893806
 0.60327 0.300369 0.0715044 0.01631 0.00854616
 0.617273 0.24127 0.107098 0.0254953 0.00886259
 0.61229 0.246382 0.0890931 0.0395478 0.0126872
 0.723956 0.173344 0.0652635 0.0235997 0.0138364
 0.662542 0.248932 0.0555906 0.0209297 0.0120056
 0.63993 0.241106 0.0877557 0.0195973 0.0116106
 0.69788 0.196235 0.0709016 0.0258061 0.00917725
 0.642919 0.252964 0.0676273 0.0244344 0.0120561
 0.347633 0.426667 0.159891 0.0427452 0.0230646
pobs_PELACES
 0 0 0 0 0
 0 0 0 0 0
 0 0 0 0 0
 0 0 0 0 0
 0 0 0 0 0
 0 0 0 0 0
 0 0 0 0 0
 0 0 0 0 0
 0 0 0 0 0
 0 0 0 0 0
 0.450072 0.473896 0.0757376 0.000293798 0
 0 0 0 0 0
 0.463077 0.371075 0.160297 0.00555027 0
 0.529543 0.364841 0.0842815 0.0213345 0
 0.631943 0.363953 0.00410389 0 0
 0.735681 0.248677 0.0153453 0.000297389 0
 0.695825 0.281241 0.0229344 0 0
 0.275771 0.60734 0.115278 0.00161068 0
 0 0 0 0 0
 0.896147 0.0623911 0.0374545 0.00400742 0
 0.803859 0.145111 0.0509908 3.86294e-05 0
 0.739449 0.233085 0.0266225 0.000797448 4.60066e-05
 0.878498 0.100942 0.0204185 0.000141795 0
 0.694673 0.275183 0.0284847 0.00165964 0
 0.469039 0.446079 0.0841089 0.000773354 0
ppred_PELACES
 0.758398 0.170055 0.0639402 0.00760281 4.02921e-06
 0.73505 0.2038 0.043041 0.0161833 0.0019253
 0.581066 0.311965 0.0822811 0.0173771 0.00731106
 0.702743 0.177974 0.0888256 0.0234279 0.00702945
 0.716473 0.200069 0.0499682 0.0249387 0.00855122
 0.541561 0.328708 0.0915441 0.0228636 0.0153238
 0.664654 0.183765 0.108686 0.0302686 0.0126265
 0.601004 0.266628 0.0725361 0.0429006 0.0169316
 0.648193 0.214098 0.0920238 0.025035 0.0206504
 0.608857 0.256672 0.0818344 0.0351742 0.0174623
 0.443446 0.342582 0.140411 0.0447669 0.0287944
 0.433626 0.259319 0.189005 0.0774655 0.0405843
 0.611656 0.173568 0.0983372 0.0716734 0.0447661
 0.62161 0.239069 0.0622684 0.0352791 0.0417734
 0.714555 0.187302 0.0620073 0.0161506 0.0199851
 0.746902 0.187811 0.0428393 0.0141822 0.00826488
 0.621258 0.286751 0.0682625 0.0155705 0.00815868
 0.62933 0.23367 0.103724 0.0246922 0.00858341
 0.62266 0.239792 0.0867103 0.0384901 0.0123479
 0.733056 0.16763 0.0631122 0.0228217 0.0133803
 0.667215 0.245485 0.0548208 0.0206399 0.0118393
 0.646277 0.236856 0.0862088 0.0192519 0.011406
 0.704861 0.191701 0.0692634 0.0252099 0.0089652
 0.650269 0.247756 0.0662352 0.0239314 0.0118079
 0.354455 0.422205 0.158219 0.0422982 0.0228234
pobs_pel_tallas
 0 0 0 0 0 0 0 0 0 0 0 0 0 0 0 0 0 0 0 0 0 0 0 0 0 0 0 0 0 0 0 0 0 0 0 0
 0 0 0 0 0 0 0 0 0 0 0 0 0 0 0 0 0 0 0 0 0 0 0 0 0 0 0 0 0 0 0 0 0 0 0 0
 0 0 0 0 0 0 0 0 0 0 0 0 0 0 0 0 0 0 0 0 0 0 0 0 0 0 0 0 0 0 0 0 0 0 0 0
 0 0 0 0 0 0 0 0 0 0 0 0 0 0 0 0 0 0 0 0 0 0 0 0 0 0 0 0 0 0 0 0 0 0 0 0
 0 0 0 0 0 0 0 0 0 0 0 0 0 0 0 0 0 0 0 0 0 0 0 0 0 0 0 0 0 0 0 0 0 0 0 0
 0 0 0 0 0 0 0 0 0 0 0 0 0 0 0 0 0 0 0 0 0 0 0 0 0 0 0 0 0 0 0 0 0 0 0 0
 0 0 0 0 0 0 0 0 0 0 0 0 0 0 0 0 0 0 0 0 0 0 0 0 0 0 0 0 0 0 0 0 0 0 0 0
 0 0 0 0 0 0 0 0 0 0 0 0 0 0 0 0 0 0 0 0 0 0 0 0 0 0 0 0 0 0 0 0 0 0 0 0
 0 0 0 0 0 0 0 0 0 0 0 0 0 0 0 0 0 0 0 0 0 0 0 0 0 0 0 0 0 0 0 0 0 0 0 0
 0 0 0 0 0 0 0 0 0 0 0 0 0 0 0 0 0 0 0 0 0 0 0 0 0 0 0 0 0 0 0 0 0 0 0 0
 0 0 0 0 0 0 0 0 1.78061e-05 0.00172719 0.00360574 0.0105946 0.0120993 0.0124554 0.0147524 0.0171206 0.0266825 0.0428682 0.0675386 0.121331 0.153587 0.119568 0.100827 0.0573624 0.0630603 0.0341343 0.0324427 0.0444173 0.0211091 0.0280891 0.0125444 0.00206551 0 0 0 0
 0 0 0 0 0 0 0 0 0 0 0 0 0 0 0 0 0 0 0 0 0 0 0 0 0 0 0 0 0 0 0 0 0 0 0 0
 0 0 0 0 0 0 0.0133647 0.0140871 0.0187388 0.0205184 0.03894 0.0496705 0.03968 0.0493445 0.0407372 0.0367815 0.0215668 0.0243155 0.0234873 0.0199281 0.019796 0.0243948 0.0301388 0.0376714 0.0412746 0.0863199 0.0771752 0.113111 0.0741005 0.0525337 0.0229764 0.00759418 0.00175318 0 0 0
 0 0 0 0 0 0 0 0 0 0 0.00219441 0.00772107 0.0458388 0.0604681 0.0671733 0.0775358 0.0609151 0.0617685 0.073594 0.0568108 0.0755445 0.0548602 0.0670107 0.0636378 0.0643287 0.046367 0.0373049 0.0286899 0.0247887 0.0153202 0.00654259 0.00121912 0.000365735 0 0 0
 0 0 0 0 0 0 0 0 0 0 0 0 0.000112435 0.00938835 0.0111873 0.0202946 0.0414886 0.0713402 0.111592 0.104902 0.108894 0.110636 0.117776 0.105296 0.107544 0.0401394 0.0192827 0.0124803 0.00416011 0.0028671 0.000618394 0 0 0 0 0
 0 0 0 0 0 0 0 0 0 0 0.00291406 0.0102884 0.027416 0.0768956 0.0749926 0.110853 0.0956884 0.0897413 0.0766577 0.0534642 0.0500743 0.0551293 0.0594112 0.0620874 0.0668451 0.0424026 0.0208742 0.0120726 0.0048766 0.00582813 0.00118941 0.000297354 0 0 0 0
 0 0.00264628 0.0354308 0.0461629 0.0458689 0.0383711 0.0214643 0.0164657 0.0346957 0.0420465 0.0363128 0.0245516 0.0311673 0.0291091 0.0169068 0.0133784 0.00837989 0.0085269 0.0148486 0.0160247 0.0276389 0.0546898 0.0760071 0.122758 0.109233 0.0665981 0.0333725 0.0166128 0.00676272 0.00308733 0.000882094 0 0 0 0 0
 0 0 0 0 0 0 0 0.000805153 0.000690131 0.00759144 0.0133425 0.0154129 0.00931677 0.000345066 0.00356568 0.00563607 0.00851162 0.0253048 0.0502646 0.0516448 0.0657925 0.0565908 0.0611916 0.0827007 0.0866115 0.110766 0.145733 0.0935128 0.0569358 0.0249597 0.0138026 0.00621118 0.00161031 0.00115022 0 0
 0 0 0 0 0 0 0 0 0 0 0 0 0 0 0 0 0 0 0 0 0 0 0 0 0 0 0 0 0 0 0 0 0 0 0 0
 0.00147267 0.00158595 0.00478618 0.00569244 0.00954404 0.0108468 0.00647125 0.017049 0.0510054 0.094081 0.124002 0.0959785 0.0687766 0.0820023 0.061753 0.0591476 0.0492212 0.0479892 0.0443925 0.0268479 0.0217502 0.0140895 0.0121071 0.0120363 0.00920419 0.00665534 0.0049561 0.00860946 0.00930331 0.0156896 0.0114698 0.00855282 0.00243557 0.00046729 0 2.83206e-05
 0 0 0 0 0.000772559 0.00158375 0.000888443 0.00281984 0.00712685 0.0440552 0.0773331 0.111326 0.0921469 0.0852325 0.0710754 0.0886704 0.0786465 0.0553345 0.0373146 0.0185414 0.00753245 0.00457741 0.012979 0.0271748 0.0457355 0.0583668 0.034881 0.0177882 0.00938659 0.00492506 0.0015258 0.00185414 0.000309023 5.79419e-05 3.86279e-05 0
 0 0.00173294 0.00326652 0 0.00397197 0.00683976 0.00946217 0.0152591 0.00757587 0.0136028 0.0228656 0.0392903 0.0559909 0.0764795 0.0681675 0.0726916 0.0566044 0.0477403 0.0527397 0.0444891 0.0609904 0.0582453 0.0661739 0.0445044 0.0529084 0.0360697 0.0280645 0.0235558 0.0158879 0.00826598 0.00280645 0.00217768 0.000904811 0.00058276 9.20147e-05 0
 0 0 0 0 0 0 0 0 0 0 0 0 0 0 0 0 0 0 0 0 0 0 0 0 0 0 0 0 0 0 0 0 0 0 0 0
 0 0 0 0 0 0 0 0 0 0 0 0 0 0 0 0 0 0 0 0 0 0 0 0 0 0 0 0 0 0 0 0 0 0 0 0
 0 0 0 0 0 0 0 0 0 0 0 0 0 0 0 0 0 0 0 0 0 0 0 0 0 0 0 0 0 0 0 0 0 0 0 0
ppred_pel_tallas
 1.01225e-16 3.30894e-05 0.000194209 0.000923185 0.00355432 0.0110838 0.0279968 0.0572852 0.0949564 0.127524 0.13877 0.122403 0.0876156 0.0511241 0.0247948 0.0108948 0.00581225 0.00529439 0.00673337 0.00897831 0.0115476 0.0141382 0.0164654 0.018262 0.019325 0.0195581 0.0189891 0.0177541 0.0160566 0.0141165 0.0121256 0.0102216 0.00848356 0.0069425 0.00559967 0.00444295
 1.01324e-16 3.20726e-05 0.000188237 0.000894785 0.00344496 0.0107428 0.0271354 0.055523 0.0920365 0.123605 0.134515 0.118671 0.08499 0.0496841 0.024268 0.0109543 0.00625704 0.00606283 0.00784086 0.0104556 0.0134013 0.0163297 0.0189036 0.0208095 0.021817 0.0218298 0.0209049 0.0192302 0.0170723 0.0147109 0.012382 0.0102459 0.00838184 0.00680384 0.00548634 0.00438853
 1.02209e-16 2.53627e-05 0.000148833 0.000707434 0.00272357 0.00849313 0.0214532 0.0438975 0.0727704 0.0977452 0.10641 0.0939646 0.067489 0.0398433 0.02019 0.0103489 0.0076351 0.00884914 0.0120004 0.016137 0.0207291 0.0253026 0.0293515 0.0323951 0.0340751 0.0342351 0.032951 0.0304984 0.0272741 0.0236974 0.0201255 0.0168047 0.0138622 0.0113292 0.00917831 0.00735922
 1.02453e-16 3.06629e-05 0.000179963 0.000855454 0.00329353 0.0102706 0.0259426 0.0530823 0.0879904 0.118171 0.128598 0.113445 0.0812352 0.047465 0.0231407 0.0103761 0.00583935 0.00560356 0.00726213 0.00975102 0.0126163 0.0155586 0.0182868 0.0205208 0.0220403 0.022728 0.0225881 0.0217318 0.0203377 0.0186033 0.0167026 0.0147634 0.0128646 0.0110479 0.00933508 0.00774176
 1.02032e-16 3.12624e-05 0.000183481 0.000872174 0.0033579 0.0104713 0.0264497 0.0541199 0.0897108 0.120482 0.131117 0.115675 0.0828487 0.0484409 0.0236773 0.0107168 0.00616459 0.00601489 0.007805 0.0104323 0.0134076 0.0163942 0.0190643 0.0211114 0.0223065 0.0225485 0.021882 0.020477 0.0185778 0.0164415 0.0142842 0.0122519 0.010417 0.00879412 0.00736573 0.00610426
 1.02909e-16 2.36407e-05 0.000138722 0.000659362 0.00253848 0.00791592 0.0199952 0.0409145 0.0678266 0.0911083 0.0991942 0.0876158 0.0629789 0.0372812 0.0190778 0.0100837 0.00781551 0.00930647 0.0127062 0.0171168 0.0220151 0.0269121 0.031279 0.0346101 0.0365266 0.0368597 0.0356819 0.0332735 0.0300406 0.0264124 0.0227536 0.0193147 0.0162245 0.0135153 0.0111625 0.00912105
 1.03233e-16 2.90023e-05 0.000170213 0.000809101 0.00311506 0.009714 0.0245368 0.0502059 0.0832231 0.11177 0.121637 0.107316 0.0768697 0.0449626 0.0220119 0.0100267 0.00586682 0.00582879 0.00764384 0.0103072 0.0133835 0.0165752 0.0195855 0.0221244 0.0239583 0.0249543 0.0250997 0.0244885 0.0232831 0.0216666 0.0198029 0.0178152 0.0157845 0.013762 0.0117847 0.00988797
 1.03382e-16 2.62301e-05 0.00015393 0.000731676 0.00281692 0.00878426 0.0221885 0.0454016 0.0752622 0.101087 0.110035 0.0971346 0.0696979 0.041011 0.0205302 0.0101141 0.00696336 0.00775465 0.0104323 0.0140403 0.0180882 0.0221686 0.0258548 0.0287399 0.0305172 0.0310461 0.0303765 0.0287218 0.0263922 0.0237142 0.0209616 0.018318 0.0158741 0.0136498 0.011628 0.0097829
 1.03202e-16 2.82857e-05 0.000166003 0.000789082 0.00303797 0.0094736 0.0239296 0.0489637 0.081165 0.109009 0.11864 0.10469 0.0750299 0.0439685 0.0216777 0.0101306 0.00627747 0.00651408 0.00862452 0.0116105 0.0150117 0.0184884 0.0216955 0.0243009 0.0260459 0.0267983 0.0265736 0.025515 0.0238455 0.0218063 0.0196054 0.0173898 0.0152431 0.0132016 0.0112771 0.009476
 1.0327e-16 2.65722e-05 0.000155939 0.000741229 0.00285371 0.00889897 0.0224782 0.0459944 0.0762445 0.102405 0.111467 0.0983913 0.0705838 0.0415005 0.0207164 0.0101092 0.00683773 0.00753209 0.0101106 0.0136113 0.0175503 0.0215329 0.0251473 0.0279994 0.0297895 0.030376 0.0297995 0.0282576 0.0260425 0.0234642 0.0207854 0.0181856 0.0157578 0.0135295 0.0114928 0.009631
 1.04989e-16 1.93631e-05 0.000113608 0.00053996 0.00207874 0.00648225 0.0163739 0.0335052 0.0555462 0.0746201 0.0812625 0.0718245 0.0517313 0.0308313 0.0161631 0.00917182 0.00786765 0.0098587 0.0136497 0.0184963 0.0239239 0.0294502 0.0345341 0.0386465 0.0413763 0.0425153 0.0420928 0.0403434 0.0376288 0.034339 0.0308092 0.0272752 0.0238691 0.0206455 0.017619 0.0147953
 1.07326e-16 1.89316e-05 0.000111082 0.000527969 0.0020326 0.00633838 0.0160104 0.0327609 0.0543103 0.0729539 0.0794322 0.0701695 0.0504584 0.0299114 0.0153883 0.00827735 0.00661251 0.0080488 0.0111439 0.0152251 0.0199215 0.0248844 0.029717 0.0340134 0.0374318 0.0397553 0.0409194 0.0409957 0.0401438 0.0385527 0.036394 0.0337995 0.0308665 0.0276758 0.0243139 0.0208835
 1.06008e-16 2.66908e-05 0.000156644 0.000744594 0.0028667 0.00893949 0.0225805 0.046203 0.0765879 0.10286 0.111943 0.0987672 0.0707575 0.0414101 0.0203159 0.00932999 0.00557016 0.00563787 0.00745617 0.0101121 0.0132165 0.0165059 0.019715 0.0225808 0.024886 0.026498 0.0273845 0.0275998 0.0272501 0.0264523 0.0253028 0.0238643 0.0221729 0.0202551 0.0181469 0.0159047
 1.04126e-16 2.71275e-05 0.000159201 0.000756741 0.00291344 0.00908525 0.0229487 0.0469569 0.0778394 0.104545 0.11379 0.100428 0.0720153 0.0422818 0.0209943 0.0100587 0.00656334 0.0070597 0.00942117 0.0126748 0.0163482 0.020072 0.0234669 0.0261722 0.0279161 0.0285731 0.0281854 0.0269372 0.0250957 0.0229383 0.0206929 0.018506 0.0164425 0.0145084 0.0126825 0.0109428
 1.02431e-16 3.11783e-05 0.000182988 0.000869834 0.0033489 0.0104432 0.0263787 0.0539746 0.0894697 0.120158 0.130761 0.115355 0.0826064 0.048273 0.0235467 0.0105768 0.00597406 0.0057425 0.00742912 0.00994299 0.012811 0.0157168 0.0183544 0.0204353 0.0217405 0.0221665 0.0217431 0.0206149 0.0189956 0.0171123 0.0151574 0.0132624 0.0114957 0.00987717 0.00840025 0.00705177
 1.01543e-16 3.25888e-05 0.000191269 0.000909202 0.00350047 0.0109159 0.0275727 0.0564175 0.0935188 0.125595 0.136675 0.120566 0.0863235 0.0504162 0.0245371 0.0109265 0.00603389 0.00567465 0.0072777 0.00969828 0.0124414 0.0151805 0.0176048 0.0194258 0.0204305 0.0205278 0.0197664 0.0183147 0.016412 0.0143098 0.0122196 0.0102845 0.00857489 0.0071032 0.00584768 0.0047745
 1.01979e-16 2.71141e-05 0.000159119 0.000756336 0.00291187 0.00908033 0.0229363 0.046932 0.0777993 0.104496 0.113747 0.100416 0.0720619 0.042421 0.0212705 0.0105336 0.00731695 0.00818287 0.0109989 0.0147629 0.018948 0.0231081 0.0267766 0.0295126 0.0309898 0.0310687 0.029825 0.027518 0.0245183 0.0212156 0.0179405 0.0149186 0.0122637 0.00999923 0.00809378 0.00649443
 1.02799e-16 2.74641e-05 0.000161178 0.000766135 0.00294961 0.00919805 0.0232336 0.0475399 0.0788055 0.105842 0.115201 0.10167 0.0728985 0.0427863 0.0212194 0.0101256 0.00655593 0.00701987 0.00936732 0.012619 0.0163047 0.0200586 0.0235023 0.0262703 0.0280783 0.0287812 0.0283974 0.0270878 0.0251031 0.0227167 0.0201675 0.0176284 0.0152017 0.0129348 0.0108445 0.00893677
 1.03209e-16 2.71734e-05 0.000159471 0.00075802 0.00291836 0.0091006 0.0229875 0.0470363 0.0779709 0.104722 0.113983 0.1006 0.0721407 0.0423606 0.0210433 0.0100996 0.00661439 0.00713564 0.00953508 0.0128394 0.0165754 0.0203708 0.0238402 0.0266136 0.028407 0.0290808 0.0286638 0.0273297 0.0253411 0.022979 0.0204832 0.0180205 0.0156814 0.0134988 0.0114754 0.00960675
 1.0236e-16 3.19842e-05 0.000187721 0.000892341 0.00343556 0.0107135 0.0270614 0.0553712 0.0917839 0.123263 0.134135 0.118318 0.0846979 0.0494346 0.0240002 0.010589 0.00571383 0.00526833 0.00673629 0.0090094 0.0116254 0.0142933 0.0167385 0.0187013 0.0199825 0.0204835 0.0202229 0.0193204 0.0179573 0.0163281 0.014599 0.0128856 0.0112505 0.00971728 0.00828843 0.0069621
 1.02121e-16 2.91164e-05 0.000170877 0.000812248 0.00312715 0.0097517 0.0246321 0.0504013 0.0835486 0.112212 0.122131 0.107781 0.0772687 0.0453274 0.0224333 0.0106238 0.0067631 0.00713908 0.00945937 0.0126728 0.0162697 0.0198562 0.0230327 0.0254233 0.0267503 0.026895 0.0259209 0.0240474 0.0215863 0.0188645 0.0161567 0.0136477 0.0114275 0.00951086 0.00786873 0.00645703
 1.02496e-16 2.82031e-05 0.000165516 0.000786761 0.00302903 0.0094457 0.0238592 0.0488198 0.080927 0.108691 0.1183 0.104402 0.0748501 0.0439169 0.0217517 0.0103307 0.00662098 0.00703281 0.00935306 0.0125718 0.0162037 0.0198735 0.0231964 0.0258045 0.0274172 0.0278998 0.0272876 0.0257626 0.0235979 0.0210862 0.0184797 0.0159561 0.0136136 0.0114878 0.00957843 0.0078725
 1.02331e-16 3.07558e-05 0.000180507 0.000858038 0.00330348 0.0103016 0.026021 0.0532426 0.0882566 0.118529 0.128991 0.113798 0.0815011 0.047647 0.0232787 0.0105203 0.00603242 0.005877 0.00763596 0.010232 0.0131934 0.0161996 0.0189373 0.0211093 0.0224885 0.0229646 0.0225626 0.0214253 0.0197672 0.0178179 0.0157746 0.0137747 0.0118935 0.0101587 0.00857115 0.00712452
 1.02396e-16 2.83776e-05 0.00016654 0.000791625 0.00304775 0.00950408 0.0240067 0.0491216 0.0814276 0.109364 0.119034 0.105054 0.0753263 0.0442137 0.0219306 0.0104676 0.0067744 0.00723844 0.00962894 0.0129215 0.0166151 0.020317 0.0236252 0.0261591 0.0276341 0.0279233 0.027081 0.0253171 0.022935 0.0202545 0.0175461 0.014994 0.0126915 0.0106602 0.00888032 0.00731865
 1.04904e-16 1.54859e-05 9.08379e-05 0.000431694 0.00166186 0.0051822 0.0130902 0.0267871 0.0444133 0.0596782 0.065027 0.0575614 0.0416474 0.0252008 0.0139062 0.00898823 0.00892553 0.0118569 0.0165961 0.022494 0.0290423 0.0356585 0.0416742 0.0464367 0.0494441 0.0504522 0.0495163 0.0469517 0.0432336 0.0388725 0.0343081 0.0298495 0.0256681 0.0218286 0.0183354 0.0151738
pSPR Fmed_Fpbrs
0.429013   0.336671 0.336671
Fs Fmed_Fpbrs
0.68   1.005 1.005
SSBpbr Bo_Bmed_Bpbrs
2.26974e+06  860260  650668 650668
Ro
55703.2
SPR SPRFo_SPRFmed_SPRFpbrs
1.14531e+06 491352 385592
log_Ro
10.7478
likeval ReclasPelacesDesembMPH_pf_preclas_ppelaces_ptallas_desvR_qrecl_qpela
 64.8161 27.0995 0.0178752 0.000487928 316.37 198.88 77.9713 0 15.6021 8.0423e-05 0 0 0 0 0
q_reclas_q_pelaces
0.280611 1
M
0.7
N
 51400 15440.7 5805.66 690.322 0.365845
 66434.9 23507.2 4964.52 1866.65 222.071
 40172.2 30801.6 8123.95 1715.71 721.851
 66568.7 18044.7 9005.97 2375.34 712.712
 114635 32430.5 8099.71 4042.5 1386.13
 82340.1 56717.7 15795.7 3945.06 2644.08
 131885 39458.2 23337.1 6499.3 2711.17
 123715 64053.3 17425.7 10306.2 4067.56
 149857 58820.8 25282.5 6878.08 5673.47
 146555 70887.6 22601 9714.39 4822.74
 68204.4 70014 28695.9 9149.06 5884.74
 40156.3 31264.6 22787.3 9339.59 4893.03
 42936.3 18513.6 10489.2 7645.06 4774.99
 23702.9 18952.4 4936.39 2796.78 3311.63
 18534.5 9578.81 3171.12 825.957 1022.06
 23142.7 7602.84 1734.19 574.113 334.573
 19086 10659.1 2537.47 578.79 303.276
 21261.2 8982.67 3987.34 949.208 329.961
 23672.8 10181 3681.51 1634.2 524.262
 44388.6 11395.8 4290.47 1551.46 909.616
 55011 21336.2 4764.72 1793.9 1029.01
 68505 26915 9796.27 2187.67 1296.11
 112794 33359 12052.9 4386.91 1560.09
 132422 54705.3 14624.9 5284.13 2607.23
 50048.4 64278.1 24087.9 6439.64 3474.72
pred_Ctot
 2935.41 4013.32 1509 179.427 0.0950899
 3182.79 5248.28 1108.39 416.754 49.5803
 2773.76 9388.33 2476.19 522.951 220.021
 908.342 1254.26 625.992 165.106 49.5395
 301.859 447.757 111.83 55.8134 19.1378
 2076.21 7068.35 1968.51 491.647 329.514
 2086.62 3162.07 1870.17 520.836 217.266
 3795.82 9576.08 2605.17 1540.8 608.108
 5125.05 9712.97 4174.84 1135.76 936.848
 4010.25 9533.54 3039.56 1306.47 648.6
 3789.61 17775.5 7285.44 2322.81 1494.05
 2076.13 7459.63 5436.97 2228.39 1167.46
 3454.39 6387.38 3618.86 2637.62 1647.42
 3211.95 9602.41 2501.07 1417.01 1677.86
 2344.45 4631.52 1533.29 399.365 494.184
 1211.88 1834.19 418.373 138.505 80.7157
 719.311 1922.19 457.588 104.375 54.6905
 547.13 1140.94 506.454 120.564 41.9101
 522.028 1118.81 404.567 179.584 57.6119
 1025.15 1307.97 492.448 178.072 104.403
 583.645 1162.32 259.566 97.7258 56.057
 956.323 1912.39 696.056 155.441 92.0926
 1894.52 2830.78 1022.79 372.265 132.386
 2147.4 4488.69 1200.01 433.574 213.929
 756.079 4927.63 1846.6 493.67 266.376
F
 0.0823319 0.434688 0.434688 0.434688 0.434688
 0.0686569 0.362488 0.362488 0.362488 0.362488
 0.100323 0.529677 0.529677 0.529677 0.529677
 0.0191346 0.101025 0.101025 0.101025 0.101025
 0.00366743 0.019363 0.019363 0.019363 0.019363
 0.0356162 0.188043 0.188043 0.188043 0.188043
 0.0222166 0.117297 0.117297 0.117297 0.117297
 0.0434882 0.229605 0.229605 0.229605 0.229605
 0.0485827 0.256502 0.256502 0.256502 0.256502
 0.0387035 0.204343 0.204343 0.204343 0.204343
 0.0800216 0.42249 0.42249 0.42249 0.42249
 0.074274 0.392145 0.392145 0.392145 0.392145
 0.117785 0.621872 0.621872 0.621872 0.621872
 0.206043 1.08785 1.08785 1.08785 1.08785
 0.191112 1.00901 1.00901 1.00901 1.00901
 0.0752609 0.397356 0.397356 0.397356 0.397356
 0.053657 0.283293 0.283293 0.283293 0.283293
 0.0363608 0.191974 0.191974 0.191974 0.191974
 0.0310862 0.164126 0.164126 0.164126 0.164126
 0.0325781 0.172003 0.172003 0.172003 0.172003
 0.0148497 0.0784023 0.0784023 0.0784023 0.0784023
 0.0195798 0.103375 0.103375 0.103375 0.103375
 0.0235998 0.1246 0.1246 0.1246 0.1246
 0.0227766 0.120254 0.120254 0.120254 0.120254
 0.0212038 0.11195 0.11195 0.11195 0.11195
Np
 39248.2 16111.8 4422.86 5187.59 2297.39
YTP_r0W_actual
 8468.09 108408 60937.9 20289.9 11400.9
YTP_p0W_proyectada
 40560.5 253480 432198 206839 88608.8
 40560.5 167847 66980.5 100329 49307.2
CTP_r0_actual
 756.079 4927.63 1846.6 493.67 266.376
CTP_p0_proyectada
 4946.4 11735.2 13764.3 5158.09 1991.21
 4946.4 7770.7 2133.14 2501.97 1108.03
Wmedp
 8.2 21.6 31.4 40.1 44.5
nmprior
 10.6 11 7 0
nm_flota  nm_reclas  nm_pelaces    nm_pelaL
inf 13.7359 20.9831 52.2915
cv_recla  cv_pelaces  cv_mph
0.728226 0.590273 0.601189
 ------------------------------------------------
Talla a la edad & desviaci?n 
 7.2 14.2025 17.0495 18.207 18.6776
 1.08 2.13037 2.55742 2.73105 2.80164
