years
 1997 1998 1999 2000 2001 2002 2003 2004 2005 2006 2007 2008 2009 2010 2011 2012 2013 2014 2015 2016 2017 2018
reclasobs
 0 0 0 370054 412103 1.49427e+06 250295 1.28982e+06 931140 785840 897777 1.04006e+06 184774 17550 25797 100020 73551 82996 120727 218422 84188 347160
reclaspred
 367112 100855 310059 232112 349667 418439 927815 621325 696029 631691 497129 333337 204616 95691.3 68202.9 70510.9 88940.6 121547 127409 184270 253425 229029
pelacesobs
 0 0 0 0 0 0 0 0 0 2.06254e+06 1.5e+06 0 1.87456e+06 323000 250000 174000 83755 137374 0 501740 490994 745055
pelacespred
 1.06385e+06 259130 494147 558959 720264 723777 1.82471e+06 1.52419e+06 1.50989e+06 1.38479e+06 983080 680035 415879 162814 114083 125994 165794 228989 247918 347638 528439 468892
mphobs
 0 0 0 0 0 112323 0 153150 637223 0 255016 313432 73983 77613 109348 50772 17779 17303 59886 28197 0 207744
mphpred
 114977 69741.7 85896.2 106364 115657 184465 279625 331110 284888 289108 270904 190864 117566 62213.9 30432.5 26581.2 32592.7 45249.4 56015.4 63875.7 95412.4 107311
desembarqueobs
 350755 77701 442110 56441 14545 235359 269955 359681 431902 328805 639364 411747 362871 311530 167758 66681 60226 58785 57116 73181 50977 67692
desembarquepred
 350760 77700.4 442100 56441.9 14545.1 235392 269980 359681 431929 328823 639568 411988 363196 311965 167798 66691.5 60243.6 58785.9 57112 73179 50976.9 67687.5
Reclutas
 50527.5 65556.4 39448.9 66161.8 114209 81578.5 131221 123401 150125 147187 68191.5 40038.8 42925.1 23664.1 18498.4 23107.3 19049.6 21264.7 23801.1 43984.5 48120.3 67024.2
log_desv_Rt
 -0.0200948 0.240298 -0.267607 0.249491 0.795421 0.458953 0.93427 0.87283 1.06886 1.04909 0.279707 -0.252764 -0.183156 -0.778654 -1.02493 -0.802464 -0.995566 -0.885562 -0.772879 -0.158776 -0.0689085 0.26244
SSB
 686108 416175 512575 634716 690168 1.10077e+06 1.66862e+06 1.97586e+06 1.70003e+06 1.72521e+06 1.61659e+06 1.13895e+06 701559 371254 181602 158620 194492 270020 334264 381170 569361 640365
BT
 2.1913e+06 595645 1.12755e+06 1.0607e+06 1.30081e+06 1.48129e+06 3.45108e+06 3.13764e+06 3.09916e+06 2.79743e+06 2.34042e+06 1.59825e+06 1.10275e+06 592776 347482 280836 346312 457064 493229 682313 987797 903653
Ftot
 0.437174 0.368071 0.540586 0.103321 0.0196294 0.189672 0.118375 0.231356 0.257953 0.204778 0.422103 0.39162 0.621449 1.08759 1.01024 0.398305 0.283972 0.192421 0.16425 0.171909 0.080006 0.111077
BD_Bspro_t
 0.946279 0.750311 0.709774 0.58668 0.721419 0.843834 0.815275 0.822626 0.774981 0.742466 0.708939 0.561177 0.447579 0.336199 0.219031 0.234469 0.349543 0.513915 0.621547 0.700897 0.792312 0.848587
BD_Bspro
 0.644613 0.391005 0.481575 0.596329 0.648427 1.0342 1.56771 1.85636 1.59722 1.62087 1.51882 1.07007 0.65913 0.348801 0.170619 0.149027 0.18273 0.253689 0.314049 0.358117 0.534927 0.601636
BD_Bo
 0.326093 0.197799 0.243616 0.301667 0.328023 0.523173 0.793064 0.939084 0.807992 0.819958 0.768331 0.541322 0.333437 0.176449 0.0863117 0.0753888 0.0924383 0.128335 0.158869 0.181162 0.270606 0.304352
BD_Brms
 1.12611 0.68307 0.841292 1.04176 1.13278 1.8067 2.73872 3.24298 2.79028 2.8316 2.65331 1.86937 1.15147 0.609341 0.298064 0.260344 0.319222 0.443185 0.54863 0.625616 0.934496 1.05103
S_f
 0.189258 1 1 1 1
 0.189258 1 1 1 1
 0.189258 1 1 1 1
 0.189258 1 1 1 1
 0.189258 1 1 1 1
 0.189258 1 1 1 1
 0.189258 1 1 1 1
 0.189258 1 1 1 1
 0.189258 1 1 1 1
 0.189258 1 1 1 1
 0.189258 1 1 1 1
 0.189258 1 1 1 1
 0.189258 1 1 1 1
 0.189258 1 1 1 1
 0.189258 1 1 1 1
 0.189258 1 1 1 1
 0.189258 1 1 1 1
 0.189258 1 1 1 1
 0.189258 1 1 1 1
 0.189258 1 1 1 1
 0.189258 1 1 1 1
 0.189258 1 1 1 1
Scru_reclas
 1 1 1 1 1
 1 1 1 1 1
 1 1 1 1 1
 1 1 1 1 1
 1 1 1 1 1
 1 1 1 1 1
 1 1 1 1 1
 1 1 1 1 1
 1 1 1 1 1
 1 1 1 1 1
 1 1 1 1 1
 1 1 1 1 1
 1 1 1 1 1
 1 1 1 1 1
 1 1 1 1 1
 1 1 1 1 1
 1 1 1 1 1
 1 1 1 1 1
 1 1 1 1 1
 1 1 1 1 1
 1 1 1 1 1
 1 1 1 1 1
Scru_pelaces
 1 1 1 1 1
 1 1 1 1 1
 1 1 1 1 1
 1 1 1 1 1
 1 1 1 1 1
 1 1 1 1 1
 1 1 1 1 1
 1 1 1 1 1
 1 1 1 1 1
 1 1 1 1 1
 1 1 1 1 1
 1 1 1 1 1
 1 1 1 1 1
 1 1 1 1 1
 1 1 1 1 1
 1 1 1 1 1
 1 1 1 1 1
 1 1 1 1 1
 1 1 1 1 1
 1 1 1 1 1
 1 1 1 1 1
 1 1 1 1 1
pf_obs 
 0.256992 0.487395 0.22802 0.0275931 0
 0.321318 0.546541 0.124235 0.00734118 0.000564706
 0.182869 0.594174 0.210203 0.0122559 0.00049798
 0.330522 0.361315 0.267642 0.0388342 0.00168674
 0.649043 0.306663 0.0425973 0.00169635 0
 0.582887 0.30429 0.105238 0.00758474 0
 0.465427 0.430635 0.0974691 0.00646863 0
 0.296916 0.608066 0.0921331 0.00288517 0
 0.311714 0.524322 0.152257 0.0117073 0
 0.15457 0.633149 0.183074 0.0267441 0.00246327
 0.131901 0.49318 0.331252 0.0422183 0.00144891
 0.196976 0.569456 0.194076 0.0375587 0.00193317
 0.518974 0.381816 0.0799577 0.0180837 0.00116848
 0.0928022 0.601141 0.25162 0.0475244 0.00691264
 0.122501 0.610282 0.24278 0.0234846 0.000952079
 0.383417 0.481906 0.127806 0.00687128 0
 0.0376549 0.599619 0.316969 0.0457579 0
 0.0361596 0.667082 0.258105 0.0386534 0
 0.158088 0.579412 0.248529 0.0139706 0
 0.0477256 0.309471 0.559284 0.082774 0.000745712
 0.0406174 0.521527 0.379366 0.0568643 0.0016247
 0.151134 0.462217 0.34131 0.0453401 0
pf_pred 
 0.336567 0.466776 0.175729 0.0209169 1.02644e-05
 0.318609 0.52259 0.111729 0.042063 0.00500919
 0.180387 0.611247 0.159806 0.0341661 0.0143945
 0.305987 0.416614 0.206878 0.0540866 0.0164354
 0.324018 0.479593 0.117891 0.0585413 0.019956
 0.173492 0.594036 0.164933 0.0405432 0.0269954
 0.266225 0.401774 0.238619 0.0662522 0.0271296
 0.210086 0.528664 0.143046 0.084957 0.0332473
 0.244274 0.46093 0.197297 0.0533849 0.0441139
 0.217153 0.515134 0.163282 0.0698917 0.0345385
 0.115693 0.545561 0.222904 0.0706539 0.045188
 0.112514 0.405807 0.297165 0.121415 0.0630987
 0.194523 0.359093 0.204111 0.149467 0.0928059
 0.174116 0.521748 0.135588 0.0770693 0.0914787
 0.249061 0.49246 0.163292 0.0424354 0.0527508
 0.329005 0.497918 0.113503 0.0376358 0.0219386
 0.220694 0.590215 0.140317 0.031986 0.0167885
 0.232451 0.483981 0.214763 0.0510576 0.0177477
 0.229687 0.490017 0.176741 0.0784278 0.0251265
 0.32698 0.42364 0.158637 0.057218 0.0335245
 0.245772 0.554583 0.125669 0.0470584 0.026918
 0.264343 0.47157 0.194183 0.0440021 0.0259022
pobs_RECLAS
 0 0 0 0 0
 0 0 0 0 0
 0 0 0 0 0
 0 0 0 0 0
 0.835266 0.146461 0.0176864 0.000547809 3.91292e-05
 0.385257 0.428462 0.181853 0.0044286 0
 0.867414 0.0963971 0.0333333 0.00285562 0
 0.441836 0.489002 0.0689373 0.000224442 0
 0.779404 0.147425 0.0564933 0.0165055 0.000172143
 0.814271 0.122319 0.05973 0.00367925 0
 0.40263 0.566651 0.0304383 0.000280538 0
 0.475488 0.404961 0.113038 0.00651328 0
 0.955842 0.0263864 0.0167828 0.000988607 0
 0.975058 0.0227948 0.00214734 0 0
 0.738997 0.206755 0.0527124 0.00153531 0
 0.850938 0.134255 0.0134407 0.00136685 0
 0.542534 0.407297 0.0501686 0 0
 0.764087 0.199537 0.0359546 0.000420521 0
 0.470689 0.182191 0.310203 0.0369168 0
 0.84361 0.089868 0.0606195 0.00523954 0.000663233
 0.607945 0.314616 0.071237 0.00620181 0
 0.523733 0.453247 0.0230204 0 0
ppred_RECLAS
 0.733788 0.1873 0.0705139 0.00839321 4.11872e-06
 0.716466 0.217455 0.0464915 0.0175029 0.00208438
 0.546754 0.33802 0.0883726 0.0188939 0.00796015
 0.700768 0.179628 0.0891977 0.02332 0.00708632
 0.717119 0.200698 0.0493346 0.0244981 0.00835108
 0.528435 0.338928 0.0941028 0.0231319 0.0154022
 0.658561 0.186953 0.111034 0.0308284 0.0126239
 0.587388 0.276148 0.0747203 0.0443774 0.0173668
 0.634123 0.223154 0.0955194 0.0258457 0.0213573
 0.597138 0.265094 0.084027 0.0359671 0.0177739
 0.4152 0.360784 0.147408 0.046724 0.0298832
 0.407008 0.271148 0.198557 0.081126 0.0421607
 0.571455 0.191052 0.108595 0.0795222 0.0493763
 0.550756 0.283808 0.0737541 0.0419223 0.0497604
 0.656373 0.225348 0.0747219 0.0194183 0.0241386
 0.726472 0.202974 0.046269 0.0153421 0.00894319
 0.603358 0.3004 0.0714169 0.0162798 0.00854483
 0.617888 0.240942 0.106916 0.0254182 0.00883543
 0.613803 0.245671 0.0886095 0.0393199 0.0125972
 0.721514 0.175296 0.0656417 0.0236759 0.0138719
 0.633522 0.269471 0.0610624 0.0228656 0.0130794
 0.656294 0.220322 0.0907242 0.0205582 0.0121018
pobs_PELACES
 0 0 0 0 0
 0 0 0 0 0
 0 0 0 0 0
 0 0 0 0 0
 0 0 0 0 0
 0 0 0 0 0
 0 0 0 0 0
 0 0 0 0 0
 0 0 0 0 0
 0 0 0 0 0
 0.450072 0.473896 0.0757376 0.000293798 0
 0 0 0 0 0
 0.463077 0.371075 0.160297 0.00555027 0
 0.529543 0.364841 0.0842815 0.0213345 0
 0.631943 0.363953 0.00410389 0 0
 0.735681 0.248677 0.0153453 0.000297389 0
 0.695825 0.281241 0.0229344 0 0
 0.275771 0.60734 0.115278 0.00161068 0
 0 0 0 0 0
 0.896147 0.0623911 0.0374545 0.00400742 0
 0.803859 0.145111 0.0509908 3.86294e-05 0
 0.739449 0.233085 0.0266225 0.000797448 4.60066e-05
ppred_PELACES
 0.756004 0.17167 0.0646295 0.0076928 3.77501e-06
 0.736037 0.202445 0.0432823 0.0162947 0.0019405
 0.582293 0.311515 0.0814433 0.0174124 0.00733599
 0.706532 0.176167 0.0874794 0.0228708 0.00694981
 0.718183 0.199943 0.049149 0.0244059 0.00831966
 0.54106 0.329854 0.0915835 0.0225126 0.0149899
 0.665646 0.183074 0.10873 0.0301887 0.012362
 0.602304 0.266165 0.072019 0.0427731 0.0167389
 0.649982 0.213482 0.0913791 0.0247254 0.0204315
 0.610245 0.25647 0.0812932 0.0347969 0.0171956
 0.442856 0.343722 0.140437 0.0445144 0.02847
 0.432521 0.259482 0.190014 0.0776356 0.0403468
 0.611603 0.173153 0.0984213 0.0720722 0.0447505
 0.621214 0.239296 0.0621867 0.0353473 0.0419561
 0.714524 0.187213 0.062077 0.0161322 0.0200537
 0.747129 0.187645 0.0427747 0.0141834 0.00826778
 0.62139 0.286744 0.0681702 0.0155397 0.00815637
 0.629967 0.233326 0.103537 0.0246147 0.00855614
 0.624166 0.239078 0.0862317 0.0382648 0.0122592
 0.730661 0.169538 0.0634858 0.0228983 0.0134163
 0.638477 0.265827 0.0602368 0.0225564 0.0129025
 0.662966 0.216045 0.088963 0.0201591 0.0118669
pobs_pel_tallas
 0 0 0 0 0 0 0 0 0 0 0 0 0 0 0 0 0 0 0 0 0 0 0 0 0 0 0 0 0 0 0 0 0 0 0 0
 0 0 0 0 0 0 0 0 0 0 0 0 0 0 0 0 0 0 0 0 0 0 0 0 0 0 0 0 0 0 0 0 0 0 0 0
 0 0 0 0 0 0 0 0 0 0 0 0 0 0 0 0 0 0 0 0 0 0 0 0 0 0 0 0 0 0 0 0 0 0 0 0
 0 0 0 0 0 0 0 0 0 0 0 0 0 0 0 0 0 0 0 0 0 0 0 0 0 0 0 0 0 0 0 0 0 0 0 0
 0 0 0 0 0 0 0 0 0 0 0 0 0 0 0 0 0 0 0 0 0 0 0 0 0 0 0 0 0 0 0 0 0 0 0 0
 0 0 0 0 0 0 0 0 0 0 0 0 0 0 0 0 0 0 0 0 0 0 0 0 0 0 0 0 0 0 0 0 0 0 0 0
 0 0 0 0 0 0 0 0 0 0 0 0 0 0 0 0 0 0 0 0 0 0 0 0 0 0 0 0 0 0 0 0 0 0 0 0
 0 0 0 0 0 0 0 0 0 0 0 0 0 0 0 0 0 0 0 0 0 0 0 0 0 0 0 0 0 0 0 0 0 0 0 0
 0 0 0 0 0 0 0 0 0 0 0 0 0 0 0 0 0 0 0 0 0 0 0 0 0 0 0 0 0 0 0 0 0 0 0 0
 0 0 0 0 0 0 0 0 0 0 0 0 0 0 0 0 0 0 0 0 0 0 0 0 0 0 0 0 0 0 0 0 0 0 0 0
 0 0 0 0 0 0 0 0 1.78061e-05 0.00172719 0.00360574 0.0105946 0.0120993 0.0124554 0.0147524 0.0171206 0.0266825 0.0428682 0.0675386 0.121331 0.153587 0.119568 0.100827 0.0573624 0.0630603 0.0341343 0.0324427 0.0444173 0.0211091 0.0280891 0.0125444 0.00206551 0 0 0 0
 0 0 0 0 0 0 0 0 0 0 0 0 0 0 0 0 0 0 0 0 0 0 0 0 0 0 0 0 0 0 0 0 0 0 0 0
 0 0 0 0 0 0 0.0133647 0.0140871 0.0187388 0.0205184 0.03894 0.0496705 0.03968 0.0493445 0.0407372 0.0367815 0.0215668 0.0243155 0.0234873 0.0199281 0.019796 0.0243948 0.0301388 0.0376714 0.0412746 0.0863199 0.0771752 0.113111 0.0741005 0.0525337 0.0229764 0.00759418 0.00175318 0 0 0
 0 0 0 0 0 0 0 0 0 0 0.00219441 0.00772107 0.0458388 0.0604681 0.0671733 0.0775358 0.0609151 0.0617685 0.073594 0.0568108 0.0755445 0.0548602 0.0670107 0.0636378 0.0643287 0.046367 0.0373049 0.0286899 0.0247887 0.0153202 0.00654259 0.00121912 0.000365735 0 0 0
 0 0 0 0 0 0 0 0 0 0 0 0 0.000112435 0.00938835 0.0111873 0.0202946 0.0414886 0.0713402 0.111592 0.104902 0.108894 0.110636 0.117776 0.105296 0.107544 0.0401394 0.0192827 0.0124803 0.00416011 0.0028671 0.000618394 0 0 0 0 0
 0 0 0 0 0 0 0 0 0 0 0.00291406 0.0102884 0.027416 0.0768956 0.0749926 0.110853 0.0956884 0.0897413 0.0766577 0.0534642 0.0500743 0.0551293 0.0594112 0.0620874 0.0668451 0.0424026 0.0208742 0.0120726 0.0048766 0.00582813 0.00118941 0.000297354 0 0 0 0
 0 0.00264628 0.0354308 0.0461629 0.0458689 0.0383711 0.0214643 0.0164657 0.0346957 0.0420465 0.0363128 0.0245516 0.0311673 0.0291091 0.0169068 0.0133784 0.00837989 0.0085269 0.0148486 0.0160247 0.0276389 0.0546898 0.0760071 0.122758 0.109233 0.0665981 0.0333725 0.0166128 0.00676272 0.00308733 0.000882094 0 0 0 0 0
 0 0 0 0 0 0 0 0.000805153 0.000690131 0.00759144 0.0133425 0.0154129 0.00931677 0.000345066 0.00356568 0.00563607 0.00851162 0.0253048 0.0502646 0.0516448 0.0657925 0.0565908 0.0611916 0.0827007 0.0866115 0.110766 0.145733 0.0935128 0.0569358 0.0249597 0.0138026 0.00621118 0.00161031 0.00115022 0 0
 0 0 0 0 0 0 0 0 0 0 0 0 0 0 0 0 0 0 0 0 0 0 0 0 0 0 0 0 0 0 0 0 0 0 0 0
 0.00147267 0.00158595 0.00478618 0.00569244 0.00954404 0.0108468 0.00647125 0.017049 0.0510054 0.094081 0.124002 0.0959785 0.0687766 0.0820023 0.061753 0.0591476 0.0492212 0.0479892 0.0443925 0.0268479 0.0217502 0.0140895 0.0121071 0.0120363 0.00920419 0.00665534 0.0049561 0.00860946 0.00930331 0.0156896 0.0114698 0.00855282 0.00243557 0.00046729 0 2.83206e-05
 0 0 0 0 0.000772559 0.00158375 0.000888443 0.00281984 0.00712685 0.0440552 0.0773331 0.111326 0.0921469 0.0852325 0.0710754 0.0886704 0.0786465 0.0553345 0.0373146 0.0185414 0.00753245 0.00457741 0.012979 0.0271748 0.0457355 0.0583668 0.034881 0.0177882 0.00938659 0.00492506 0.0015258 0.00185414 0.000309023 5.79419e-05 3.86279e-05 0
 0 0.00173294 0.00326652 0 0.00397197 0.00683976 0.00946217 0.0152591 0.00757587 0.0136028 0.0228656 0.0392903 0.0559909 0.0764795 0.0681675 0.0726916 0.0566044 0.0477403 0.0527397 0.0444891 0.0609904 0.0582453 0.0661739 0.0445044 0.0529084 0.0360697 0.0280645 0.0235558 0.0158879 0.00826598 0.00280645 0.00217768 0.000904811 0.00058276 9.20147e-05 0
ppred_pel_tallas
 1.01238e-16 3.2985e-05 0.000193596 0.000920271 0.0035431 0.0110488 0.0279085 0.0571044 0.0946568 0.127121 0.138333 0.122019 0.0873434 0.0509708 0.0247311 0.0108848 0.00583276 0.00533638 0.00679621 0.00906427 0.0116587 0.0142745 0.0166246 0.0184391 0.0195131 0.0197495 0.0191761 0.0179303 0.0162174 0.0142594 0.0122497 0.0103274 0.00857239 0.00701597 0.00565949 0.00449079
 1.01332e-16 3.21156e-05 0.000188489 0.000895986 0.00344958 0.0107572 0.0271719 0.0555975 0.09216 0.123771 0.134695 0.118829 0.0851012 0.0497451 0.0242904 0.010952 0.00623854 0.00603069 0.00779433 0.0103932 0.0133225 0.0162358 0.0187981 0.0206978 0.0217061 0.0217267 0.0208158 0.0191596 0.0170221 0.0146806 0.0123692 0.0102469 0.00839248 0.00682019 0.00550511 0.00440727
 1.02199e-16 2.54161e-05 0.000149147 0.000708927 0.00272932 0.00851105 0.0214984 0.0439901 0.0729239 0.0979513 0.106634 0.0941617 0.0676291 0.039923 0.0202247 0.0103574 0.00762985 0.00883537 0.0119789 0.0161068 0.0206891 0.0252517 0.0292897 0.0323229 0.033994 0.0341471 0.0328586 0.0304043 0.027181 0.0236078 0.0200416 0.0167283 0.0137945 0.011271 0.00912999 0.0073204
 1.0241e-16 3.08281e-05 0.000180933 0.000860065 0.00331129 0.0103259 0.0260825 0.0533684 0.0884646 0.118807 0.12929 0.114054 0.0816675 0.0477099 0.0232459 0.0103992 0.0058182 0.00555387 0.00718609 0.00964574 0.0124784 0.0153866 0.0180818 0.0202868 0.0217836 0.0224565 0.0223101 0.021455 0.0200688 0.0183473 0.0164634 0.0145438 0.0126665 0.0108725 0.00918305 0.00761301
 1.01991e-16 3.13369e-05 0.000183918 0.000874255 0.00336591 0.0104963 0.0265128 0.054249 0.0899248 0.12077 0.13143 0.115951 0.0830449 0.0485537 0.0237287 0.0107339 0.00616551 0.00600799 0.00779238 0.0104133 0.0133806 0.0163573 0.0190156 0.0210491 0.0222294 0.0224558 0.0217741 0.0203549 0.0184439 0.0162989 0.014137 0.0121044 0.0102736 0.00865911 0.00724242 0.00599507
 1.02882e-16 2.36189e-05 0.000138594 0.000658754 0.00253613 0.00790861 0.0199767 0.0408767 0.0677641 0.0910244 0.0991031 0.0875362 0.0629235 0.0372519 0.0190692 0.0100895 0.00783227 0.00933377 0.0127453 0.017169 0.0220807 0.0269898 0.0313654 0.0347 0.0366138 0.0369374 0.0357442 0.033316 0.0300612 0.0264112 0.0227329 0.0192782 0.0161766 0.0134607 0.0111054 0.00906502
 1.03219e-16 2.90456e-05 0.000170467 0.000810309 0.00311971 0.0097285 0.0245734 0.0502808 0.0833472 0.111937 0.121818 0.107475 0.0769825 0.0450261 0.0220383 0.0100309 0.00585844 0.00581164 0.00761826 0.0102724 0.0133388 0.0165207 0.0195224 0.0220548 0.023885 0.0248803 0.0250279 0.0244209 0.0232208 0.02161 0.0197517 0.0177688 0.0157422 0.0137231 0.0117491 0.00985567
 1.03361e-16 2.62868e-05 0.000154263 0.000733258 0.00282302 0.00880326 0.0222365 0.0454998 0.075425 0.101306 0.110272 0.0973437 0.0698465 0.0410956 0.0205672 0.0101236 0.0069585 0.00774117 0.0104112 0.0140107 0.0180491 0.0221191 0.0257947 0.0286698 0.0304383 0.0309602 0.0302856 0.0286279 0.0262975 0.0236205 0.0208707 0.0182314 0.0157933 0.0135761 0.0115623 0.00972569
 1.03172e-16 2.83637e-05 0.000166461 0.00079126 0.00304636 0.00949974 0.0239957 0.0490989 0.0813889 0.10931 0.118967 0.104978 0.0752344 0.044085 0.0217288 0.0101438 0.00627118 0.00649613 0.00859635 0.011571 0.0149593 0.0184219 0.0216148 0.0242065 0.0259394 0.0266819 0.0264498 0.0253867 0.0237153 0.0216766 0.0194788 0.0172685 0.0151292 0.013097 0.0111833 0.00939403
 1.03237e-16 2.66327e-05 0.000156295 0.000742918 0.00286021 0.00891925 0.0225295 0.0460992 0.0764182 0.102639 0.11172 0.0986146 0.0707429 0.0415917 0.0207577 0.0101222 0.00683709 0.00752446 0.0100975 0.0135923 0.017524 0.0214981 0.0251027 0.0279441 0.0297231 0.0302984 0.0297113 0.0281598 0.0259369 0.0233531 0.0206714 0.0180716 0.0156471 0.0134249 0.0113968 0.00954535
 1.04966e-16 1.93374e-05 0.000113457 0.000539243 0.00207598 0.00647364 0.0163522 0.0334607 0.0554725 0.0745213 0.0811553 0.0717306 0.0516656 0.0307961 0.0161518 0.00917661 0.0078841 0.00988596 0.0136889 0.0185487 0.0239899 0.0295285 0.0346216 0.0387382 0.0414659 0.0425964 0.0421595 0.0403915 0.0376561 0.0343455 0.0307971 0.0272479 0.0238307 0.0206004 0.017571 0.0147478
 1.07335e-16 1.88834e-05 0.000110799 0.000526624 0.00202743 0.00632223 0.0159696 0.0326774 0.0541719 0.0727681 0.0792302 0.0699917 0.0503318 0.0298389 0.0153557 0.00826754 0.00661387 0.00805626 0.0111564 0.0152434 0.0199469 0.0249182 0.0297602 0.0340667 0.0374953 0.0398283 0.0410007 0.0410831 0.0402348 0.0386443 0.0364829 0.0338828 0.0309416 0.0277409 0.0243681 0.0209267
 1.06022e-16 2.66885e-05 0.00015663 0.00074453 0.00286645 0.00893872 0.0225785 0.046199 0.0765813 0.102851 0.111933 0.0987584 0.0707508 0.0414052 0.0203119 0.0093254 0.00556373 0.00562859 0.00744329 0.0100952 0.0131957 0.016482 0.0196896 0.022556 0.0248645 0.0264823 0.0273769 0.0276017 0.0272618 0.0264733 0.0253315 0.0238987 0.0222106 0.0202938 0.0181844 0.0159395
 1.04136e-16 2.71102e-05 0.0001591 0.000756258 0.00291158 0.00907946 0.0229341 0.046927 0.0777897 0.104479 0.113718 0.100365 0.0719701 0.0422562 0.0209834 0.0100565 0.00656583 0.00706526 0.00942957 0.0126863 0.016363 0.0200901 0.023488 0.0261957 0.0279413 0.028599 0.0282113 0.0269627 0.0251205 0.0229624 0.0207164 0.018529 0.016465 0.0145304 0.0127036 0.0109628
 1.02434e-16 3.11769e-05 0.00018298 0.000869796 0.00334875 0.0104428 0.0263776 0.0539723 0.0894658 0.120152 0.130756 0.11535 0.0826026 0.0482707 0.0235453 0.0105757 0.00597269 0.00574061 0.00742654 0.00993965 0.012807 0.0157123 0.0183497 0.0204309 0.021737 0.0221644 0.021743 0.0206169 0.0189998 0.0171185 0.0151651 0.0132713 0.0115052 0.00988666 0.00840935 0.00706015
 1.01543e-16 3.25986e-05 0.000191327 0.000909478 0.00350153 0.0109192 0.0275811 0.0564346 0.0935471 0.125633 0.136717 0.120602 0.0863493 0.0504306 0.0245431 0.0109273 0.00603174 0.00567037 0.00727132 0.00968958 0.0124302 0.0151668 0.0175889 0.0194082 0.0204119 0.020509 0.0197484 0.0182979 0.016397 0.0142967 0.0122086 0.0102754 0.00856757 0.0070974 0.00584316 0.00477105
 1.01977e-16 2.71199e-05 0.000159152 0.000756497 0.00291249 0.00908226 0.0229412 0.0469419 0.0778159 0.104518 0.113771 0.100437 0.0720771 0.0424298 0.0212744 0.0105349 0.00731703 0.00818234 0.0109979 0.0147615 0.0189459 0.0231051 0.0267727 0.0295076 0.0309835 0.0310612 0.0298162 0.0275082 0.0245076 0.0212043 0.017929 0.0149073 0.012253 0.00998938 0.00808503 0.00648691
 1.02792e-16 2.74918e-05 0.00016134 0.00076691 0.0029526 0.00920735 0.0232571 0.0475879 0.0788852 0.105949 0.115317 0.101772 0.072971 0.0428274 0.0212368 0.0101291 0.00655179 0.00701066 0.00935337 0.0125998 0.0162796 0.0200275 0.0234656 0.0262288 0.0280334 0.0287344 0.0283501 0.0270416 0.025059 0.0226754 0.0201296 0.017594 0.0151709 0.0129078 0.0108211 0.00891698
 1.0319e-16 2.7239e-05 0.000159856 0.000759853 0.00292542 0.00912261 0.0230431 0.04715 0.0781595 0.104975 0.114258 0.100842 0.0723126 0.042458 0.0210852 0.0101088 0.00660613 0.00711613 0.0095052 0.0127981 0.0165213 0.0203033 0.0237597 0.0265218 0.0283063 0.0289742 0.0285545 0.0272207 0.0252349 0.0228774 0.0203878 0.0179322 0.0156009 0.0134268 0.0114123 0.00955262
 1.02371e-16 3.18799e-05 0.000187108 0.000889427 0.00342434 0.0106785 0.026973 0.0551904 0.0914843 0.122861 0.133698 0.117934 0.0844261 0.0492822 0.023938 0.0105817 0.00573849 0.00531643 0.00680759 0.00910637 0.0117498 0.0144448 0.0169135 0.0188935 0.0201833 0.0206836 0.0204135 0.0194943 0.0181102 0.0164583 0.0147071 0.0129735 0.0113212 0.00977356 0.008333 0.00699717
 1.0232e-16 2.78641e-05 0.000163523 0.000777282 0.00299252 0.00933185 0.0235716 0.0482317 0.079953 0.107386 0.116886 0.10317 0.0740026 0.0434909 0.0216724 0.010511 0.00702038 0.00765893 0.0102349 0.0137312 0.0176335 0.0215243 0.0249724 0.0275711 0.0290193 0.0291879 0.0281449 0.0261268 0.0234706 0.0205292 0.0175995 0.0148815 0.0124727 0.0103897 0.00860165 0.00706184
 1.02581e-16 2.893e-05 0.000169786 0.000807063 0.0031072 0.00968948 0.0244749 0.0500795 0.0830144 0.111492 0.121342 0.107072 0.0767314 0.0449545 0.0221427 0.0103117 0.00633912 0.00653511 0.00863008 0.0116004 0.0149739 0.0184031 0.0215367 0.024038 0.025647 0.0262342 0.0258219 0.0245653 0.0227014 0.0204872 0.0181454 0.0158346 0.0136459 0.0116176 0.00975822 0.00806678
pSPR Fmed_Fpbrs
0.431703   0.339574 0.339574
Fs Fmed_Fpbrs
0.68   1.005 1.005
SSBpbr Bo_Bmed_Bpbrs
2.10402e+06  803113  609271 609271
Ro
51553.1
SPR SPRFo_SPRFmed_SPRFpbrs
1.06437e+06 459493 361433
log_Ro
10.6704
likeval ReclasPelacesDesembMPH_pf_preclas_ppelaces_ptallas_desvR_qrecl_qpela
 63.593 27.0851 0.017032 0.00032287 275.898 165.47 61.867 0 13.6959 8.11136e-05 0 0 0 0 0
q_reclas_q_pelaces
0.279087 1
M
0.7
N
 50527.5 15397.9 5796.91 690.001 0.338598
 65556.4 23098.8 4938.47 1859.21 221.409
 39448.9 30363.8 7938.37 1697.21 715.047
 66161.8 17684.6 8781.65 2295.89 697.659
 114209 32218.8 7919.87 3932.77 1340.63
 81578.5 56504.4 15688.4 3856.44 2567.79
 131221 39082.3 23211.5 6444.63 2639.01
 123401 63718.8 17241.1 10239.7 4007.23
 150125 58654.1 25106.4 6793.31 5613.56
 147187 70998 22504.2 9632.76 4760.24
 68191.5 70312.3 28728 9105.93 5823.87
 40038.8 31262.9 22893.3 9353.69 4861.06
 42925.1 18462.3 10494.1 7684.65 4771.5
 23664.1 18950.7 4924.8 2799.29 3322.66
 18498.4 9565.13 3171.65 824.228 1024.59
 23107.3 7587.4 1729.59 573.504 334.306
 19049.6 10641.5 2529.91 576.706 302.697
 21264.7 8964.77 3978.06 945.74 328.741
 23801.1 10182.1 3672.53 1629.66 522.107
 43984.5 11457.5 4290.41 1547.49 906.686
 48120.3 21142.8 4791 1794.05 1026.22
 67024.2 23536.7 9691.95 2196.21 1292.82
pred_Ctot
 2899.33 4021 1513.8 180.187 0.0884213
 3185.21 5224.47 1116.98 420.515 50.0781
 2775.37 9404.42 2458.71 525.668 221.468
 922.42 1255.91 623.648 163.048 49.5458
 304.633 450.901 110.838 55.039 18.7621
 2072.96 7097.83 1970.7 484.429 322.554
 2093.39 3159.24 1876.32 520.957 213.327
 3811.62 9591.61 2595.3 1541.39 603.21
 5158.75 9734.25 4166.67 1127.42 931.629
 4032.91 9566.92 3032.43 1298.01 641.438
 3782.71 17837.7 7288.07 2310.1 1477.47
 2065.82 7450.85 5456.12 2229.25 1158.53
 3448.72 6366.41 3618.71 2649.92 1645.37
 3203.75 9600.18 2494.83 1418.08 1683.21
 2340.84 4628.46 1534.73 398.835 495.786
 1211.91 1834.12 418.097 138.634 80.8126
 719.076 1923.07 457.188 104.218 54.7013
 548.058 1141.1 506.355 120.38 41.8445
 524.847 1119.71 403.863 179.212 57.4154
 1014.5 1314.4 492.195 177.527 104.015
 520.51 1174.53 266.15 99.6631 57.0086
 1003.94 1790.97 737.483 167.115 98.3736
F
 0.0827386 0.437174 0.437174 0.437174 0.437174
 0.0696604 0.368071 0.368071 0.368071 0.368071
 0.10231 0.540586 0.540586 0.540586 0.540586
 0.0195543 0.103321 0.103321 0.103321 0.103321
 0.00371502 0.0196294 0.0196294 0.0196294 0.0196294
 0.035897 0.189672 0.189672 0.189672 0.189672
 0.0224034 0.118375 0.118375 0.118375 0.118375
 0.043786 0.231356 0.231356 0.231356 0.231356
 0.0488197 0.257953 0.257953 0.257953 0.257953
 0.0387558 0.204778 0.204778 0.204778 0.204778
 0.0798863 0.422103 0.422103 0.422103 0.422103
 0.0741172 0.39162 0.39162 0.39162 0.39162
 0.117614 0.621449 0.621449 0.621449 0.621449
 0.205835 1.08759 1.08759 1.08759 1.08759
 0.191196 1.01024 1.01024 1.01024 1.01024
 0.0753823 0.398305 0.398305 0.398305 0.398305
 0.053744 0.283972 0.283972 0.283972 0.283972
 0.0364173 0.192421 0.192421 0.192421 0.192421
 0.0310856 0.16425 0.16425 0.16425 0.16425
 0.0325352 0.171909 0.171909 0.171909 0.171909
 0.0151418 0.080006 0.080006 0.080006 0.080006
 0.0210222 0.111077 0.111077 0.111077 0.111077
Np
 36942 15167.4 5924.11 1901.2 925.181
YTP_r0W_actual
 6023.66 31162.8 20575.8 6383.78 3541.45
YTP_p0W_proyectada
 38150.1 339520 158396 83296.2 30254.1
 38150.1 158008 89715.8 36769.5 19856.5
CTP_r0_actual
 1003.94 1790.97 737.483 167.115 98.3736
CTP_p0_proyectada
 4652.45 15718.5 5044.47 2077.21 679.867
 4652.45 7315.19 2857.19 916.946 446.213
Wmedp
 8.2 21.6 31.4 40.1 44.5
nmprior
 10.6 11 7 0
nm_flota  nm_reclas  nm_pelaces    nm_pelaL
inf 14.5382 17.9466 17.9466
cv_recla  cv_pelaces  cv_mph
0.776183 0.665741 0.518708
 ------------------------------------------------
Talla a la edad & desviaci?n 
 7.2 14.2025 17.0495 18.207 18.6776
 1.08 2.13037 2.55742 2.73105 2.80164
