years
 1997 1998 1999 2000 2001 2002 2003 2004 2005 2006 2007 2008 2009 2010 2011 2012 2013 2014 2015 2016 2017 2018 2019 2020 2021 2022
reclasobs
 0 0 0 370054 412103 1.49427e+06 250295 1.28982e+06 931140 785840 897777 1.04006e+06 184774 17550 25797 100020 73551 82996 120727 218422 84188 347160 605670 569463 516374 1.08416e+06
reclaspred
 1.12128e+06 233297 597562 319871 408764 526612 1.09579e+06 847073 1.09077e+06 1.20959e+06 1.13259e+06 774155 449122 206630 136761 134280 159398 222155 240014 317514 501663 495552 822713 1.04818e+06 1.41056e+06 1.25979e+06
pelacesobs
 0 0 0 0 0 0 0 0 0 2.06254e+06 1.5e+06 0 1.87456e+06 323000 250000 174000 83755 137374 0 501740 490994 745055 786931 1.00524e+06 1.33801e+06 1.41789e+06
pelacespred
 655444 231286 205447 223508 243959 242517 561902 544687 624498 719526 587036 415413 238205 88194.3 57921.5 64933.8 80745.4 113684 129588 165044 286006 295408 379959 554755 726204 725199
mphobs
 0 0 0 0 0 112323 0 153150 637223 0 255016 313432 73983 77613 109348 50772 17779 17303 59886 28197 0 207744 136588 643089 65757 0
mphpred
 791463 428346 377136 345922 304960 468412 656683 880191 863389 1.05296e+06 1.14071e+06 816872 499382 266342 126796 111589 125393 170500 210209 235293 366355 467028 568568 796016 1.15955e+06 1.18799e+06
desembarqueobs
 350755 77701 442110 56441 14545 235359 269955 359681 431902 328805 639364 411747 362871 311530 167758 66681 60226 58785 57116 73181 50977 67692 138656 160484 209506 203330
desembarquepred
 350761 77701.4 442131 56443.4 14545.1 235421 269978 359615 431838 328746 639347 411867 362946 311711 167713 66688.8 60244.4 58785.5 57110.5 73171.8 50975.3 67683.2 138648 160478 209488 203315
Reclutas
 42287.9 44497.2 22936.5 26342.1 53029.3 40677.7 80851.4 86718.6 129811 138692 72314.7 40749 46816 28552.8 19992.9 17075.8 14403.3 15728.4 16476.1 30915.6 43416.1 47106.6 79626.8 109495 46102.4 48923.7
log_desv_Rt
 -0.000389231 0.0505358 -0.612159 -0.473722 0.225954 -0.03921 0.647723 0.717778 1.12119 1.18737 0.536138 -0.0374594 0.101336 -0.393136 -0.749513 -0.90723 -1.07743 -0.989424 -0.94298 -0.313628 0.0259404 0.107522 0.632461 0.950991 0.0859741 0.145372
SSB
 791463 428346 377136 345922 304960 468412 656683 880191 863389 1.05296e+06 1.14071e+06 816872 499382 266342 126796 111589 125393 170500 210209 235293 366355 467028 568568 796016 1.15955e+06 1.18799e+06
BT
 2.07995e+06 573701 763742 532600 587423 666454 1.71694e+06 1.64365e+06 1.99296e+06 1.98601e+06 1.82066e+06 1.23687e+06 887899 487075 287550 202551 238452 306430 319694 444415 725681 656349 922458 1.36824e+06 1.62355e+06 1.60891e+06
Ftot
 0.300974 0.320116 0.687849 0.171219 0.0348084 0.425487 0.238311 0.405952 0.379619 0.262392 0.532546 0.50282 0.748511 1.30982 1.10264 0.472076 0.362376 0.255464 0.229968 0.223044 0.0990566 0.132825 0.163595 0.148811 0.144279 0.156655
BD_Bspro_t
 0.957321 0.755229 0.638316 0.435024 0.533818 0.696085 0.631461 0.666747 0.627936 0.623176 0.613256 0.458123 0.347652 0.249555 0.150859 0.158594 0.229556 0.362564 0.471439 0.561021 0.685873 0.783786 0.789864 0.793316 0.804294 0.761689
BD_Bspro
 0.905804 0.490228 0.43162 0.395897 0.349017 0.536082 0.751553 1.00735 0.988121 1.20508 1.3055 0.934884 0.571527 0.30482 0.145114 0.12771 0.143508 0.195132 0.240577 0.269285 0.419281 0.534498 0.650708 0.911014 1.32706 1.35961
BD_Bo
 0.434294 0.235043 0.206943 0.189815 0.167338 0.257028 0.360337 0.482981 0.473761 0.577784 0.625932 0.448236 0.274022 0.146148 0.0695756 0.0612314 0.068806 0.0935572 0.115346 0.129111 0.201027 0.256269 0.311986 0.436792 0.636269 0.651874
BD_Brms
 2.11091 1.14244 1.00586 0.922609 0.813359 1.2493 1.75144 2.34756 2.30274 2.80835 3.04238 2.17868 1.3319 0.710361 0.338177 0.297619 0.334436 0.454741 0.560647 0.62755 0.977105 1.24561 1.51643 2.12305 3.09263 3.16848
S_f
 0.5 1 1 1 1
 0.5 1 1 1 1
 0.5 1 1 1 1
 0.5 1 1 1 1
 0.5 1 1 1 1
 0.5 1 1 1 1
 0.5 1 1 1 1
 0.5 1 1 1 1
 0.5 1 1 1 1
 0.5 1 1 1 1
 0.5 1 1 1 1
 0.5 1 1 1 1
 0.5 1 1 1 1
 0.5 1 1 1 1
 0.5 1 1 1 1
 0.5 1 1 1 1
 0.5 1 1 1 1
 0.5 1 1 1 1
 0.5 1 1 1 1
 0.5 1 1 1 1
 0.5 1 1 1 1
 0.5 1 1 1 1
 0.5 1 1 1 1
 0.5 1 1 1 1
 0.5 1 1 1 1
 0.5 1 1 1 1
Scru_reclas
 0.5 1 1 1 1
 0.5 1 1 1 1
 0.5 1 1 1 1
 0.5 1 1 1 1
 0.5 1 1 1 1
 0.5 1 1 1 1
 0.5 1 1 1 1
 0.5 1 1 1 1
 0.5 1 1 1 1
 0.5 1 1 1 1
 0.5 1 1 1 1
 0.5 1 1 1 1
 0.5 1 1 1 1
 0.5 1 1 1 1
 0.5 1 1 1 1
 0.5 1 1 1 1
 0.5 1 1 1 1
 0.5 1 1 1 1
 0.5 1 1 1 1
 0.5 1 1 1 1
 0.5 1 1 1 1
 0.5 1 1 1 1
 0.5 1 1 1 1
 0.5 1 1 1 1
 0.5 1 1 1 1
 0.5 1 1 1 1
Scru_pelaces
 0.5 1 1 1 1
 0.5 1 1 1 1
 0.5 1 1 1 1
 0.5 1 1 1 1
 0.5 1 1 1 1
 0.5 1 1 1 1
 0.5 1 1 1 1
 0.5 1 1 1 1
 0.5 1 1 1 1
 0.5 1 1 1 1
 0.5 1 1 1 1
 0.5 1 1 1 1
 0.5 1 1 1 1
 0.5 1 1 1 1
 0.5 1 1 1 1
 0.5 1 1 1 1
 0.5 1 1 1 1
 0.5 1 1 1 1
 0.5 1 1 1 1
 0.5 1 1 1 1
 0.5 1 1 1 1
 0.5 1 1 1 1
 0.5 1 1 1 1
 0.5 1 1 1 1
 0.5 1 1 1 1
 0.5 1 1 1 1
pf_obs 
 0.256992 0.487395 0.22802 0.0275931 0
 0.321318 0.546541 0.124235 0.00734118 0.000564706
 0.182869 0.594174 0.210203 0.0122559 0.00049798
 0.330522 0.361315 0.267642 0.0388342 0.00168674
 0.649043 0.306663 0.0425973 0.00169635 0
 0.582887 0.30429 0.105238 0.00758474 0
 0.465427 0.430635 0.0974691 0.00646863 0
 0.296916 0.608066 0.0921331 0.00288517 0
 0.311714 0.524322 0.152257 0.0117073 0
 0.15457 0.633149 0.183074 0.0267441 0.00246327
 0.131901 0.49318 0.331252 0.0422183 0.00144891
 0.196976 0.569456 0.194076 0.0375587 0.00193317
 0.518974 0.381816 0.0799577 0.0180837 0.00116848
 0.0928022 0.601141 0.25162 0.0475244 0.00691264
 0.122501 0.610282 0.24278 0.0234846 0.000952079
 0.383417 0.481906 0.127806 0.00687128 0
 0.0376549 0.599619 0.316969 0.0457579 0
 0.0361596 0.667082 0.258105 0.0386534 0
 0.158088 0.579412 0.248529 0.0139706 0
 0.0477256 0.309471 0.559284 0.082774 0.000745712
 0.0406174 0.521527 0.379366 0.0568643 0.0016247
 0.151134 0.462217 0.34131 0.0453401 0
 0.294876 0.26143 0.354403 0.0886775 0.000613685
 0.281977 0.475581 0.204845 0.0348837 0.00271318
 0.0841818 0.532909 0.334909 0.0458182 0.00218182
 0.115287 0.27431 0.454777 0.147771 0.00785563
pf_pred 
 0.452851 0.385302 0.144641 0.0172003 5.5841e-06
 0.458877 0.348224 0.135839 0.0509937 0.00606598
 0.31259 0.447071 0.154663 0.0603328 0.025343
 0.471786 0.27876 0.162238 0.0561256 0.0310909
 0.592045 0.266077 0.0748746 0.0435769 0.0234263
 0.390348 0.454561 0.101154 0.0284649 0.0254724
 0.606569 0.232834 0.119742 0.0266464 0.0142084
 0.504057 0.380637 0.0682388 0.035094 0.0119737
 0.581804 0.290998 0.0976246 0.0175017 0.0120718
 0.509925 0.37074 0.0830384 0.0278579 0.008439
 0.315929 0.473179 0.159539 0.0357336 0.0156195
 0.299018 0.364092 0.23303 0.0785696 0.0252903
 0.461878 0.267583 0.140519 0.0899365 0.0400841
 0.436504 0.384649 0.0889319 0.0467019 0.0432127
 0.539553 0.322851 0.0939248 0.0217157 0.0219556
 0.558146 0.33917 0.0719988 0.0209461 0.0097391
 0.463238 0.399177 0.105611 0.0224191 0.00955481
 0.477713 0.34325 0.133145 0.0352265 0.0106649
 0.454984 0.361404 0.120671 0.0468076 0.0161333
 0.587532 0.264262 0.0982763 0.0328139 0.0171154
 0.54856 0.339595 0.0716574 0.0266486 0.0135388
 0.457656 0.387349 0.116595 0.0246025 0.0137978
 0.545389 0.289438 0.117969 0.0355095 0.011695
 0.526092 0.339023 0.0858774 0.0350017 0.0140057
 0.247605 0.525489 0.162324 0.041118 0.0234647
 0.325793 0.274235 0.279348 0.086291 0.034332
pobs_RECLAS
 0 0 0 0 0
 0 0 0 0 0
 0 0 0 0 0
 0 0 0 0 0
 0.835266 0.146461 0.0176864 0.000547809 3.91292e-05
 0.385257 0.428462 0.181853 0.0044286 0
 0.867414 0.0963971 0.0333333 0.00285562 0
 0.441836 0.489002 0.0689373 0.000224442 0
 0.779404 0.147425 0.0564933 0.0165055 0.000172143
 0.814271 0.122319 0.05973 0.00367925 0
 0.40263 0.566651 0.0304383 0.000280538 0
 0.475488 0.404961 0.113038 0.00651328 0
 0.955842 0.0263864 0.0167828 0.000988607 0
 0.975058 0.0227948 0.00214734 0 0
 0.738997 0.206755 0.0527124 0.00153531 0
 0.850938 0.134255 0.0134407 0.00136685 0
 0.542534 0.407297 0.0501686 0 0
 0.764087 0.199537 0.0359546 0.000420521 0
 0.470689 0.182191 0.310203 0.0369168 0
 0.84361 0.089868 0.0606195 0.00523954 0.000663233
 0.607945 0.314616 0.071237 0.00620181 0
 0.523733 0.453247 0.0230204 0 0
 0.530135 0.295979 0.169645 0.0042399 0
 0.562478 0.366248 0.0663022 0.0049721 0
 0.250443 0.683176 0.0655157 0.000865301 0
 0.195077 0.31981 0.436473 0.0351445 0.0134964
ppred_RECLAS
 0.455688 0.383304 0.143891 0.0171111 5.55514e-06
 0.461947 0.346248 0.135069 0.0507044 0.00603157
 0.319943 0.442289 0.153009 0.0596875 0.0250719
 0.473243 0.277991 0.16179 0.0559709 0.0310051
 0.592297 0.265913 0.0748284 0.04355 0.0234118
 0.394582 0.451404 0.100451 0.0282672 0.0252955
 0.608623 0.231618 0.119117 0.0265072 0.0141342
 0.508233 0.377431 0.0676641 0.0347984 0.0118728
 0.585529 0.288406 0.0967551 0.0173458 0.0119643
 0.512342 0.368911 0.0826288 0.0277205 0.00839737
 0.321119 0.469588 0.158329 0.0354625 0.015501
 0.303679 0.361671 0.231481 0.0780472 0.0251222
 0.471413 0.262841 0.138029 0.0883428 0.0393738
 0.458164 0.369864 0.0855135 0.0449067 0.0415517
 0.556271 0.311129 0.0905147 0.0209272 0.0211585
 0.56316 0.335322 0.0711818 0.0207084 0.00962859
 0.466831 0.396505 0.104904 0.022269 0.00949084
 0.480051 0.341714 0.132549 0.0350689 0.0106171
 0.457032 0.360046 0.120217 0.0466317 0.0160727
 0.58946 0.263027 0.0978169 0.0326605 0.0170354
 0.549344 0.339006 0.071533 0.0266024 0.0135153
 0.458743 0.386573 0.116361 0.0245532 0.0137701
 0.546763 0.288563 0.117612 0.0354021 0.0116596
 0.527333 0.338136 0.0856525 0.0349101 0.0139691
 0.248501 0.524863 0.162131 0.041069 0.0234368
 0.326954 0.273763 0.278868 0.0861425 0.0342729
pobs_PELACES
 0 0 0 0 0
 0 0 0 0 0
 0 0 0 0 0
 0 0 0 0 0
 0 0 0 0 0
 0 0 0 0 0
 0 0 0 0 0
 0 0 0 0 0
 0 0 0 0 0
 0 0 0 0 0
 0.450072 0.473896 0.0757376 0.000293798 0
 0 0 0 0 0
 0.463077 0.371075 0.160297 0.00555027 0
 0.529543 0.364841 0.0842815 0.0213345 0
 0.631943 0.363953 0.00410389 0 0
 0.735681 0.248677 0.0153453 0.000297389 0
 0.695825 0.281241 0.0229344 0 0
 0.275771 0.60734 0.115278 0.00161068 0
 0 0 0 0 0
 0.896147 0.0623911 0.0374545 0.00400742 0
 0.803859 0.145111 0.0509908 3.86294e-05 0
 0.739449 0.233085 0.0266225 0.000797448 4.60066e-05
 0.878498 0.100942 0.0204185 0.000141795 0
 0.694673 0.275183 0.0284847 0.00165964 0
 0.469039 0.446079 0.0841089 0.000773354 0
 0.822795 0.102175 0.0682046 0.00682512 0
ppred_PELACES
 0.468031 0.374612 0.140628 0.0167231 5.42918e-06
 0.475099 0.337785 0.131767 0.0494651 0.00588414
 0.345125 0.425912 0.147343 0.0574773 0.0241435
 0.48029 0.274272 0.159626 0.055222 0.0305903
 0.593683 0.265009 0.0745739 0.0434019 0.0233322
 0.411471 0.438811 0.097649 0.0274786 0.0245898
 0.617948 0.2261 0.116279 0.0258757 0.0137974
 0.524959 0.364595 0.0653628 0.0336149 0.011469
 0.600644 0.277888 0.0932266 0.0167132 0.0115279
 0.523152 0.360734 0.0807972 0.027106 0.00821123
 0.340568 0.456135 0.153793 0.0344466 0.0150569
 0.321502 0.352414 0.225555 0.0760495 0.0244791
 0.502258 0.247503 0.129974 0.0831876 0.0370762
 0.512094 0.333051 0.0770022 0.0404371 0.037416
 0.600602 0.280045 0.0814716 0.0188365 0.0190446
 0.582219 0.320692 0.0680762 0.0198049 0.0092085
 0.481739 0.385418 0.101971 0.0216464 0.00922548
 0.490579 0.334795 0.129865 0.0343588 0.0104021
 0.466462 0.353793 0.118129 0.0458218 0.0157935
 0.598336 0.257341 0.0957022 0.0319544 0.0166671
 0.553387 0.335964 0.0708913 0.0263637 0.0133941
 0.464189 0.382683 0.115191 0.0243062 0.0136316
 0.553444 0.28431 0.115878 0.0348803 0.0114877
 0.533448 0.333761 0.0845443 0.0344584 0.0137883
 0.252973 0.521739 0.161166 0.0408246 0.0232973
 0.332667 0.27144 0.2765 0.0854113 0.033982
pobs_pel_tallas
 0 0 0 0 0 0 0 0 0 0 0 0 0 0 0 0 0 0 0 0 0 0 0 0 0 0 0 0 0 0 0 0 0 0 0 0
 0 0 0 0 0 0 0 0 0 0 0 0 0 0 0 0 0 0 0 0 0 0 0 0 0 0 0 0 0 0 0 0 0 0 0 0
 0 0 0 0 0 0 0 0 0 0 0 0 0 0 0 0 0 0 0 0 0 0 0 0 0 0 0 0 0 0 0 0 0 0 0 0
 0 0 0 0 0 0 0 0 0 0 0 0 0 0 0 0 0 0 0 0 0 0 0 0 0 0 0 0 0 0 0 0 0 0 0 0
 0 0 0 0 0 0 0 0 0 0 0 0 0 0 0 0 0 0 0 0 0 0 0 0 0 0 0 0 0 0 0 0 0 0 0 0
 0 0 0 0 0 0 0 0 0 0 0 0 0 0 0 0 0 0 0 0 0 0 0 0 0 0 0 0 0 0 0 0 0 0 0 0
 0 0 0 0 0 0 0 0 0 0 0 0 0 0 0 0 0 0 0 0 0 0 0 0 0 0 0 0 0 0 0 0 0 0 0 0
 0 0 0 0 0 0 0 0 0 0 0 0 0 0 0 0 0 0 0 0 0 0 0 0 0 0 0 0 0 0 0 0 0 0 0 0
 0 0 0 0 0 0 0 0 0 0 0 0 0 0 0 0 0 0 0 0 0 0 0 0 0 0 0 0 0 0 0 0 0 0 0 0
 0 0 0 0 0 0 0 0 0 0 0 0 0 0 0 0 0 0 0 0 0 0 0 0 0 0 0 0 0 0 0 0 0 0 0 0
 0 0 0 0 0 0 0 0 1.78061e-05 0.00172719 0.00360574 0.0105946 0.0120993 0.0124554 0.0147524 0.0171206 0.0266825 0.0428682 0.0675386 0.121331 0.153587 0.119568 0.100827 0.0573624 0.0630603 0.0341343 0.0324427 0.0444173 0.0211091 0.0280891 0.0125444 0.00206551 0 0 0 0
 0 0 0 0 0 0 0 0 0 0 0 0 0 0 0 0 0 0 0 0 0 0 0 0 0 0 0 0 0 0 0 0 0 0 0 0
 0 0 0 0 0 0 0.0133647 0.0140871 0.0187388 0.0205184 0.03894 0.0496705 0.03968 0.0493445 0.0407372 0.0367815 0.0215668 0.0243155 0.0234873 0.0199281 0.019796 0.0243948 0.0301388 0.0376714 0.0412746 0.0863199 0.0771752 0.113111 0.0741005 0.0525337 0.0229764 0.00759418 0.00175318 0 0 0
 0 0 0 0 0 0 0 0 0 0 0.00219441 0.00772107 0.0458388 0.0604681 0.0671733 0.0775358 0.0609151 0.0617685 0.073594 0.0568108 0.0755445 0.0548602 0.0670107 0.0636378 0.0643287 0.046367 0.0373049 0.0286899 0.0247887 0.0153202 0.00654259 0.00121912 0.000365735 0 0 0
 0 0 0 0 0 0 0 0 0 0 0 0 0.000112435 0.00938835 0.0111873 0.0202946 0.0414886 0.0713402 0.111592 0.104902 0.108894 0.110636 0.117776 0.105296 0.107544 0.0401394 0.0192827 0.0124803 0.00416011 0.0028671 0.000618394 0 0 0 0 0
 0 0 0 0 0 0 0 0 0 0 0.00291406 0.0102884 0.027416 0.0768956 0.0749926 0.110853 0.0956884 0.0897413 0.0766577 0.0534642 0.0500743 0.0551293 0.0594112 0.0620874 0.0668451 0.0424026 0.0208742 0.0120726 0.0048766 0.00582813 0.00118941 0.000297354 0 0 0 0
 0 0.00264628 0.0354308 0.0461629 0.0458689 0.0383711 0.0214643 0.0164657 0.0346957 0.0420465 0.0363128 0.0245516 0.0311673 0.0291091 0.0169068 0.0133784 0.00837989 0.0085269 0.0148486 0.0160247 0.0276389 0.0546898 0.0760071 0.122758 0.109233 0.0665981 0.0333725 0.0166128 0.00676272 0.00308733 0.000882094 0 0 0 0 0
 0 0 0 0 0 0 0 0.000805153 0.000690131 0.00759144 0.0133425 0.0154129 0.00931677 0.000345066 0.00356568 0.00563607 0.00851162 0.0253048 0.0502646 0.0516448 0.0657925 0.0565908 0.0611916 0.0827007 0.0866115 0.110766 0.145733 0.0935128 0.0569358 0.0249597 0.0138026 0.00621118 0.00161031 0.00115022 0 0
 0 0 0 0 0 0 0 0 0 0 0 0 0 0 0 0 0 0 0 0 0 0 0 0 0 0 0 0 0 0 0 0 0 0 0 0
 0.00147267 0.00158595 0.00478618 0.00569244 0.00954404 0.0108468 0.00647125 0.017049 0.0510054 0.094081 0.124002 0.0959785 0.0687766 0.0820023 0.061753 0.0591476 0.0492212 0.0479892 0.0443925 0.0268479 0.0217502 0.0140895 0.0121071 0.0120363 0.00920419 0.00665534 0.0049561 0.00860946 0.00930331 0.0156896 0.0114698 0.00855282 0.00243557 0.00046729 0 2.83206e-05
 0 0 0 0 0.000772559 0.00158375 0.000888443 0.00281984 0.00712685 0.0440552 0.0773331 0.111326 0.0921469 0.0852325 0.0710754 0.0886704 0.0786465 0.0553345 0.0373146 0.0185414 0.00753245 0.00457741 0.012979 0.0271748 0.0457355 0.0583668 0.034881 0.0177882 0.00938659 0.00492506 0.0015258 0.00185414 0.000309023 5.79419e-05 3.86279e-05 0
 0 0.00173294 0.00326652 0 0.00397197 0.00683976 0.00946217 0.0152591 0.00757587 0.0136028 0.0228656 0.0392903 0.0559909 0.0764795 0.0681675 0.0726916 0.0566044 0.0477403 0.0527397 0.0444891 0.0609904 0.0582453 0.0661739 0.0445044 0.0529084 0.0360697 0.0280645 0.0235558 0.0158879 0.00826598 0.00280645 0.00217768 0.000904811 0.00058276 9.20147e-05 0
 0 0 0 0 0 0 0 0 0 0 0 0 0 0 0 0 0 0 0 0 0 0 0 0 0 0 0 0 0 0 0 0 0 0 0 0
 0 0 0 0 0 0 0 0 0 0 0 0 0 0 0 0 0 0 0 0 0 0 0 0 0 0 0 0 0 0 0 0 0 0 0 0
 0 0 0 0 0 0 0 0 0 0 0 0 0 0 0 0 0 0 0 0 0 0 0 0 0 0 0 0 0 0 0 0 0 0 0 0
 0 0 0 0 0 0 0 0 0 0 0 0 0 0 0 0 0 0 0 0 0 0 0 0 0 0 0 0 0 0 0 0 0 0 0 0
ppred_pel_tallas
 1.02694e-16 2.04365e-05 0.000119906 0.000569898 0.002194 0.00684166 0.0172818 0.035363 0.0586264 0.0787589 0.0857717 0.0758147 0.0546154 0.0325704 0.0171104 0.00976252 0.00842606 0.010572 0.0146114 0.0197398 0.0254297 0.0311392 0.0362643 0.0402197 0.0425588 0.0430697 0.0418138 0.0390909 0.0353498 0.0310749 0.0266889 0.0224951 0.0186676 0.0152748 0.012319 0.00977344
 1.03956e-16 2.07431e-05 0.00012171 0.000578481 0.00222706 0.00694476 0.0175422 0.0358955 0.059508 0.0799395 0.0870476 0.0769193 0.0553606 0.0329135 0.0171061 0.0094709 0.00785956 0.00969546 0.0133697 0.0180894 0.023365 0.028712 0.0335925 0.0374825 0.0399775 0.0408766 0.0402171 0.0382427 0.0353255 0.0318668 0.0282137 0.0246127 0.0212036 0.0180444 0.0151473 0.0125099
 1.05334e-16 1.50792e-05 8.84498e-05 0.00042034 0.00161815 0.00504587 0.0127459 0.0260826 0.0432456 0.0581105 0.0633224 0.056061 0.0405803 0.024592 0.0136369 0.00891396 0.00894877 0.0119341 0.0167161 0.0226577 0.0292525 0.0359157 0.0419758 0.0467782 0.0498211 0.0508628 0.049963 0.0474419 0.043778 0.039482 0.0349896 0.0306025 0.0264826 0.0226849 0.0192061 0.0160275
 1.05683e-16 2.09669e-05 0.00012303 0.000584768 0.00225129 0.00702034 0.017733 0.0362855 0.0601527 0.0807998 0.0879698 0.0776992 0.0558459 0.03305 0.0168996 0.00891921 0.00691484 0.00827113 0.0113728 0.0154601 0.0201139 0.0249481 0.029534 0.0334435 0.0363297 0.0379934 0.0384114 0.0377154 0.0361358 0.0339309 0.031329 0.0284985 0.0255478 0.0225454 0.0195451 0.0166045
 1.03727e-16 2.59108e-05 0.000152056 0.000722766 0.00278262 0.00867728 0.0219183 0.0448487 0.0743458 0.0998565 0.108696 0.0959539 0.0688537 0.0405203 0.0202959 0.010018 0.00692273 0.00772926 0.0104085 0.0140176 0.0180726 0.0221708 0.02589 0.0288263 0.0306746 0.031293 0.0307275 0.0291846 0.0269662 0.0243897 0.0217204 0.0191351 0.0167204 0.0144952 0.0124437 0.0105443
 1.03623e-16 1.79727e-05 0.000105436 0.000501092 0.00192906 0.00601544 0.0151949 0.0310936 0.0515516 0.0692642 0.0754572 0.0667585 0.048224 0.029024 0.0157318 0.00973631 0.00923566 0.012036 0.0167382 0.0225861 0.029014 0.0353981 0.0410378 0.0452635 0.047579 0.0477742 0.0459656 0.0425495 0.0380885 0.0331722 0.0282962 0.0237947 0.0198302 0.016429 0.0135365 0.0110699
 1.03259e-16 2.69675e-05 0.000158263 0.00075228 0.00289627 0.0090317 0.0228134 0.0466801 0.0773802 0.103928 0.113117 0.0998301 0.071578 0.0420087 0.0208295 0.00993379 0.00642718 0.00688468 0.00919942 0.0124161 0.0160807 0.0198427 0.0233377 0.0262106 0.0281806 0.0290971 0.0289631 0.0279168 0.0261823 0.0240075 0.0216113 0.0191548 0.0167379 0.0144145 0.0122136 0.0101575
 1.02738e-16 2.29182e-05 0.000134477 0.000639174 0.00246074 0.00767347 0.0193828 0.0396618 0.0657513 0.0883246 0.0961737 0.0849724 0.0611322 0.0362949 0.0187693 0.0102357 0.00830365 0.0101065 0.0138461 0.0186274 0.023896 0.0291124 0.0336909 0.0370764 0.038862 0.0388812 0.0372414 0.0342834 0.0304859 0.0263474 0.0222849 0.0185762 0.0153522 0.0126268 0.0103443 0.00842533
 1.02527e-16 2.6215e-05 0.00015384 0.000731245 0.00281526 0.00877906 0.0221754 0.0453749 0.0752183 0.101029 0.109975 0.0970882 0.0696793 0.0410297 0.0205944 0.0102365 0.00716316 0.00805654 0.0108618 0.0146176 0.0188208 0.0230448 0.0268393 0.0297737 0.0315216 0.031931 0.0310521 0.0291099 0.0264367 0.0233876 0.0202679 0.0172914 0.0145744 0.0121554 0.0100263 0.00816174
 1.0258e-16 2.28393e-05 0.000134014 0.000636974 0.00245227 0.00764706 0.0193161 0.0395253 0.0655249 0.0880203 0.0958421 0.0846787 0.0609194 0.0361657 0.0186975 0.0101894 0.00825935 0.0100519 0.0137771 0.0185463 0.0238109 0.0290373 0.0336444 0.0370796 0.0389339 0.0390339 0.0374763 0.0345887 0.0308372 0.0267111 0.022624 0.0188565 0.0155482 0.0127252 0.0103452 0.00834035
 1.04219e-16 1.48818e-05 8.7288e-05 0.00041481 0.00159684 0.00497943 0.0125781 0.0257395 0.0426778 0.0573507 0.0625027 0.0553549 0.0401118 0.0243929 0.0136787 0.0091671 0.00941664 0.012652 0.0177312 0.0240058 0.0309372 0.0378935 0.0441486 0.0489973 0.0519035 0.0526161 0.0512153 0.0480671 0.0437138 0.0387349 0.0336286 0.0287443 0.0242727 0.0202777 0.0167488 0.0136474
 1.07074e-16 1.40464e-05 8.23924e-05 0.000391557 0.00150735 0.00470037 0.0118731 0.0242962 0.0402829 0.0541265 0.0589735 0.0521931 0.0377421 0.0227965 0.0125085 0.00798641 0.00785291 0.0104317 0.0146723 0.0200273 0.0260921 0.0324027 0.0384123 0.0435666 0.0474112 0.0496775 0.050321 0.049496 0.047486 0.0446159 0.0411786 0.0373976 0.0334263 0.0293709 0.0253203 0.0213664
 1.06517e-16 2.19236e-05 0.000128649 0.00061149 0.00235418 0.00734122 0.0185435 0.0379436 0.0629002 0.0844867 0.0919739 0.0812122 0.0583194 0.0344104 0.0174041 0.00887579 0.00651189 0.00756311 0.0103373 0.0140542 0.0183112 0.0227599 0.0270195 0.0307111 0.0335273 0.0352902 0.0359751 0.0356907 0.034627 0.0329931 0.0309666 0.0286707 0.0261783 0.0235339 0.0207795 0.0179723
 1.0434e-16 2.23559e-05 0.000131179 0.000623501 0.0024004 0.00748534 0.0189076 0.0386892 0.0641383 0.0861561 0.093808 0.0828716 0.0595975 0.0353375 0.0181901 0.00978782 0.00779378 0.00941141 0.0128946 0.0173896 0.0223871 0.0274015 0.0319049 0.0353931 0.0374898 0.0380289 0.0370849 0.0349369 0.0319841 0.0286423 0.0252562 0.0220519 0.0191335 0.0165126 0.014152 0.0120043
 1.02785e-16 2.62132e-05 0.00015383 0.000731194 0.00281507 0.00877846 0.0221738 0.0453718 0.0752132 0.101023 0.109968 0.0970826 0.0696768 0.0410312 0.0206005 0.0102477 0.00718024 0.00807992 0.0108907 0.0146491 0.0188494 0.0230622 0.0268353 0.0297382 0.0314472 0.0318159 0.0309024 0.0289402 0.0262691 0.0232484 0.0201834 0.0172829 0.0146545 0.0123256 0.0102774 0.0084754
 1.02182e-16 2.54132e-05 0.000149129 0.00070884 0.00272898 0.00851 0.0214958 0.0439848 0.0729153 0.0979404 0.106624 0.0941573 0.0676354 0.0399457 0.020271 0.010437 0.00775511 0.00901955 0.012233 0.0164354 0.0210858 0.0256965 0.029748 0.0327492 0.0343381 0.0343636 0.0329156 0.0302905 0.0269077 0.023207 0.0195593 0.0162157 0.0132996 0.0108316 0.00877006 0.0070495
 1.02748e-16 2.10345e-05 0.000123417 0.000586585 0.00225825 0.00704201 0.0177879 0.0363985 0.0603431 0.0810646 0.0882816 0.0780306 0.0562059 0.0335067 0.017579 0.00999082 0.00857467 0.0107209 0.0147862 0.0199348 0.025617 0.0312715 0.0362783 0.0400439 0.0421257 0.0423301 0.0407507 0.0377275 0.0337501 0.029336 0.0249263 0.0208249 0.0171887 0.0140565 0.0113948 0.0091417
 1.0362e-16 2.1418e-05 0.000125673 0.00059732 0.0022996 0.00717097 0.0181135 0.0370646 0.0614456 0.0825409 0.0898767 0.0794104 0.0571343 0.0339295 0.017563 0.00960995 0.00784407 0.00959816 0.0132077 0.0178562 0.0230474 0.0282966 0.0330686 0.0368432 0.0392201 0.0400033 0.0392347 0.0371631 0.0341656 0.0306489 0.0269655 0.0233656 0.0199912 0.0168994 0.0140983 0.0115789
 1.04105e-16 2.03671e-05 0.000119501 0.000567977 0.00218661 0.00681863 0.0172236 0.0352438 0.0584282 0.0784908 0.0854751 0.0755416 0.0543948 0.0323909 0.0169288 0.0095219 0.008069 0.010045 0.0138685 0.0187492 0.0241846 0.0296681 0.0346371 0.0385469 0.0409822 0.0417452 0.0408908 0.0386915 0.0355523 0.0319053 0.0281189 0.0244485 0.0210307 0.0179102 0.0150811 0.0125221
 1.0332e-16 2.61135e-05 0.000153246 0.000728425 0.00280441 0.00874524 0.0220899 0.0451999 0.0749276 0.100637 0.109544 0.0966977 0.0693773 0.0408081 0.0204027 0.0100099 0.00684162 0.00759024 0.0102129 0.0137651 0.0177692 0.0218321 0.0255407 0.0284972 0.0303962 0.0310878 0.0306034 0.0291312 0.0269553 0.0243805 0.0216678 0.0189996 0.0164756 0.014133 0.0119747 0.00999435
 1.02648e-16 2.41566e-05 0.000141751 0.000673758 0.0025939 0.00808876 0.0204318 0.0418078 0.0693075 0.0930973 0.101359 0.0895264 0.064349 0.0380853 0.0194759 0.0102709 0.00792974 0.00941657 0.0128357 0.0172644 0.0221629 0.027028 0.0313187 0.0345217 0.0362583 0.036369 0.0349456 0.032294 0.0288479 0.0250607 0.021314 0.0178642 0.0148357 0.0122474 0.0100561 0.00819616
 1.03232e-16 2.02692e-05 0.000118924 0.000565225 0.00217601 0.00678555 0.0171401 0.0350731 0.0581461 0.0781144 0.085072 0.0752015 0.0541851 0.0323364 0.0170285 0.00977927 0.00850809 0.0107075 0.0147991 0.0199779 0.0257089 0.0314404 0.0365586 0.0404734 0.0427401 0.0431575 0.0418051 0.0390047 0.0352257 0.0309669 0.0266547 0.022585 0.0189144 0.0156881 0.0128845 0.0104569
 1.03473e-16 2.41571e-05 0.000141758 0.000673804 0.00259409 0.00808937 0.0204333 0.0418105 0.0693105 0.0930973 0.101348 0.0894913 0.064268 0.0379261 0.019191 0.00979581 0.00718511 0.0083177 0.0113097 0.0152738 0.0197307 0.0242575 0.0283984 0.0317119 0.0338557 0.034659 0.03415 0.0325306 0.0301107 0.0272251 0.0241643 0.0211349 0.0182551 0.0155751 0.0131073 0.0108523
 1.03138e-16 2.32871e-05 0.000136646 0.000649491 0.00250047 0.00779739 0.0196958 0.040302 0.0668115 0.0897457 0.097713 0.0863131 0.0620548 0.0367587 0.0188557 0.0100392 0.00786773 0.00942166 0.0128787 0.0173506 0.0223137 0.0272737 0.0316957 0.0350684 0.0370103 0.0373529 0.0361728 0.0337564 0.0305162 0.026886 0.0232321 0.019803 0.0167231 0.0140189 0.0116608 0.00960035
 1.0495e-16 1.10649e-05 6.48734e-05 0.000308235 0.00118648 0.00369972 0.00934572 0.0191264 0.0317184 0.0426405 0.046516 0.0413032 0.0301617 0.0188051 0.0113765 0.00885128 0.0102442 0.0142992 0.0201799 0.0273387 0.0352185 0.0431099 0.0501863 0.0556448 0.0588782 0.0596078 0.0579349 0.0542882 0.0492958 0.043625 0.0378459 0.0323529 0.0273547 0.0229125 0.0190015 0.0155661
 1.08537e-16 1.453e-05 8.5239e-05 0.000405106 0.00155954 0.00486315 0.0122841 0.0251368 0.0416738 0.0559877 0.0609809 0.0539208 0.0388856 0.0232764 0.0123932 0.00734767 0.00668318 0.00864907 0.0121718 0.01674 0.0220365 0.0277204 0.0333798 0.0385774 0.0429247 0.0461466 0.0481134 0.0488311 0.048401 0.0469697 0.0446884 0.0416961 0.038124 0.0341102 0.0298125 0.0254095
pSPR Fmed_Fpbrs
0.354289   0.255738 0.255738
Fs Fmed_Fpbrs
0.68   1.005 1.005
SSBpbr Bo_Bmed_Bpbrs
1.82242e+06  554540  374939 374939
Ro
42304.4
SPR SPRFo_SPRFmed_SPRFpbrs
873769 309566 223455
log_Ro
10.4726
likeval ReclasPelacesDesembMPH_pf_preclas_ppelaces_ptallas_desvR_qrecl_qpela
 114.151 84.2667 0.00435216 0.00201298 358.87 220.699 88.7204 0 14.6764 0 0 0 0 0 0
q_reclas_q_pelaces
1 1
M
0.7
N
 42287.9 19175.2 7198.3 855.999 0.277902
 44497.2 18065.7 7047.28 2645.53 314.7
 22936.5 18828.4 6513.64 2540.92 1067.32
 26342.1 8075.27 4699.79 1625.88 900.659
 53029.3 12007.8 3379.03 1966.59 1057.21
 40677.7 25879.2 5758.92 1620.57 1450.2
 80851.4 16328.9 8397.66 1868.74 996.449
 86718.6 35639.6 6389.3 3285.9 1121.11
 129811 35152.4 11793 2114.19 1458.26
 138692 53317.8 11942.1 4006.37 1213.65
 72314.7 60404.4 20366.2 4561.63 1993.94
 40749 27515.6 17610.8 5937.76 1911.27
 46816 15737.1 8264.21 5289.35 2357.43
 28552.8 15990.1 3696.95 1941.43 1796.38
 19992.9 7365.76 2142.87 495.437 500.912
 17075.8 5720.52 1214.35 353.281 164.262
 14403.3 6696.75 1771.78 376.111 160.295
 15728.4 5967.14 2314.62 612.386 185.4
 16476.1 6873.92 2295.16 890.281 306.855
 30915.6 7293.08 2712.22 905.594 472.35
 43416.1 13732.2 2897.6 1077.59 547.468
 47106.6 20518 6176.08 1303.2 730.873
 79626.8 21889.3 8921.61 2685.48 884.455
 109495 36435.8 9229.49 3761.74 1505.24
 46102.4 50474.9 15591.8 3949.52 2253.86
 48923.7 21300.4 21697.5 6702.38 2666.63
pred_Ctot
 4285.93 3646.63 1368.93 162.789 0.0528498
 4776.99 3625.07 1414.11 530.853 63.1479
 4896.09 7002.47 2422.48 944.991 396.946
 1562.04 922.945 537.152 185.826 102.939
 658.66 296.015 83.2993 48.48 26.0621
 5675.26 6608.85 1470.67 413.851 370.343
 6576.58 2524.45 1298.28 288.907 154.051
 11591.3 8753.16 1569.23 807.025 275.348
 16317.2 8161.26 2737.96 490.848 338.562
 12357 8984.12 2012.26 675.079 204.502
 12345.2 18489.8 6234.12 1396.32 610.344
 6609.39 8047.75 5150.81 1736.67 559.007
 10739.3 6221.69 3267.27 2091.15 932.012
 10241 9024.39 2086.46 1095.69 1013.83
 6288.27 3762.7 1094.66 253.087 255.884
 2617.25 1590.43 337.615 98.2201 45.6684
 1734.62 1494.74 395.468 83.9496 35.7785
 1366.38 981.78 380.827 100.757 30.5041
 1295.61 1029.13 343.62 133.289 45.9409
 2361.41 1062.12 394.992 131.885 68.7903
 1513.09 936.703 197.652 73.5047 37.3441
 2185.17 1849.48 556.708 117.47 65.8804
 4518.97 2398.22 977.461 294.224 96.9019
 5670.71 3654.31 925.668 377.282 150.967
 2317.2 4917.78 1519.11 384.802 219.594
 2662.74 2241.35 2283.14 705.265 280.599
F
 0.150487 0.300974 0.300974 0.300974 0.300974
 0.160058 0.320116 0.320116 0.320116 0.320116
 0.343924 0.687849 0.687849 0.687849 0.687849
 0.0856095 0.171219 0.171219 0.171219 0.171219
 0.0174042 0.0348084 0.0348084 0.0348084 0.0348084
 0.212744 0.425487 0.425487 0.425487 0.425487
 0.119156 0.238311 0.238311 0.238311 0.238311
 0.202976 0.405952 0.405952 0.405952 0.405952
 0.18981 0.379619 0.379619 0.379619 0.379619
 0.131196 0.262392 0.262392 0.262392 0.262392
 0.266273 0.532546 0.532546 0.532546 0.532546
 0.25141 0.50282 0.50282 0.50282 0.50282
 0.374256 0.748511 0.748511 0.748511 0.748511
 0.654912 1.30982 1.30982 1.30982 1.30982
 0.551318 1.10264 1.10264 1.10264 1.10264
 0.236038 0.472076 0.472076 0.472076 0.472076
 0.181188 0.362376 0.362376 0.362376 0.362376
 0.127732 0.255464 0.255464 0.255464 0.255464
 0.114984 0.229968 0.229968 0.229968 0.229968
 0.111522 0.223044 0.223044 0.223044 0.223044
 0.0495283 0.0990566 0.0990566 0.0990566 0.0990566
 0.0664127 0.132825 0.132825 0.132825 0.132825
 0.0817977 0.163595 0.163595 0.163595 0.163595
 0.0744053 0.148811 0.148811 0.148811 0.148811
 0.0721396 0.144279 0.144279 0.144279 0.144279
 0.0783274 0.156655 0.156655 0.156655 0.156655
Np
 32505.9 9766.15 4083.42 1643.9 1978.93
YTP_r0W_actual
 23964.7 56930.3 80594.8 29198 12626.9
YTP_p0W_proyectada
 77920.3 234027 136959 178168 87006.4
 77920.3 101740 61840 31793.2 42472.4
CTP_r0_actual
 2662.74 2241.35 2283.14 705.265 280.599
CTP_p0_proyectada
 9502.48 10834.6 4361.77 4443.09 1955.2
 9502.48 4710.2 1969.43 792.849 954.436
Wmedp
 8.2 21.6 31.4 40.1 44.5
nmprior
 10.6 11 7 0
nm_flota  nm_reclas  nm_pelaces    nm_pelaL
inf 15.3271 12.0356 32.5577
cv_recla  cv_pelaces  cv_mph
0.945176 1.00558 1.2211
 ------------------------------------------------
Talla a la edad & desviaci?n 
 7.2 14.2025 17.0495 18.207 18.6776
 1.08 2.13037 2.55742 2.73105 2.80164
