years
 1997 1998 1999 2000 2001 2002 2003 2004 2005 2006 2007 2008 2009 2010 2011 2012 2013 2014 2015 2016 2017 2018 2019 2020 2021
reclasobs
 0 0 0 370054 412103 1.49427e+06 250295 1.28982e+06 931140 785840 897777 1.04006e+06 184774 17550 25797 100020 73551 82996 120727 218422 84188 347160 605670 569463 516374
reclaspred
 2.81485e+06 689614 1.4833e+06 605868 302579 1.07708e+06 4.23697e+06 3.14067e+06 3.63927e+06 3.2505e+06 4.50077e+06 4.56612e+06 3.31719e+06 2.08167e+06 1.32281e+06 751588 534283 509723 513712 602974 493096 554219 1.28328e+06 1.37912e+06 1.8734e+06
pelacesobs
 0 0 0 0 0 0 0 0 0 2.06254e+06 1.5e+06 0 1.87456e+06 323000 250000 174000 83755 137374 0 501740 490994 745055 786931 1.00524e+06 1.33801e+06
pelacespred
 2.38232e+06 872570 517000 481053 215543 431461 1.50925e+06 2.22573e+06 2.20645e+06 2.07572e+06 2.69456e+06 2.7453e+06 2.10179e+06 1.38901e+06 841331 482924 325631 282095 298759 323079 311902 309407 553567 773194 985598
mphobs
 0 0 0 0 0 112323 0 153150 637223 0 255016 313432 73983 77613 109348 50772 17779 17303 59886 28197 0 207744 136588 643089 65757
mphpred
 1.82794e+06 1.49951e+06 886731 827237 368772 316437 2.5553e+06 2.7013e+06 3.56562e+06 2.8672e+06 3.48776e+06 4.57104e+06 3.38492e+06 2.37703e+06 1.44082e+06 820940 489277 434889 429770 538804 461613 416451 839713 1.12348e+06 1.50739e+06
desembarqueobs
 350755 77701 442110 56441 14545 235359 269955 359681 431902 328805 639364 411747 362871 311530 167758 66681 60226 58785 57116 73181 50977 67692 138656 160484 209506
desembarquepred
 319925 78519 168892 68985.6 34451.2 122266 482416 356999 414265 369723 511858 519835 377587 237017 150616 85571.6 60791.9 58008.3 58435.5 68645.6 56106.5 63011.2 146041 156892 213196
Reclutas
 210082 4325.33 651.347 458.005 1259.74 412376 9168.54 415211 78595.3 325308 484074 64329.6 105851 8434.48 3194.66 6590.77 28742.6 18643 46297.6 7888.9 26663 112406 84290.1 125513 74259.6
log_desv_Rt
 1.97947 -1.90354 -3.79674 -4.1489 -3.13712 2.65391 -1.15225 2.66076 0.996284 2.41674 2.81421 0.795992 1.29401 -1.2357 -2.20655 -1.48236 -0.00964896 -0.442555 0.467062 -1.30257 -0.0847527 1.35409 1.06624 1.46438 0.939539
SSB
 1.82794e+06 1.49951e+06 886731 827237 368772 316437 2.5553e+06 2.7013e+06 3.56562e+06 2.8672e+06 3.48776e+06 4.57104e+06 3.38492e+06 2.37703e+06 1.44082e+06 820940 489277 434889 429770 538804 461613 416451 839713 1.12348e+06 1.50739e+06
BT
 7.81253e+06 1.71398e+06 1.01794e+06 944173 425655 1.43514e+06 3.0176e+06 5.92543e+06 4.64679e+06 5.04501e+06 6.87292e+06 5.59546e+06 4.44239e+06 2.7422e+06 1.65955e+06 960997 736855 623093 702495 657306 715515 767127 1.24165e+06 1.80255e+06 2.19365e+06
Ftot
 0.110803 0.110803 0.110803 0.110803 0.110803 0.110803 0.110803 0.110803 0.110803 0.110803 0.110803 0.110803 0.110803 0.110803 0.110803 0.110803 0.110803 0.110803 0.110803 0.110803 0.110803 0.110803 0.110803 0.110803 0.110803
BD_Bspro_t
 0.986045 0.915385 0.824939 0.740841 0.666268 0.734277 0.903425 0.843383 0.862343 0.813973 0.835759 0.838941 0.781299 0.743653 0.685184 0.635021 0.606808 0.686023 0.730423 0.791231 0.767644 0.792898 0.856988 0.844852 0.844673
BD_Bspro
 3.0634 2.51299 1.48605 1.38635 0.618016 0.53031 4.28237 4.52703 5.97552 4.80508 5.84505 7.66049 5.6727 3.98361 2.41463 1.37579 0.819967 0.72882 0.72024 0.902969 0.773605 0.69792 1.40725 1.88281 2.5262
BD_Bo
 0.349496 0.286701 0.16954 0.158165 0.0705079 0.0605017 0.488565 0.516478 0.681733 0.548199 0.666847 0.873966 0.647184 0.45448 0.275479 0.156961 0.093548 0.0831493 0.0821704 0.103017 0.0882587 0.0796239 0.16055 0.214806 0.288208
BD_Brms
 1.70059 1.39504 0.824952 0.769603 0.34308 0.294391 2.37728 2.5131 3.3172 2.66745 3.24477 4.25258 3.14909 2.21142 1.34043 0.763745 0.455189 0.404591 0.399828 0.501266 0.429452 0.387437 0.781211 1.04521 1.40237
S_f
 0.5 1 1 1 1
 0.5 1 1 1 1
 0.5 1 1 1 1
 0.5 1 1 1 1
 0.5 1 1 1 1
 0.5 1 1 1 1
 0.5 1 1 1 1
 0.5 1 1 1 1
 0.5 1 1 1 1
 0.5 1 1 1 1
 0.5 1 1 1 1
 0.5 1 1 1 1
 0.5 1 1 1 1
 0.5 1 1 1 1
 0.5 1 1 1 1
 0.5 1 1 1 1
 0.5 1 1 1 1
 0.5 1 1 1 1
 0.5 1 1 1 1
 0.5 1 1 1 1
 0.5 1 1 1 1
 0.5 1 1 1 1
 0.5 1 1 1 1
 0.5 1 1 1 1
 0.5 1 1 1 1
Scru_reclas
 0.5 1 1 1 1
 0.5 1 1 1 1
 0.5 1 1 1 1
 0.5 1 1 1 1
 0.5 1 1 1 1
 0.5 1 1 1 1
 0.5 1 1 1 1
 0.5 1 1 1 1
 0.5 1 1 1 1
 0.5 1 1 1 1
 0.5 1 1 1 1
 0.5 1 1 1 1
 0.5 1 1 1 1
 0.5 1 1 1 1
 0.5 1 1 1 1
 0.5 1 1 1 1
 0.5 1 1 1 1
 0.5 1 1 1 1
 0.5 1 1 1 1
 0.5 1 1 1 1
 0.5 1 1 1 1
 0.5 1 1 1 1
 0.5 1 1 1 1
 0.5 1 1 1 1
 0.5 1 1 1 1
Scru_pelaces
 0.5 1 1 1 1
 0.5 1 1 1 1
 0.5 1 1 1 1
 0.5 1 1 1 1
 0.5 1 1 1 1
 0.5 1 1 1 1
 0.5 1 1 1 1
 0.5 1 1 1 1
 0.5 1 1 1 1
 0.5 1 1 1 1
 0.5 1 1 1 1
 0.5 1 1 1 1
 0.5 1 1 1 1
 0.5 1 1 1 1
 0.5 1 1 1 1
 0.5 1 1 1 1
 0.5 1 1 1 1
 0.5 1 1 1 1
 0.5 1 1 1 1
 0.5 1 1 1 1
 0.5 1 1 1 1
 0.5 1 1 1 1
 0.5 1 1 1 1
 0.5 1 1 1 1
 0.5 1 1 1 1
pf_obs 
 0.256992 0.487395 0.22802 0.0275931 0
 0.321318 0.546541 0.124235 0.00734118 0.000564706
 0.182869 0.594174 0.210203 0.0122559 0.00049798
 0.330522 0.361315 0.267642 0.0388342 0.00168674
 0.649043 0.306663 0.0425973 0.00169635 0
 0.582887 0.30429 0.105238 0.00758474 0
 0.465427 0.430635 0.0974691 0.00646863 0
 0.296916 0.608066 0.0921331 0.00288517 0
 0.311714 0.524322 0.152257 0.0117073 0
 0.15457 0.633149 0.183074 0.0267441 0.00246327
 0.131901 0.49318 0.331252 0.0422183 0.00144891
 0.196976 0.569456 0.194076 0.0375587 0.00193317
 0.518974 0.381816 0.0799577 0.0180837 0.00116848
 0.0928022 0.601141 0.25162 0.0475244 0.00691264
 0.122501 0.610282 0.24278 0.0234846 0.000952079
 0.383417 0.481906 0.127806 0.00687128 0
 0.0376549 0.599619 0.316969 0.0457579 0
 0.0361596 0.667082 0.258105 0.0386534 0
 0.158088 0.579412 0.248529 0.0139706 0
 0.0477256 0.309471 0.559284 0.082774 0.000745712
 0.0406174 0.521527 0.379366 0.0568643 0.0016247
 0.151134 0.462217 0.34131 0.0453401 0
 0.294876 0.26143 0.354403 0.0886775 0.000613685
 0.281977 0.475581 0.204845 0.0348837 0.00271318
 0.0841818 0.532909 0.334909 0.0458182 0.00218182
pf_pred 
 0.758432 0.121609 0.0603891 0.0299884 0.0295815
 0.019074 0.849765 0.0660286 0.0327888 0.032344
 0.00629359 0.0383348 0.827627 0.0643085 0.0634361
 0.00979293 0.0127744 0.037707 0.814073 0.125652
 0.0565792 0.0188683 0.0119275 0.0352068 0.877418
 0.975188 0.00273252 0.000441596 0.000279152 0.0213592
 0.0233841 0.964721 0.00130997 0.000211702 0.0103734
 0.699212 0.0141621 0.283135 0.000384463 0.00310662
 0.14586 0.706797 0.00693743 0.138696 0.00171014
 0.540397 0.119757 0.281221 0.00276027 0.0558649
 0.534627 0.329549 0.0353912 0.0831075 0.0173252
 0.0924747 0.63828 0.190663 0.0204758 0.058106
 0.237612 0.132456 0.443043 0.132343 0.0545452
 0.0328841 0.378539 0.102258 0.342037 0.144281
 0.0263602 0.0638366 0.356107 0.0961985 0.457498
 0.106352 0.0472849 0.0554917 0.309555 0.481316
 0.483844 0.101766 0.0219263 0.0257318 0.366732
 0.317943 0.44962 0.0458278 0.00987393 0.176736
 0.570343 0.21066 0.144365 0.0147145 0.0599172
 0.119786 0.644814 0.115416 0.0790946 0.0408891
 0.446866 0.121276 0.316364 0.0566263 0.0588675
 0.741794 0.161395 0.0212261 0.0553713 0.0202142
 0.4116 0.503473 0.0530845 0.0069815 0.0248609
 0.489542 0.301554 0.178752 0.018847 0.0113052
 0.299965 0.465045 0.138821 0.0822886 0.0138806
pobs_RECLAS
 0 0 0 0 0
 0 0 0 0 0
 0 0 0 0 0
 0 0 0 0 0
 0.835266 0.146461 0.0176864 0.000547809 3.91292e-05
 0.385257 0.428462 0.181853 0.0044286 0
 0.867414 0.0963971 0.0333333 0.00285562 0
 0.441836 0.489002 0.0689373 0.000224442 0
 0.779404 0.147425 0.0564933 0.0165055 0.000172143
 0.814271 0.122319 0.05973 0.00367925 0
 0.40263 0.566651 0.0304383 0.000280538 0
 0.475488 0.404961 0.113038 0.00651328 0
 0.955842 0.0263864 0.0167828 0.000988607 0
 0.975058 0.0227948 0.00214734 0 0
 0.738997 0.206755 0.0527124 0.00153531 0
 0.850938 0.134255 0.0134407 0.00136685 0
 0.542534 0.407297 0.0501686 0 0
 0.764087 0.199537 0.0359546 0.000420521 0
 0.470689 0.182191 0.310203 0.0369168 0
 0.84361 0.089868 0.0606195 0.00523954 0.000663233
 0.607945 0.314616 0.071237 0.00620181 0
 0.523733 0.453247 0.0230204 0 0
 0.530135 0.295979 0.169645 0.0042399 0
 0.562478 0.366248 0.0663022 0.0049721 0
 0.250443 0.683176 0.0655157 0.000865301 0
ppred_RECLAS
 0.759087 0.121279 0.0602254 0.029907 0.0295013
 0.0191411 0.849706 0.0660241 0.0327866 0.0323418
 0.00631602 0.0383339 0.827608 0.064307 0.0634346
 0.0098277 0.012774 0.0377056 0.814045 0.125648
 0.0567706 0.0188645 0.011925 0.0351997 0.87724
 0.975274 0.002723 0.000440057 0.000278179 0.0212848
 0.023466 0.96464 0.00130987 0.000211684 0.0103726
 0.699964 0.0141267 0.282427 0.000383502 0.00309885
 0.146306 0.706427 0.0069338 0.138624 0.00170925
 0.541286 0.119526 0.280677 0.00275493 0.0557569
 0.535517 0.328919 0.0353235 0.0829485 0.017292
 0.0927755 0.638069 0.1906 0.020469 0.0580867
 0.238261 0.132343 0.442666 0.13223 0.0544988
 0.0329982 0.378495 0.102246 0.341997 0.144264
 0.0264523 0.0638306 0.356073 0.0961894 0.457455
 0.106693 0.0472669 0.0554706 0.309437 0.481132
 0.484738 0.10159 0.0218883 0.0256873 0.366096
 0.31872 0.449108 0.0457756 0.00986269 0.176534
 0.57122 0.21023 0.144071 0.0146845 0.059795
 0.120164 0.644538 0.115366 0.0790607 0.0408716
 0.447751 0.121082 0.315858 0.0565358 0.0587733
 0.742479 0.160967 0.0211698 0.0552245 0.0201606
 0.412468 0.502731 0.0530063 0.00697121 0.0248243
 0.490437 0.301025 0.178438 0.018814 0.0112854
 0.300717 0.464545 0.138672 0.0822002 0.0138657
pobs_PELACES
 0 0 0 0 0
 0 0 0 0 0
 0 0 0 0 0
 0 0 0 0 0
 0 0 0 0 0
 0 0 0 0 0
 0 0 0 0 0
 0 0 0 0 0
 0 0 0 0 0
 0 0 0 0 0
 0.450072 0.473896 0.0757376 0.000293798 0
 0 0 0 0 0
 0.463077 0.371075 0.160297 0.00555027 0
 0.529543 0.364841 0.0842815 0.0213345 0
 0.631943 0.363953 0.00410389 0 0
 0.735681 0.248677 0.0153453 0.000297389 0
 0.695825 0.281241 0.0229344 0 0
 0.275771 0.60734 0.115278 0.00161068 0
 0 0 0 0 0
 0.896147 0.0623911 0.0374545 0.00400742 0
 0.803859 0.145111 0.0509908 3.86294e-05 0
 0.739449 0.233085 0.0266225 0.000797448 4.60066e-05
 0.878498 0.100942 0.0204185 0.000141795 0
 0.694673 0.275183 0.0284847 0.00165964 0
 0.469039 0.446079 0.0841089 0.000773354 0
ppred_PELACES
 0.762415 0.119604 0.0593935 0.0294939 0.0290938
 0.0194874 0.849406 0.0660008 0.032775 0.0323304
 0.0064318 0.0383294 0.827512 0.0642995 0.0634272
 0.0100072 0.0127717 0.0376988 0.813897 0.125625
 0.0577575 0.0188447 0.0119126 0.0351629 0.876322
 0.975711 0.00267487 0.000432279 0.000273262 0.0209085
 0.0238886 0.964222 0.0013093 0.000211592 0.0103681
 0.70379 0.0139466 0.278826 0.000378612 0.00305934
 0.148604 0.704525 0.00691514 0.13825 0.00170464
 0.545822 0.118344 0.277901 0.00272769 0.0552055
 0.540062 0.325701 0.0349779 0.0821369 0.0171228
 0.0943258 0.636979 0.190274 0.0204341 0.0579875
 0.241595 0.131764 0.440729 0.131652 0.0542602
 0.0335865 0.378264 0.102184 0.341789 0.144176
 0.0269272 0.0637995 0.355899 0.0961425 0.457232
 0.108448 0.047174 0.0553616 0.308829 0.480187
 0.489306 0.100689 0.0216943 0.0254596 0.362851
 0.322703 0.446482 0.045508 0.00980503 0.175502
 0.575692 0.208037 0.142568 0.0145314 0.0591713
 0.12211 0.643112 0.115111 0.0788858 0.0407811
 0.452276 0.120089 0.31327 0.0560725 0.0582917
 0.745959 0.158791 0.0208837 0.0544782 0.0198881
 0.416905 0.498934 0.0526059 0.00691856 0.0246368
 0.495006 0.298326 0.176838 0.0186452 0.0111842
 0.304576 0.461982 0.137907 0.0817467 0.0137892
pobs_pel_tallas
 0 0 0 0 0 0 0 0 0 0 0 0 0 0 0 0 0 0 0 0 0 0 0 0 0 0 0 0 0 0 0 0 0 0 0 0
 0 0 0 0 0 0 0 0 0 0 0 0 0 0 0 0 0 0 0 0 0 0 0 0 0 0 0 0 0 0 0 0 0 0 0 0
 0 0 0 0 0 0 0 0 0 0 0 0 0 0 0 0 0 0 0 0 0 0 0 0 0 0 0 0 0 0 0 0 0 0 0 0
 0 0 0 0 0 0 0 0 0 0 0 0 0 0 0 0 0 0 0 0 0 0 0 0 0 0 0 0 0 0 0 0 0 0 0 0
 0 0 0 0 0 0 0 0 0 0 0 0 0 0 0 0 0 0 0 0 0 0 0 0 0 0 0 0 0 0 0 0 0 0 0 0
 0 0 0 0 0 0 0 0 0 0 0 0 0 0 0 0 0 0 0 0 0 0 0 0 0 0 0 0 0 0 0 0 0 0 0 0
 0 0 0 0 0 0 0 0 0 0 0 0 0 0 0 0 0 0 0 0 0 0 0 0 0 0 0 0 0 0 0 0 0 0 0 0
 0 0 0 0 0 0 0 0 0 0 0 0 0 0 0 0 0 0 0 0 0 0 0 0 0 0 0 0 0 0 0 0 0 0 0 0
 0 0 0 0 0 0 0 0 0 0 0 0 0 0 0 0 0 0 0 0 0 0 0 0 0 0 0 0 0 0 0 0 0 0 0 0
 0 0 0 0 0 0 0 0 0 0 0 0 0 0 0 0 0 0 0 0 0 0 0 0 0 0 0 0 0 0 0 0 0 0 0 0
 0 0 0 0 0 0 0 0 1.78061e-05 0.00172719 0.00360574 0.0105946 0.0120993 0.0124554 0.0147524 0.0171206 0.0266825 0.0428682 0.0675386 0.121331 0.153587 0.119568 0.100827 0.0573624 0.0630603 0.0341343 0.0324427 0.0444173 0.0211091 0.0280891 0.0125444 0.00206551 0 0 0 0
 0 0 0 0 0 0 0 0 0 0 0 0 0 0 0 0 0 0 0 0 0 0 0 0 0 0 0 0 0 0 0 0 0 0 0 0
 0 0 0 0 0 0 0.0133647 0.0140871 0.0187388 0.0205184 0.03894 0.0496705 0.03968 0.0493445 0.0407372 0.0367815 0.0215668 0.0243155 0.0234873 0.0199281 0.019796 0.0243948 0.0301388 0.0376714 0.0412746 0.0863199 0.0771752 0.113111 0.0741005 0.0525337 0.0229764 0.00759418 0.00175318 0 0 0
 0 0 0 0 0 0 0 0 0 0 0.00219441 0.00772107 0.0458388 0.0604681 0.0671733 0.0775358 0.0609151 0.0617685 0.073594 0.0568108 0.0755445 0.0548602 0.0670107 0.0636378 0.0643287 0.046367 0.0373049 0.0286899 0.0247887 0.0153202 0.00654259 0.00121912 0.000365735 0 0 0
 0 0 0 0 0 0 0 0 0 0 0 0 0.000112435 0.00938835 0.0111873 0.0202946 0.0414886 0.0713402 0.111592 0.104902 0.108894 0.110636 0.117776 0.105296 0.107544 0.0401394 0.0192827 0.0124803 0.00416011 0.0028671 0.000618394 0 0 0 0 0
 0 0 0 0 0 0 0 0 0 0 0.00291406 0.0102884 0.027416 0.0768956 0.0749926 0.110853 0.0956884 0.0897413 0.0766577 0.0534642 0.0500743 0.0551293 0.0594112 0.0620874 0.0668451 0.0424026 0.0208742 0.0120726 0.0048766 0.00582813 0.00118941 0.000297354 0 0 0 0
 0 0.00264628 0.0354308 0.0461629 0.0458689 0.0383711 0.0214643 0.0164657 0.0346957 0.0420465 0.0363128 0.0245516 0.0311673 0.0291091 0.0169068 0.0133784 0.00837989 0.0085269 0.0148486 0.0160247 0.0276389 0.0546898 0.0760071 0.122758 0.109233 0.0665981 0.0333725 0.0166128 0.00676272 0.00308733 0.000882094 0 0 0 0 0
 0 0 0 0 0 0 0 0.000805153 0.000690131 0.00759144 0.0133425 0.0154129 0.00931677 0.000345066 0.00356568 0.00563607 0.00851162 0.0253048 0.0502646 0.0516448 0.0657925 0.0565908 0.0611916 0.0827007 0.0866115 0.110766 0.145733 0.0935128 0.0569358 0.0249597 0.0138026 0.00621118 0.00161031 0.00115022 0 0
 0 0 0 0 0 0 0 0 0 0 0 0 0 0 0 0 0 0 0 0 0 0 0 0 0 0 0 0 0 0 0 0 0 0 0 0
 0.00147267 0.00158595 0.00478618 0.00569244 0.00954404 0.0108468 0.00647125 0.017049 0.0510054 0.094081 0.124002 0.0959785 0.0687766 0.0820023 0.061753 0.0591476 0.0492212 0.0479892 0.0443925 0.0268479 0.0217502 0.0140895 0.0121071 0.0120363 0.00920419 0.00665534 0.0049561 0.00860946 0.00930331 0.0156896 0.0114698 0.00855282 0.00243557 0.00046729 0 2.83206e-05
 0 0 0 0 0.000772559 0.00158375 0.000888443 0.00281984 0.00712685 0.0440552 0.0773331 0.111326 0.0921469 0.0852325 0.0710754 0.0886704 0.0786465 0.0553345 0.0373146 0.0185414 0.00753245 0.00457741 0.012979 0.0271748 0.0457355 0.0583668 0.034881 0.0177882 0.00938659 0.00492506 0.0015258 0.00185414 0.000309023 5.79419e-05 3.86279e-05 0
 0 0.00173294 0.00326652 0 0.00397197 0.00683976 0.00946217 0.0152591 0.00757587 0.0136028 0.0228656 0.0392903 0.0559909 0.0764795 0.0681675 0.0726916 0.0566044 0.0477403 0.0527397 0.0444891 0.0609904 0.0582453 0.0661739 0.0445044 0.0529084 0.0360697 0.0280645 0.0235558 0.0158879 0.00826598 0.00280645 0.00217768 0.000904811 0.00058276 9.20147e-05 0
 0 0 0 0 0 0 0 0 0 0 0 0 0 0 0 0 0 0 0 0 0 0 0 0 0 0 0 0 0 0 0 0 0 0 0 0
 0 0 0 0 0 0 0 0 0 0 0 0 0 0 0 0 0 0 0 0 0 0 0 0 0 0 0 0 0 0 0 0 0 0 0 0
 0 0 0 0 0 0 0 0 0 0 0 0 0 0 0 0 0 0 0 0 0 0 0 0 0 0 0 0 0 0 0 0 0 0 0 0
ppred_pel_tallas
 1.03256e-16 3.32624e-05 0.00019523 0.000928048 0.00357306 0.0111423 0.0281444 0.0575868 0.0954549 0.128189 0.139482 0.123004 0.0879855 0.0512191 0.0246159 0.0104349 0.0050269 0.00410705 0.00506073 0.00676201 0.00878493 0.0109063 0.0129323 0.0146797 0.0160019 0.0168163 0.0171154 0.0169559 0.0164337 0.0156525 0.0146991 0.0136317 0.0124819 0.0112659 0.00999801 0.00869988
 1.03851e-16 8.9686e-07 5.14852e-06 2.42309e-05 9.28829e-05 0.000289292 0.000731678 0.00150383 0.00251819 0.00345872 0.00396641 0.00398062 0.00390082 0.00439758 0.00609678 0.00943276 0.0146802 0.0219842 0.0312885 0.0422111 0.0539665 0.0654011 0.0751635 0.0819735 0.0849172 0.0836671 0.0785578 0.0704838 0.0606641 0.0503522 0.0405854 0.0320401 0.0250086 0.0194715 0.0152183 0.0119656
 1.16933e-16 2.96572e-07 1.69428e-06 7.96418e-06 3.05142e-05 9.49805e-05 0.000239931 0.000491926 0.000819632 0.00111378 0.00124663 0.00118263 0.00103032 0.000981063 0.00121114 0.00184814 0.00300637 0.00482962 0.00750018 0.011216 0.0161514 0.0224109 0.0299828 0.0386983 0.0482069 0.0579771 0.0673311 0.0755134 0.0817871 0.0855439 0.0864014 0.0842701 0.0793715 0.0721997 0.0634404 0.0538614
 1.34376e-16 4.48308e-07 2.5953e-06 1.227e-05 4.71314e-05 0.00014684 0.00037086 0.000759289 0.00126074 0.00169983 0.00186754 0.0016899 0.00130399 0.000956635 0.00084592 0.00106416 0.00165275 0.00267582 0.00425195 0.00654789 0.00975679 0.0140708 0.0196481 0.0265736 0.0348172 0.044196 0.0543507 0.064747 0.0747072 0.0834763 0.0903133 0.0945945 0.0959082 0.094119 0.0893935 0.0821714
 1.42331e-16 2.52998e-06 1.48177e-05 7.03796e-05 0.000270873 0.000844575 0.00213328 0.00436528 0.0072375 0.00972468 0.0105954 0.00937714 0.00678151 0.00410102 0.00227042 0.00150979 0.00161309 0.00235206 0.00365369 0.00558584 0.00829176 0.0119394 0.0166868 0.0226506 0.0298716 0.0382784 0.0476562 0.0576287 0.0676643 0.0771102 0.0852568 0.0914241 0.0950563 0.0958056 0.0935856 0.0885897
 1.00994e-16 4.25583e-05 0.000249816 0.00118758 0.00457236 0.0142586 0.0360158 0.0736914 0.122145 0.164016 0.178428 0.157257 0.112286 0.0649596 0.0304572 0.011594 0.0036218 0.000994853 0.000344262 0.000268328 0.000336084 0.000446403 0.000580633 0.000735408 0.000909005 0.00109897 0.00130134 0.00150992 0.00171574 0.00190714 0.00207047 0.0021918 0.00225894 0.00226366 0.00220321 0.00208111
 1.00825e-16 1.09335e-06 6.29172e-06 2.96428e-05 0.000113681 0.000354123 0.00089557 0.00184 0.00307848 0.00422038 0.00481949 0.00479068 0.00460599 0.00506083 0.00688584 0.0105681 0.0163951 0.0245006 0.0347885 0.0467933 0.0595925 0.0718513 0.0820205 0.0886502 0.0907295 0.0879395 0.0807388 0.0702402 0.0579335 0.0453415 0.0337216 0.023889 0.0161834 0.0105511 0.00668755 0.00418227
 1.04119e-16 3.07024e-05 0.000180209 0.000856654 0.0032982 0.0102852 0.0259793 0.0531562 0.0881086 0.118317 0.128724 0.113476 0.0810829 0.0470269 0.0222814 0.00891017 0.00353275 0.0022034 0.00255308 0.00363105 0.00517553 0.00713833 0.00949252 0.0121724 0.0150575 0.0179733 0.0207042 0.0230165 0.0246901 0.0255522 0.0255068 0.0245527 0.0227856 0.0203821 0.017571 0.0145966
 1.05158e-16 6.52087e-06 3.81803e-05 0.000181298 0.000697685 0.00217538 0.00549559 0.01125 0.0186683 0.0251319 0.0275091 0.0246469 0.0184761 0.0124633 0.00918814 0.0093931 0.0126621 0.0183639 0.0259976 0.0350611 0.0448523 0.0544119 0.0626301 0.0684605 0.0711598 0.0704664 0.0666599 0.0604722 0.05289 0.0449149 0.0373589 0.030731 0.0252255 0.0207912 0.0172368 0.0143324
 1.06657e-16 2.38184e-05 0.000139784 0.00066445 0.00255813 0.00797726 0.0201499 0.0412295 0.0683432 0.0917853 0.0998864 0.088121 0.0631113 0.0368982 0.0180382 0.00818762 0.00478245 0.00480973 0.00645192 0.00894785 0.0120176 0.0154967 0.0192046 0.0229279 0.0264408 0.0295315 0.0320224 0.0337785 0.0347095 0.0347688 0.0339544 0.0323127 0.0299425 0.0269934 0.023655 0.0201376
 1.04226e-16 2.3575e-05 0.000138338 0.000657534 0.00253144 0.00789398 0.0199398 0.0408011 0.0676384 0.0908551 0.0989173 0.0873684 0.0627948 0.0371593 0.018991 0.00999703 0.0076972 0.00912898 0.012444 0.016746 0.0215155 0.0262724 0.0305022 0.0337197 0.0355699 0.0359083 0.0348283 0.0326226 0.0296973 0.0264665 0.0232656 0.020304 0.0176641 0.0153336 0.0132523 0.0113543
 1.06321e-16 4.15184e-06 2.42769e-05 0.000115211 0.000443252 0.00138195 0.00349139 0.00714886 0.0118691 0.0159974 0.0175603 0.0158508 0.0121353 0.00867505 0.00719017 0.00825209 0.0117011 0.017222 0.0245327 0.0332715 0.0428513 0.0524277 0.0609959 0.0675789 0.0714406 0.0722484 0.0701354 0.065635 0.0595231 0.0526212 0.045627 0.0390193 0.0330447 0.027766 0.0231384 0.0190805
 1.13359e-16 1.05535e-05 6.19057e-05 0.000294203 0.00113258 0.00353173 0.00892093 0.0182544 0.0302628 0.0406546 0.0442733 0.0391311 0.0281849 0.0168044 0.00883428 0.00508412 0.00451151 0.0058833 0.00848985 0.012066 0.0165185 0.0217497 0.027592 0.0338014 0.0400745 0.0460725 0.0514464 0.055859 0.059008 0.0606523 0.0606416 0.0589432 0.0556602 0.0510288 0.0453951 0.0391705
 1.20055e-16 1.49202e-06 8.68731e-06 4.11537e-05 0.000158208 0.000493129 0.00124599 0.00255263 0.00424347 0.00573587 0.00633943 0.0058243 0.00467713 0.00375735 0.00375277 0.00496167 0.00743318 0.0111563 0.0161053 0.0221769 0.0291235 0.03654 0.0439141 0.0507216 0.0565329 0.0610904 0.0643324 0.0663518 0.067314 0.0673674 0.0665828 0.0649431 0.0623806 0.0588377 0.0543287 0.0489738
 1.29741e-16 1.18918e-06 6.93761e-06 3.2898e-05 0.000126527 0.000394409 0.000996269 0.00203941 0.00338435 0.00455684 0.00498991 0.00447596 0.0033682 0.00230292 0.0017653 0.00192503 0.00277003 0.00428953 0.00654668 0.00965725 0.013742 0.0188862 0.0251107 0.0323493 0.0404328 0.0490794 0.0578956 0.0663922 0.0740185 0.0802156 0.0844829 0.0864471 0.0859207 0.0829328 0.0777287 0.0707361
 1.3385e-16 4.74209e-06 2.78006e-05 0.000132092 0.000508467 0.00158549 0.00400479 0.00819481 0.0135859 0.0182521 0.0198793 0.0175767 0.0126739 0.00758631 0.004049 0.00244204 0.00232608 0.0031935 0.00479478 0.00710751 0.0102148 0.0142204 0.0192057 0.0252032 0.0321738 0.0399837 0.048385 0.0570062 0.0653612 0.0728837 0.0789852 0.0831317 0.0849238 0.0841615 0.080881 0.0753539
 1.18171e-16 2.1352e-05 0.000125309 0.000595644 0.00229323 0.0071512 0.0180633 0.03696 0.0612654 0.0822784 0.0895368 0.0789818 0.0565465 0.0330201 0.0160659 0.00715919 0.00399073 0.00384968 0.00510159 0.00706921 0.00952346 0.0123616 0.0154933 0.0188243 0.0222674 0.0257503 0.0292111 0.0325807 0.0357608 0.0386084 0.0409362 0.0425343 0.0432067 0.0428138 0.0413066 0.0387455
 1.09329e-16 1.41018e-05 8.2711e-05 0.000393056 0.00151309 0.00471827 0.0119184 0.0243896 0.0404399 0.0543441 0.0592282 0.0524598 0.0380245 0.0231443 0.0130144 0.00877226 0.00905301 0.0121731 0.0170459 0.0230494 0.0296647 0.0362875 0.042233 0.0468512 0.0496693 0.0505005 0.0494788 0.0470022 0.0436127 0.0398508 0.0361364 0.0327078 0.0296257 0.0268246 0.024184 0.0215925
 1.05356e-16 2.51241e-05 0.000147443 0.000700843 0.00269823 0.00841413 0.0212535 0.0434882 0.0720892 0.096822 0.105383 0.093007 0.0666902 0.0391496 0.0194308 0.00930196 0.00607296 0.00656226 0.00881956 0.0119705 0.0156095 0.019427 0.0230966 0.0262927 0.0287469 0.030298 0.0309133 0.0306741 0.0297348 0.0282723 0.0264438 0.0243666 0.0221193 0.0197568 0.0173289 0.0148927
 1.0646e-16 5.36338e-06 3.13898e-05 0.000149027 0.000573449 0.00178797 0.00451695 0.00924725 0.0153472 0.0206678 0.022641 0.0203284 0.0153318 0.0105225 0.00805145 0.00856782 0.0117721 0.0171839 0.0244151 0.033051 0.0424788 0.0518397 0.0601236 0.0663595 0.0698313 0.0702404 0.0677643 0.0629848 0.0567197 0.0498175 0.0429819 0.0366744 0.0311044 0.0262853 0.0221204 0.0184826
 1.09137e-16 1.97395e-05 0.000115837 0.000550602 0.00211979 0.0066103 0.0166971 0.0341649 0.0566337 0.0760626 0.0827846 0.0730542 0.0523659 0.0307083 0.0151879 0.00719891 0.0046437 0.00505506 0.00695545 0.00973691 0.0131795 0.017144 0.0214606 0.0259142 0.0302634 0.0342644 0.0376914 0.0403484 0.0420769 0.0427634 0.0423493 0.0408437 0.0383331 0.0349811 0.0310161 0.0267052
 1.0315e-16 3.25463e-05 0.000191022 0.000908038 0.003496 0.010902 0.0275375 0.0563452 0.0933981 0.12543 0.13649 0.120386 0.0861602 0.050251 0.0243269 0.0106131 0.00555312 0.00496128 0.00627322 0.00836299 0.0107696 0.0132146 0.0154433 0.0172205 0.0183722 0.0188224 0.0186054 0.0178475 0.0167259 0.0154199 0.0140706 0.0127619 0.0115215 0.0103394 0.00919093 0.00805649
 1.02299e-16 1.82119e-05 0.000106835 0.000507734 0.00195461 0.00609511 0.0153962 0.0315059 0.0522366 0.0701888 0.0764757 0.067686 0.0489513 0.0295758 0.0162356 0.0103555 0.010124 0.0133221 0.0185177 0.0249048 0.0318436 0.0386151 0.0444167 0.0484929 0.050302 0.0496451 0.0467112 0.0420179 0.0362751 0.030215 0.0244469 0.0193713 0.0151661 0.0118284 0.00924297 0.00725111
 1.03771e-16 2.16097e-05 0.000126801 0.000602692 0.00232029 0.00723551 0.0182765 0.0373978 0.061997 0.0832784 0.0906715 0.0800931 0.0575831 0.0341112 0.0175026 0.00933331 0.00734576 0.00884442 0.0121583 0.0164894 0.0213816 0.0264042 0.0310793 0.0349326 0.0375847 0.0388257 0.0386484 0.0372262 0.03485 0.0318484 0.0285188 0.0250884 0.021708 0.0184683 0.0154254 0.0126207
 1.05562e-16 1.33125e-05 7.80745e-05 0.000371008 0.00142819 0.0044535 0.0112496 0.0230214 0.0381728 0.0513019 0.0559241 0.0495609 0.0359834 0.0220223 0.0126009 0.008817 0.00940859 0.0128092 0.0180048 0.0244011 0.0314764 0.0386019 0.0450509 0.050117 0.0532632 0.0542376 0.0531182 0.0502658 0.0462117 0.0415183 0.0366619 0.0319671 0.0276018 0.0236137 0.0199862 0.0166861
pSPR Fmed_Fpbrs
0.353925   0.255515 0.255515
Fs Fmed_Fpbrs
0.68   1.005 1.005
SSBpbr Bo_Bmed_Bpbrs
5.23023e+06  1.5896e+06  1.07489e+06 1.07489e+06
Ro
29021.2
SPR SPRFo_SPRFmed_SPRFpbrs
596703 211188 152466
log_Ro
10.0958
likeval ReclasPelacesDesembMPH_pf_preclas_ppelaces_ptallas_desvR_qrecl_qpela
 474.026 48.9903 13883 0.00574473 557.303 439.458 137.999 0 136.434 0 0 0 0 0 0
q_reclas_q_pelaces
1 1
M
0.7
N
 210082 17253.7 8567.94 4254.71 4196.99
 4325.33 98701.1 7669.29 3808.46 3756.79
 651.347 2032.13 43872.7 3409.01 3362.76
 458.005 306.017 903.286 19501.5 3010.06
 1259.74 215.181 136.025 401.511 10006.4
 412376 591.855 95.6481 60.4632 4626.32
 9168.54 193743 263.08 42.5157 2083.28
 415211 4307.58 86119.1 116.939 944.918
 78595.3 195075 1914.72 38280 471.997
 325308 36925.8 86711.1 851.097 17225.3
 484074 152837 16413.5 38543.2 8034.97
 64329.6 227429 67936.1 7295.84 20704
 105851 30223.5 101092 30197.6 12446
 8434.48 49731.2 13434.4 44935.6 18955.1
 3194.66 3962.7 22105.5 5971.58 28399.5
 6590.77 1500.92 1761.42 9825.94 15278
 28742.6 3096.49 667.161 782.955 11158.7
 18643 13503.9 1376.39 296.554 5308.08
 46297.6 8758.91 6002.49 611.807 2491.27
 7888.9 21751.6 3893.34 2668.11 1379.32
 26663 3706.38 9668.62 1730.59 1799.09
 112406 12526.8 1647.49 4297.71 1568.95
 84290.1 52810.8 5568.19 732.31 2607.73
 125513 39601.3 23474.4 2475.07 1484.65
 74259.6 58968.8 17602.8 10434.4 1760.1
pred_Ctot
 8168.73 1309.79 650.424 322.991 318.609
 168.184 7492.76 582.204 289.114 285.192
 25.3267 154.267 3330.54 258.79 255.28
 17.8089 23.2309 68.5717 1480.43 228.505
 48.9833 16.3352 10.3262 30.4802 759.622
 16034.6 44.9299 7.261 4.58998 351.201
 356.506 14707.8 19.9714 3.22752 158.149
 16144.9 327.004 6537.61 8.87729 71.7322
 3056.06 14808.9 145.354 2905.98 35.831
 12649.1 2803.17 6582.56 64.6099 1307.64
 18822.5 11602.4 1246.01 2925.95 609.964
 2501.36 17265 5157.28 553.854 1571.72
 4115.87 2294.37 7674.29 2292.41 944.819
 327.962 3775.28 1019.85 3411.23 1438.95
 124.22 300.823 1678.11 453.325 2155.91
 256.273 113.94 133.716 745.923 1159.81
 1117.61 235.066 50.6467 59.437 847.099
 724.908 1025.13 104.487 22.5125 402.956
 1800.22 664.921 455.671 46.4445 189.121
 306.749 1651.25 295.558 202.546 104.709
 1036.75 281.365 733.98 131.376 136.575
 4370.74 950.958 125.067 326.255 119.104
 3277.5 4009.06 422.702 55.5924 197.963
 4880.4 3006.28 1782.03 187.891 112.705
 2887.48 4476.54 1336.3 792.114 133.616
F
 0.0554016 0.110803 0.110803 0.110803 0.110803
 0.0554016 0.110803 0.110803 0.110803 0.110803
 0.0554016 0.110803 0.110803 0.110803 0.110803
 0.0554016 0.110803 0.110803 0.110803 0.110803
 0.0554016 0.110803 0.110803 0.110803 0.110803
 0.0554016 0.110803 0.110803 0.110803 0.110803
 0.0554016 0.110803 0.110803 0.110803 0.110803
 0.0554016 0.110803 0.110803 0.110803 0.110803
 0.0554016 0.110803 0.110803 0.110803 0.110803
 0.0554016 0.110803 0.110803 0.110803 0.110803
 0.0554016 0.110803 0.110803 0.110803 0.110803
 0.0554016 0.110803 0.110803 0.110803 0.110803
 0.0554016 0.110803 0.110803 0.110803 0.110803
 0.0554016 0.110803 0.110803 0.110803 0.110803
 0.0554016 0.110803 0.110803 0.110803 0.110803
 0.0554016 0.110803 0.110803 0.110803 0.110803
 0.0554016 0.110803 0.110803 0.110803 0.110803
 0.0554016 0.110803 0.110803 0.110803 0.110803
 0.0554016 0.110803 0.110803 0.110803 0.110803
 0.0554016 0.110803 0.110803 0.110803 0.110803
 0.0554016 0.110803 0.110803 0.110803 0.110803
 0.0554016 0.110803 0.110803 0.110803 0.110803
 0.0554016 0.110803 0.110803 0.110803 0.110803
 0.0554016 0.110803 0.110803 0.110803 0.110803
 0.0554016 0.110803 0.110803 0.110803 0.110803
Np
 28624.8 8600.09 6341.82 4764.56 1680.8
YTP_r0W_actual
 32339.8 98483.9 44097.7 32555.9 5718.75
YTP_p0W_proyectada
 68616.8 363459 396954 151327 143792
 68616.8 89592.7 96041.6 92147.5 36073.9
CTP_r0_actual
 2887.48 4476.54 1336.3 792.114 133.616
CTP_p0_proyectada
 8367.9 16826.8 12641.9 3773.73 3231.28
 8367.9 4147.81 3058.65 2297.94 810.649
Wmedp
 8.2 21.6 31.4 40.1 44.5
nmprior
 10.6 11 7 0
nm_flota  nm_reclas  nm_pelaces    nm_pelaL
inf 1.64884 3.95156 5.9676
cv_recla  cv_pelaces  cv_mph
1.96936 0.793647 2.06285
 ------------------------------------------------
Talla a la edad & desviaci?n 
 7.2 14.2025 17.0495 18.207 18.6776
 1.08 2.13037 2.55742 2.73105 2.80164
