years
 1997 1998 1999 2000 2001 2002 2003 2004 2005 2006 2007 2008 2009 2010 2011 2012 2013 2014 2015 2016 2017 2018 2019 2020 2021
reclasobs
 0 0 0 370054 412103 1.49427e+06 250295 1.28982e+06 931140 785840 897777 1.04006e+06 184774 17550 25797 100020 73551 82996 120727 218422 84188 347160 605670 569463 516374
reclaspred
 486482 125364 316954 216399 353071 434962 949930 653930 740053 764864 650501 451506 278304 115676 68872.1 65955 79124.5 105886 114290 155133 234301 219369 371438 459996 538233
pelacesobs
 0 0 0 0 0 0 0 0 0 2.06254e+06 1.5e+06 0 1.87456e+06 323000 250000 174000 83755 137374 0 501740 490994 745055 786931 1.00524e+06 1.33801e+06
pelacespred
 1.9554e+06 440211 663662 733170 1.05543e+06 1.0323e+06 2.64625e+06 2.15174e+06 2.19843e+06 2.30206e+06 1.69875e+06 1.23423e+06 740180 238054 144187 151664 191204 270122 294456 391398 686886 626694 816744 1.20453e+06 1.41193e+06
mphobs
 0 0 0 0 0 112323 0 153150 637223 0 255016 313432 73983 77613 109348 50772 0 0 0 0 0 0 0 0 0
mphpred
 178566 97922.7 108414 104776 122569 209057 297086 367725 316460 339468 356494 251151 158039 82202.4 35114.5 28093.4 31495.7 41444.9 51867.4 58831.4 88569.6 108983 133988 186632 252389
desembarqueobs
 350755 77701 442110 56441 14545 235359 269955 359681 431902 328805 639364 411747 362871 311530 167758 66681 60226 58785 57116 73181 50977 67692 138656 160484 209506
desembarquepred
 350761 77699.2 442088 56444.1 14545.3 235437 270019 359672 431943 328810 639305 411775 362928 311616 167581 66676 60252.2 58777.8 57100.2 73177.3 50979.5 67682.3 138660 160499 209513
Reclutas
 36161.9 43906.1 22501.9 33971.5 60820.1 42633.6 77583.2 75494.8 98881.9 116876 66686.3 46078.3 45950.3 24866.8 14462.7 13305.9 10077.6 11573.8 12448.2 19921.3 26048.4 32830.9 51775 61394.9 26675
log_desv_Rt
 0.0438818 0.237928 -0.430526 -0.0186026 0.563794 0.208516 0.807226 0.779938 1.0498 1.21699 0.655874 0.286216 0.283435 -0.330593 -0.87255 -0.95592 -1.23381 -1.09538 -1.02255 -0.552338 -0.284168 -0.0527548 0.402782 0.573201 -0.260397
SSB
 446309 244748 270970 261876 306348 522519 742537 919093 790961 848466 891021 627727 395003 205457 87765.2 70216.6 78720.5 103588 129638 147043 221371 272391 334890 466469 630821
BT
 1.53659e+06 373707 649385 479178 625391 736606 1.78298e+06 1.63474e+06 1.70689e+06 1.65371e+06 1.53194e+06 1.06959e+06 786840 430210 227343 144491 161882 205306 212760 287730 441447 403676 552203 816151 928127
Ftot
 0.974887 0.894332 1.54967 0.332037 0.0574114 0.539177 0.341606 0.673242 0.761218 0.561009 1.03764 0.911159 1.45451 2.86835 3.2997 1.4013 1.02928 0.705869 0.56913 0.599388 0.276884 0.338527 0.411453 0.414215 0.37626
BD_Bspro_t
 0.909763 0.637172 0.557135 0.374964 0.539234 0.718599 0.66429 0.682187 0.61488 0.586631 0.567725 0.409701 0.306738 0.207685 0.112443 0.111301 0.166068 0.271402 0.372803 0.461627 0.590775 0.699552 0.706427 0.710514 0.713559
BD_Bspro
 0.627132 0.343908 0.380754 0.367976 0.430466 0.734218 1.04338 1.29146 1.11142 1.19222 1.25202 0.882052 0.555039 0.288698 0.123323 0.098665 0.110614 0.145556 0.18216 0.206618 0.31106 0.382751 0.470571 0.65546 0.8864
BD_Bo
 0.508549 0.278879 0.308758 0.298396 0.34907 0.595386 0.846087 1.04726 0.901264 0.966789 1.01528 0.715267 0.450088 0.234109 0.100004 0.0800086 0.0896984 0.118033 0.147716 0.167549 0.252242 0.310378 0.381592 0.531521 0.718792
BD_Brms
 0.924634 0.507053 0.561379 0.542538 0.634673 1.08252 1.53834 1.90412 1.63866 1.7578 1.84596 1.30048 0.818341 0.425652 0.181826 0.14547 0.163088 0.214606 0.268575 0.304635 0.458622 0.564323 0.693804 0.966401 1.30689
S_f
 0.104511 0.689196 0.976815 0.998752 0.999934
 0.104511 0.689196 0.976815 0.998752 0.999934
 0.104511 0.689196 0.976815 0.998752 0.999934
 0.104511 0.689196 0.976815 0.998752 0.999934
 0.104511 0.689196 0.976815 0.998752 0.999934
 0.104511 0.689196 0.976815 0.998752 0.999934
 0.104511 0.689196 0.976815 0.998752 0.999934
 0.104511 0.689196 0.976815 0.998752 0.999934
 0.104511 0.689196 0.976815 0.998752 0.999934
 0.104511 0.689196 0.976815 0.998752 0.999934
 0.104511 0.689196 0.976815 0.998752 0.999934
 0.104511 0.689196 0.976815 0.998752 0.999934
 0.104511 0.689196 0.976815 0.998752 0.999934
 0.104511 0.689196 0.976815 0.998752 0.999934
 0.104511 0.689196 0.976815 0.998752 0.999934
 0.104511 0.689196 0.976815 0.998752 0.999934
 0.104511 0.689196 0.976815 0.998752 0.999934
 0.104511 0.689196 0.976815 0.998752 0.999934
 0.104511 0.689196 0.976815 0.998752 0.999934
 0.104511 0.689196 0.976815 0.998752 0.999934
 0.104511 0.689196 0.976815 0.998752 0.999934
 0.104511 0.689196 0.976815 0.998752 0.999934
 0.104511 0.689196 0.976815 0.998752 0.999934
 0.104511 0.689196 0.976815 0.998752 0.999934
 0.104511 0.689196 0.976815 0.998752 0.999934
Scru_reclas
 0.738792 0.993739 0.999888 0.999998 1
 0.738792 0.993739 0.999888 0.999998 1
 0.738792 0.993739 0.999888 0.999998 1
 0.738792 0.993739 0.999888 0.999998 1
 0.738792 0.993739 0.999888 0.999998 1
 0.738792 0.993739 0.999888 0.999998 1
 0.738792 0.993739 0.999888 0.999998 1
 0.738792 0.993739 0.999888 0.999998 1
 0.738792 0.993739 0.999888 0.999998 1
 0.738792 0.993739 0.999888 0.999998 1
 0.738792 0.993739 0.999888 0.999998 1
 0.738792 0.993739 0.999888 0.999998 1
 0.738792 0.993739 0.999888 0.999998 1
 0.738792 0.993739 0.999888 0.999998 1
 0.738792 0.993739 0.999888 0.999998 1
 0.738792 0.993739 0.999888 0.999998 1
 0.738792 0.993739 0.999888 0.999998 1
 0.738792 0.993739 0.999888 0.999998 1
 0.738792 0.993739 0.999888 0.999998 1
 0.738792 0.993739 0.999888 0.999998 1
 0.738792 0.993739 0.999888 0.999998 1
 0.738792 0.993739 0.999888 0.999998 1
 0.738792 0.993739 0.999888 0.999998 1
 0.738792 0.993739 0.999888 0.999998 1
 0.738792 0.993739 0.999888 0.999998 1
Scru_pelaces
 0.733141 1 1 1 1
 0.733141 1 1 1 1
 0.733141 1 1 1 1
 0.733141 1 1 1 1
 0.733141 1 1 1 1
 0.733141 1 1 1 1
 0.733141 1 1 1 1
 0.733141 1 1 1 1
 0.733141 1 1 1 1
 0.733141 1 1 1 1
 0.733141 1 1 1 1
 0.733141 1 1 1 1
 0.733141 1 1 1 1
 0.733141 1 1 1 1
 0.733141 1 1 1 1
 0.733141 1 1 1 1
 0.733141 1 1 1 1
 0.733141 1 1 1 1
 0.733141 1 1 1 1
 0.733141 1 1 1 1
 0.733141 1 1 1 1
 0.733141 1 1 1 1
 0.733141 1 1 1 1
 0.733141 1 1 1 1
 0.733141 1 1 1 1
pf_obs 
 0.256992 0.487395 0.22802 0.0275931 0
 0.321318 0.546541 0.124235 0.00734118 0.000564706
 0.182869 0.594174 0.210203 0.0122559 0.00049798
 0.330522 0.361315 0.267642 0.0388342 0.00168674
 0.649043 0.306663 0.0425973 0.00169635 0
 0.582887 0.30429 0.105238 0.00758474 0
 0.465427 0.430635 0.0974691 0.00646863 0
 0.296916 0.608066 0.0921331 0.00288517 0
 0.311714 0.524322 0.152257 0.0117073 0
 0.15457 0.633149 0.183074 0.0267441 0.00246327
 0.131901 0.49318 0.331252 0.0422183 0.00144891
 0.196976 0.569456 0.194076 0.0375587 0.00193317
 0.518974 0.381816 0.0799577 0.0180837 0.00116848
 0.0928022 0.601141 0.25162 0.0475244 0.00691264
 0.122501 0.610282 0.24278 0.0234846 0.000952079
 0.383417 0.481906 0.127806 0.00687128 0
 0.0376549 0.599619 0.316969 0.0457579 0
 0.0361596 0.667082 0.258105 0.0386534 0
 0.158088 0.579412 0.248529 0.0139706 0
 0.0477256 0.309471 0.559284 0.082774 0.000745712
 0.0406174 0.521527 0.379366 0.0568643 0.0016247
 0.151134 0.462217 0.34131 0.0453401 0
 0.294876 0.26143 0.354403 0.0886775 0.000613685
 0.281977 0.475581 0.204845 0.0348837 0.00271318
 0.0841818 0.532909 0.334909 0.0458182 0.00218182
pf_pred 
 0.303794 0.475784 0.196869 0.0235401 1.28895e-05
 0.285021 0.559196 0.121925 0.0303516 0.0035065
 0.157727 0.642453 0.171025 0.022702 0.00609283
 0.273446 0.463907 0.225264 0.032198 0.00518486
 0.283906 0.494227 0.160214 0.0530686 0.00858499
 0.144797 0.588096 0.202753 0.0467558 0.0175982
 0.251651 0.39272 0.274432 0.0620574 0.0191394
 0.200815 0.552586 0.153177 0.0725173 0.020904
 0.249621 0.482966 0.208689 0.0369006 0.0218237
 0.242316 0.539465 0.162183 0.0440376 0.0119989
 0.140682 0.593997 0.21041 0.0411142 0.0137965
 0.145244 0.495569 0.284295 0.0598344 0.0150565
 0.219794 0.468328 0.217046 0.0755942 0.0192377
 0.212472 0.607731 0.132639 0.03325 0.0139079
 0.282795 0.60673 0.0992164 0.00845509 0.00280275
 0.329167 0.598859 0.0676596 0.00390474 0.000409761
 0.218159 0.636763 0.136085 0.00847512 0.000518189
 0.24122 0.519435 0.210785 0.0268484 0.00171185
 0.22039 0.541288 0.184532 0.047545 0.00624617
 0.283216 0.470834 0.191435 0.0424851 0.0120303
 0.24873 0.545471 0.153937 0.0406276 0.0112336
 0.221206 0.512659 0.21163 0.041025 0.0134798
 0.260239 0.470465 0.199366 0.0559011 0.0140289
 0.224919 0.536296 0.172879 0.0491294 0.0167762
 0.0893082 0.58641 0.25015 0.0540681 0.0200639
pobs_RECLAS
 0 0 0 0 0
 0 0 0 0 0
 0 0 0 0 0
 0 0 0 0 0
 0.835266 0.146461 0.0176864 0.000547809 3.91292e-05
 0.385257 0.428462 0.181853 0.0044286 0
 0.867414 0.0963971 0.0333333 0.00285562 0
 0.441836 0.489002 0.0689373 0.000224442 0
 0.779404 0.147425 0.0564933 0.0165055 0.000172143
 0.814271 0.122319 0.05973 0.00367925 0
 0.40263 0.566651 0.0304383 0.000280538 0
 0.475488 0.404961 0.113038 0.00651328 0
 0.955842 0.0263864 0.0167828 0.000988607 0
 0.975058 0.0227948 0.00214734 0 0
 0.738997 0.206755 0.0527124 0.00153531 0
 0.850938 0.134255 0.0134407 0.00136685 0
 0.542534 0.407297 0.0501686 0 0
 0.764087 0.199537 0.0359546 0.000420521 0
 0.470689 0.182191 0.310203 0.0369168 0
 0.84361 0.089868 0.0606195 0.00523954 0.000663233
 0.607945 0.314616 0.071237 0.00620181 0
 0.523733 0.453247 0.0230204 0 0
 0.530135 0.295979 0.169645 0.0042399 0
 0.562478 0.366248 0.0663022 0.0049721 0
 0.250443 0.683176 0.0655157 0.000865301 0
ppred_RECLAS
 0.714296 0.216928 0.0615893 0.00718305 3.92786e-06
 0.687015 0.262809 0.03948 0.00958933 0.00110639
 0.523726 0.395194 0.0696758 0.00899391 0.0024102
 0.676941 0.231156 0.0790773 0.011049 0.00177707
 0.681899 0.241642 0.0555537 0.0179977 0.00290808
 0.484328 0.391848 0.0945225 0.0212956 0.00800542
 0.660864 0.207489 0.10212 0.0225734 0.0069535
 0.584294 0.317866 0.0613251 0.0283518 0.00816242
 0.655405 0.249373 0.0747089 0.0128962 0.00761723
 0.637973 0.282591 0.059394 0.015755 0.00428741
 0.484773 0.395154 0.0957232 0.0182385 0.00611197
 0.501411 0.333194 0.131585 0.0270196 0.00679013
 0.635613 0.252999 0.0781675 0.0264891 0.00673124
 0.650348 0.298103 0.0384068 0.00927209 0.00387051
 0.736651 0.238915 0.0220361 0.0018017 0.000595911
 0.730561 0.249416 0.0188529 0.00105895 0.000110965
 0.605481 0.341386 0.0499166 0.00303141 0.000185098
 0.640782 0.272269 0.0767903 0.00955055 0.000608164
 0.610515 0.298205 0.0710504 0.0178833 0.00234646
 0.68975 0.227663 0.064617 0.0140077 0.00396152
 0.641174 0.283724 0.0564981 0.0145781 0.00402603
 0.611227 0.285034 0.0828799 0.0157054 0.00515416
 0.663371 0.240469 0.0716151 0.0196256 0.00491918
 0.614754 0.293879 0.0665717 0.0184899 0.006306
 0.353443 0.466143 0.139903 0.0295566 0.0109547
pobs_PELACES
 0 0 0 0 0
 0 0 0 0 0
 0 0 0 0 0
 0 0 0 0 0
 0 0 0 0 0
 0 0 0 0 0
 0 0 0 0 0
 0 0 0 0 0
 0 0 0 0 0
 0 0 0 0 0
 0.450072 0.473896 0.0757376 0.000293798 0
 0 0 0 0 0
 0.463077 0.371075 0.160297 0.00555027 0
 0.529543 0.364841 0.0842815 0.0213345 0
 0.631943 0.363953 0.00410389 0 0
 0.735681 0.248677 0.0153453 0.000297389 0
 0.695825 0.281241 0.0229344 0 0
 0.275771 0.60734 0.115278 0.00161068 0
 0 0 0 0 0
 0.896147 0.0623911 0.0374545 0.00400742 0
 0.803859 0.145111 0.0509908 3.86294e-05 0
 0.739449 0.233085 0.0266225 0.000797448 4.60066e-05
 0.878498 0.100942 0.0204185 0.000141795 0
 0.694673 0.275183 0.0284847 0.00165964 0
 0.469039 0.446079 0.0841089 0.000773354 0
ppred_PELACES
 0.752787 0.192079 0.049409 0.00572132 3.12736e-06
 0.722933 0.23599 0.0323658 0.00780976 0.000900753
 0.599827 0.340361 0.0514818 0.00657052 0.00175971
 0.690088 0.224129 0.0738378 0.0102911 0.00165494
 0.681884 0.242334 0.0550693 0.0178314 0.00288114
 0.510263 0.377271 0.0859344 0.0192832 0.00724738
 0.67571 0.20141 0.0953756 0.0210281 0.00647661
 0.616056 0.298456 0.0536839 0.0246958 0.00710796
 0.689371 0.229651 0.0636114 0.010919 0.00644746
 0.662358 0.266994 0.0528788 0.0139684 0.00380038
 0.537203 0.363478 0.079301 0.0149948 0.00502291
 0.549268 0.310455 0.111756 0.0227945 0.0057263
 0.703883 0.214589 0.0573958 0.0192442 0.00488743
 0.768018 0.205258 0.0200183 0.00473293 0.00197349
 0.842533 0.146599 0.00982487 0.000784246 0.000259055
 0.77965 0.205972 0.0135462 0.00075312 7.8874e-05
 0.651678 0.305486 0.040261 0.00242661 0.000148109
 0.672246 0.252772 0.0662617 0.00819818 0.000521903
 0.636296 0.28239 0.0633523 0.0158784 0.00208293
 0.71449 0.213027 0.0567677 0.0122515 0.00346403
 0.65175 0.277244 0.053445 0.0137612 0.00380001
 0.625753 0.2772 0.0775733 0.0146623 0.00481117
 0.68064 0.231102 0.0657825 0.0179716 0.00450388
 0.632765 0.28318 0.0612959 0.0169717 0.00578727
 0.369675 0.459782 0.132334 0.0278784 0.0103311
pobs_pel_tallas
 0 0 0 0 0 0 0 0 0 0 0 0 0 0 0 0 0 0 0 0 0 0 0 0 0 0 0 0 0 0 0 0 0 0 0 0
 0 0 0 0 0 0 0 0 0 0 0 0 0 0 0 0 0 0 0 0 0 0 0 0 0 0 0 0 0 0 0 0 0 0 0 0
 0 0 0 0 0 0 0 0 0 0 0 0 0 0 0 0 0 0 0 0 0 0 0 0 0 0 0 0 0 0 0 0 0 0 0 0
 0 0 0 0 0 0 0 0 0 0 0 0 0 0 0 0 0 0 0 0 0 0 0 0 0 0 0 0 0 0 0 0 0 0 0 0
 0 0 0 0 0 0 0 0 0 0 0 0 0 0 0 0 0 0 0 0 0 0 0 0 0 0 0 0 0 0 0 0 0 0 0 0
 0 0 0 0 0 0 0 0 0 0 0 0 0 0 0 0 0 0 0 0 0 0 0 0 0 0 0 0 0 0 0 0 0 0 0 0
 0 0 0 0 0 0 0 0 0 0 0 0 0 0 0 0 0 0 0 0 0 0 0 0 0 0 0 0 0 0 0 0 0 0 0 0
 0 0 0 0 0 0 0 0 0 0 0 0 0 0 0 0 0 0 0 0 0 0 0 0 0 0 0 0 0 0 0 0 0 0 0 0
 0 0 0 0 0 0 0 0 0 0 0 0 0 0 0 0 0 0 0 0 0 0 0 0 0 0 0 0 0 0 0 0 0 0 0 0
 0 0 0 0 0 0 0 0 0 0 0 0 0 0 0 0 0 0 0 0 0 0 0 0 0 0 0 0 0 0 0 0 0 0 0 0
 0 0 0 0 0 0 0 0 1.78061e-05 0.00172719 0.00360574 0.0105946 0.0120993 0.0124554 0.0147524 0.0171206 0.0266825 0.0428682 0.0675386 0.121331 0.153587 0.119568 0.100827 0.0573624 0.0630603 0.0341343 0.0324427 0.0444173 0.0211091 0.0280891 0.0125444 0.00206551 0 0 0 0
 0 0 0 0 0 0 0 0 0 0 0 0 0 0 0 0 0 0 0 0 0 0 0 0 0 0 0 0 0 0 0 0 0 0 0 0
 0 0 0 0 0 0 0.0133647 0.0140871 0.0187388 0.0205184 0.03894 0.0496705 0.03968 0.0493445 0.0407372 0.0367815 0.0215668 0.0243155 0.0234873 0.0199281 0.019796 0.0243948 0.0301388 0.0376714 0.0412746 0.0863199 0.0771752 0.113111 0.0741005 0.0525337 0.0229764 0.00759418 0.00175318 0 0 0
 0 0 0 0 0 0 0 0 0 0 0.00219441 0.00772107 0.0458388 0.0604681 0.0671733 0.0775358 0.0609151 0.0617685 0.073594 0.0568108 0.0755445 0.0548602 0.0670107 0.0636378 0.0643287 0.046367 0.0373049 0.0286899 0.0247887 0.0153202 0.00654259 0.00121912 0.000365735 0 0 0
 0 0 0 0 0 0 0 0 0 0 0 0 0.000112435 0.00938835 0.0111873 0.0202946 0.0414886 0.0713402 0.111592 0.104902 0.108894 0.110636 0.117776 0.105296 0.107544 0.0401394 0.0192827 0.0124803 0.00416011 0.0028671 0.000618394 0 0 0 0 0
 0 0 0 0 0 0 0 0 0 0 0.00291406 0.0102884 0.027416 0.0768956 0.0749926 0.110853 0.0956884 0.0897413 0.0766577 0.0534642 0.0500743 0.0551293 0.0594112 0.0620874 0.0668451 0.0424026 0.0208742 0.0120726 0.0048766 0.00582813 0.00118941 0.000297354 0 0 0 0
 0 0.00264628 0.0354308 0.0461629 0.0458689 0.0383711 0.0214643 0.0164657 0.0346957 0.0420465 0.0363128 0.0245516 0.0311673 0.0291091 0.0169068 0.0133784 0.00837989 0.0085269 0.0148486 0.0160247 0.0276389 0.0546898 0.0760071 0.122758 0.109233 0.0665981 0.0333725 0.0166128 0.00676272 0.00308733 0.000882094 0 0 0 0 0
 0 0 0 0 0 0 0 0.000805153 0.000690131 0.00759144 0.0133425 0.0154129 0.00931677 0.000345066 0.00356568 0.00563607 0.00851162 0.0253048 0.0502646 0.0516448 0.0657925 0.0565908 0.0611916 0.0827007 0.0866115 0.110766 0.145733 0.0935128 0.0569358 0.0249597 0.0138026 0.00621118 0.00161031 0.00115022 0 0
 0 0 0 0 0 0 0 0 0 0 0 0 0 0 0 0 0 0 0 0 0 0 0 0 0 0 0 0 0 0 0 0 0 0 0 0
 0.00147267 0.00158595 0.00478618 0.00569244 0.00954404 0.0108468 0.00647125 0.017049 0.0510054 0.094081 0.124002 0.0959785 0.0687766 0.0820023 0.061753 0.0591476 0.0492212 0.0479892 0.0443925 0.0268479 0.0217502 0.0140895 0.0121071 0.0120363 0.00920419 0.00665534 0.0049561 0.00860946 0.00930331 0.0156896 0.0114698 0.00855282 0.00243557 0.00046729 0 2.83206e-05
 0 0 0 0 0.000772559 0.00158375 0.000888443 0.00281984 0.00712685 0.0440552 0.0773331 0.111326 0.0921469 0.0852325 0.0710754 0.0886704 0.0786465 0.0553345 0.0373146 0.0185414 0.00753245 0.00457741 0.012979 0.0271748 0.0457355 0.0583668 0.034881 0.0177882 0.00938659 0.00492506 0.0015258 0.00185414 0.000309023 5.79419e-05 3.86279e-05 0
 0 0.00173294 0.00326652 0 0.00397197 0.00683976 0.00946217 0.0152591 0.00757587 0.0136028 0.0228656 0.0392903 0.0559909 0.0764795 0.0681675 0.0726916 0.0566044 0.0477403 0.0527397 0.0444891 0.0609904 0.0582453 0.0661739 0.0445044 0.0529084 0.0360697 0.0280645 0.0235558 0.0158879 0.00826598 0.00280645 0.00217768 0.000904811 0.00058276 9.20147e-05 0
 0 0 0 0 0 0 0 0 0 0 0 0 0 0 0 0 0 0 0 0 0 0 0 0 0 0 0 0 0 0 0 0 0 0 0 0
 0 0 0 0 0 0 0 0 0 0 0 0 0 0 0 0 0 0 0 0 0 0 0 0 0 0 0 0 0 0 0 0 0 0 0 0
 0 0 0 0 0 0 0 0 0 0 0 0 0 0 0 0 0 0 0 0 0 0 0 0 0 0 0 0 0 0 0 0 0 0 0 0
ppred_pel_tallas
 1.00961e-16 3.28456e-05 0.000192776 0.000916367 0.00352806 0.0110019 0.02779 0.0568622 0.0942559 0.126585 0.137753 0.121518 0.0870086 0.0508226 0.0247466 0.0110393 0.00612317 0.00578056 0.00741906 0.00988207 0.0126659 0.015435 0.0178683 0.0196677 0.0206127 0.0206088 0.0197068 0.0180821 0.0159864 0.0136862 0.0114093 0.00931416 0.00748366 0.00593868 0.00466093 0.00361497
 1.00847e-16 3.15455e-05 0.00018514 0.000880054 0.00338823 0.0105659 0.0266886 0.0546089 0.0905224 0.121575 0.132314 0.116748 0.0836539 0.0489861 0.0240815 0.01113 0.00671577 0.00680014 0.00888982 0.0118479 0.015139 0.0183679 0.0211436 0.0231049 0.0239919 0.0237054 0.0223299 0.0201054 0.0173644 0.0144523 0.0116593 0.00917991 0.00710552 0.00544319 0.0041468 0.00314798
 1.0115e-16 2.61818e-05 0.00015364 0.00073028 0.00281153 0.00876741 0.022146 0.0453153 0.0751211 0.100904 0.109851 0.0970112 0.069693 0.041176 0.0209222 0.0108139 0.00808065 0.00941674 0.0127568 0.0170988 0.0218671 0.0265379 0.0305552 0.0333981 0.03469 0.0342861 0.0323058 0.0290935 0.0251278 0.020907 0.0168512 0.0132431 0.0102183 0.00779016 0.00589542 0.00443758
 1.01553e-16 3.01129e-05 0.00017673 0.000840075 0.0032343 0.0100858 0.0254761 0.0521281 0.0864101 0.116052 0.126304 0.111448 0.0798619 0.0467773 0.0230187 0.0106809 0.006509 0.00665616 0.00875258 0.0117246 0.0150728 0.018429 0.0214238 0.023708 0.0250181 0.0252335 0.0243986 0.0227013 0.0204174 0.0178427 0.0152324 0.0127672 0.0105464 0.00860376 0.00693191 0.00550605
 1.01609e-16 2.97559e-05 0.000174632 0.000830099 0.00319589 0.00996605 0.0251735 0.0515091 0.0853846 0.114677 0.124812 0.110142 0.0789495 0.0462901 0.0228664 0.010756 0.00674965 0.00704961 0.00931132 0.0124619 0.0159858 0.0194895 0.0225756 0.0248714 0.0261016 0.0261494 0.0250799 0.0231137 0.0205652 0.0177647 0.0149921 0.0124384 0.0101993 0.00829388 0.0066947 0.00535614
 1.02345e-16 2.2278e-05 0.000130718 0.000621296 0.0023919 0.0074588 0.0188406 0.0385525 0.063913 0.0858573 0.093493 0.0826177 0.0594682 0.0353676 0.0184012 0.0102138 0.00849313 0.0104614 0.0143727 0.0193491 0.0248314 0.0302633 0.0350358 0.0385697 0.0404368 0.0404565 0.0387325 0.035612 0.0315884 0.027181 0.0228297 0.0188353 0.0153487 0.0124 0.00994457 0.00790816
 1.02445e-16 2.94851e-05 0.000173046 0.000822565 0.00316689 0.00987564 0.0249451 0.0510415 0.0846085 0.113632 0.123666 0.109112 0.0781708 0.0457522 0.022451 0.0103136 0.0061501 0.00619492 0.0081355 0.0109372 0.0141367 0.0174055 0.0204147 0.0228479 0.0244576 0.0251153 0.0248322 0.0237425 0.0220577 0.0200102 0.0178046 0.0155905 0.0134587 0.0114544 0.00959701 0.00789686
 1.02041e-16 2.68877e-05 0.000157788 0.000750011 0.00288751 0.00900436 0.0227445 0.0465395 0.0771491 0.103623 0.1128 0.0995876 0.0714833 0.0421121 0.0211739 0.0105812 0.00746934 0.00843172 0.0113517 0.0152274 0.0195216 0.023772 0.0274944 0.0302334 0.0316555 0.031625 0.0302312 0.0277555 0.0245931 0.0211559 0.017789 0.0147238 0.0120699 0.00984001 0.00798869 0.00644907
 1.01655e-16 3.00819e-05 0.000176547 0.000839205 0.00323095 0.0100754 0.0254497 0.0520741 0.0863208 0.115933 0.126175 0.111337 0.0797881 0.0467458 0.0230248 0.0107193 0.00657926 0.00676208 0.00889879 0.0119127 0.0152984 0.0186794 0.0216786 0.0239406 0.0252006 0.0253418 0.0244183 0.0226309 0.0202696 0.0176418 0.0150099 0.0125554 0.0103732 0.00848796 0.0068817 0.00551933
 1.01496e-16 2.89055e-05 0.000169637 0.000806348 0.00310443 0.00968083 0.0244531 0.0500353 0.0829425 0.1114 0.121252 0.107018 0.0767491 0.0450773 0.022411 0.0107818 0.00708507 0.0076404 0.0101693 0.0136146 0.0174452 0.0212342 0.0245446 0.0269665 0.0281997 0.0281214 0.0268113 0.0245226 0.0216119 0.0184528 0.0153608 0.0125496 0.0101244 0.00810159 0.00644331 0.00508976
 1.01995e-16 2.34521e-05 0.000137612 0.000654076 0.00251811 0.00785239 0.0198348 0.0405866 0.067284 0.0903826 0.0984123 0.0869448 0.0625393 0.0371065 0.0191452 0.0103706 0.00833206 0.0100928 0.0138117 0.0185752 0.0238225 0.029011 0.0335522 0.0368874 0.0386054 0.0385352 0.0367812 0.0336838 0.0297254 0.0254127 0.0211756 0.0173077 0.0139562 0.0111489 0.00883955 0.00695139
 1.02739e-16 2.39761e-05 0.000140693 0.000668735 0.00257457 0.00802847 0.0202795 0.041496 0.06879 0.0924005 0.100596 0.0888422 0.0638346 0.0377361 0.0192159 0.010005 0.00757709 0.00891929 0.0121581 0.0163961 0.0211265 0.0258859 0.0301731 0.0335055 0.035515 0.0360268 0.035091 0.0329529 0.0299785 0.0265613 0.0230416 0.019661 0.0165546 0.0137725 0.0113137 0.00915704
 1.01775e-16 3.07141e-05 0.00018026 0.000856859 0.00329893 0.0102874 0.0259852 0.0531696 0.0881361 0.118369 0.128822 0.113661 0.0814285 0.0476564 0.0233794 0.0107268 0.00637132 0.00638322 0.00834336 0.0111608 0.0143379 0.0175182 0.0203494 0.0225006 0.0237247 0.0239124 0.0231125 0.0215098 0.0193714 0.0169793 0.0145735 0.0123183 0.0102987 0.00853563 0.00701241 0.00569848
 1.00606e-16 3.35102e-05 0.000196676 0.000934908 0.00359944 0.0112245 0.0283523 0.0580128 0.0961633 0.129147 0.140543 0.123982 0.0887795 0.0518701 0.0252804 0.0113155 0.00632501 0.00600298 0.00769761 0.0102175 0.0130332 0.0157848 0.0181294 0.0197536 0.0204343 0.0200907 0.0188032 0.0167884 0.0143433 0.0117748 0.00933917 0.00720625 0.00545308 0.00408035 0.00304063 0.00226641
 1.00227e-16 3.6757e-05 0.000215744 0.00102557 0.00394852 0.0123131 0.031102 0.0636383 0.105486 0.14166 0.154141 0.135933 0.0972382 0.056613 0.02722 0.0115524 0.00557073 0.00452617 0.00550726 0.00723816 0.00920856 0.0111291 0.0127483 0.0138418 0.0142518 0.0139239 0.0129202 0.0114014 0.00958599 0.00769925 0.00592895 0.00439919 0.00316531 0.00222576 0.00154256 0.00106201
 1.0029e-16 3.40174e-05 0.000199654 0.000949066 0.00365395 0.0113945 0.0287817 0.0588913 0.0976195 0.131102 0.14267 0.125857 0.0901172 0.0526426 0.0256396 0.0114463 0.0063546 0.00599053 0.00765983 0.0101513 0.0129271 0.0156228 0.0178926 0.0194223 0.0199906 0.0195212 0.0181018 0.0159587 0.0133996 0.0107415 0.00824904 0.00609691 0.00436315 0.00304557 0.00209053 0.00142219
 1.00762e-16 2.84413e-05 0.000166909 0.000793368 0.00305444 0.00952493 0.0240594 0.04923 0.0816087 0.109612 0.119316 0.105332 0.0755892 0.0444953 0.0223053 0.0110343 0.00764291 0.00851784 0.0114118 0.0152599 0.019493 0.023627 0.0271596 0.0296233 0.0306821 0.0302106 0.0283221 0.0253338 0.0216835 0.0178266 0.0141463 0.0109001 0.00820983 0.00608503 0.00446326 0.00325071
 1.0133e-16 2.93361e-05 0.000172166 0.000818375 0.00315074 0.00982525 0.0248179 0.0507816 0.084179 0.113059 0.123054 0.108599 0.0778617 0.0456884 0.0226366 0.0107609 0.00690391 0.00732649 0.00971784 0.0130147 0.0166959 0.0203537 0.023572 0.0259594 0.0272252 0.0272443 0.0260821 0.0239678 0.0212308 0.0182198 0.0152335 0.0124793 0.0100661 0.00802196 0.00632383 0.00492664
 1.01635e-16 2.77697e-05 0.000162968 0.000774637 0.00298233 0.00930006 0.0234914 0.0480676 0.0796814 0.107022 0.116494 0.102834 0.0737823 0.0434029 0.0217054 0.0106538 0.0072786 0.00805373 0.010793 0.0144725 0.0185605 0.0226132 0.0261696 0.028795 0.030169 0.0301571 0.0288378 0.0264722 0.0234318 0.020107 0.016829 0.0138247 0.0112083 0.00900256 0.00717412 0.0056665
 1.01459e-16 3.11765e-05 0.000182975 0.000869768 0.00334863 0.0104424 0.0263767 0.0539706 0.0894637 0.120152 0.130761 0.115368 0.0826449 0.0483545 0.023696 0.0108281 0.00637029 0.0063311 0.00825327 0.0110296 0.0141572 0.0172788 0.0200428 0.0221197 0.0232642 0.0233693 0.0224866 0.0208042 0.0185931 0.0161401 0.0136898 0.0114113 0.00939239 0.00765531 0.00618218 0.00493895
 1.015e-16 2.84433e-05 0.000166923 0.000793442 0.00305474 0.00952586 0.0240617 0.0492345 0.0816154 0.109619 0.119317 0.105319 0.0755482 0.0444082 0.0221458 0.0107661 0.00722085 0.00789267 0.0105397 0.0141157 0.0180844 0.022006 0.0254271 0.0279224 0.0291807 0.0290755 0.027691 0.025292 0.0222507 0.0189566 0.0157388 0.0128197 0.0103085 0.00822149 0.00651797 0.00513416
 1.01921e-16 2.73098e-05 0.000160268 0.000761803 0.00293292 0.00914598 0.0231022 0.0472712 0.0783613 0.105249 0.114565 0.101132 0.0725626 0.0426894 0.0213563 0.0104963 0.00719124 0.00797638 0.0107054 0.0143756 0.0184683 0.0225506 0.0261709 0.0289003 0.0304188 0.0305849 0.0294631 0.0272956 0.0244326 0.0212456 0.0180521 0.0150726 0.0124229 0.0101344 0.0081867 0.00653823
 1.01838e-16 2.97012e-05 0.000174312 0.00082858 0.00319004 0.00994781 0.0251275 0.0514148 0.085228 0.114466 0.12458 0.109932 0.0787875 0.0461722 0.0227661 0.0106392 0.0065855 0.0068134 0.00898545 0.0120385 0.015471 0.0189072 0.0219684 0.0242976 0.0256271 0.0258373 0.0249789 0.0232492 0.0209349 0.0183398 0.0157234 0.0132652 0.0110594 0.00913188 0.00746759 0.00603571
 1.01817e-16 2.76158e-05 0.000162064 0.00077034 0.00296578 0.00924847 0.023361 0.0478009 0.0792395 0.106429 0.115849 0.102266 0.0733775 0.0431708 0.0216004 0.0106206 0.0072795 0.00807141 0.0108225 0.0145141 0.0186156 0.0226833 0.0262559 0.0288987 0.0302913 0.0302998 0.0290035 0.0266641 0.0236531 0.0203598 0.0171138 0.0141388 0.0115458 0.0093549 0.00753033 0.00601474
 1.03469e-16 1.61511e-05 9.47396e-05 0.000450235 0.00173324 0.00540478 0.0136525 0.0279378 0.0463215 0.0622435 0.0678255 0.0600462 0.0434616 0.0263309 0.0145865 0.00950912 0.00951314 0.0126534 0.0176807 0.0238959 0.0307367 0.0375574 0.0436224 0.0482231 0.0508271 0.0511969 0.0494348 0.0459361 0.0412747 0.0360594 0.0308109 0.0258905 0.0214886 0.0176582 0.0143689 0.0115571
pSPR Fmed_Fpbrs
0.506509   0.6 0.325
Fs Fmed_Fpbrs
0.664899   0.446606 1.52589
SSBpbr Bo_Bmed_Bpbrs
877613  400638  482687 241344
Ro
34609.4
SPR SPRFo_SPRFmed_SPRFpbrs
711667 360465 231292
log_Ro
10.2719
likeval ReclasPelacesDesembMPH_pf_preclas_ppelaces_ptallas_desvR_qrecl_qpela
 63.9979 14.921 0.00865822 0.000201215 309.43 189.468 76.7755 0 16.0284 7.35033e-06 8.04533e-05 2.16077e-14 0 0 0
q_reclas_q_pelaces
0.681008 3.58264
M
0.7
N
 36161.9 10857.1 3524.61 415.443 0.227304
 43906.1 16218 2753.65 675.357 77.9619
 22501.9 19857.6 4348.15 570.828 153.111
 33971.5 9503.32 3389.08 475.212 76.4457
 60820.1 16294.4 3753.93 1216.79 196.616
 42633.6 30021.7 7777.64 1762.48 662.758
 77583.2 20011.2 10281.2 2280.91 702.753
 75494.8 37175.5 7852.7 3656.97 1053.25
 98881.9 34942.4 11607.5 2020.26 1193.81
 116876 45348.2 10268.4 2740.34 745.974
 66686.3 54734 15298 2947.83 988.463
 46078.3 29712.1 13294.4 2756.99 693.214
 45950.3 20803.4 7874.16 2710.98 689.487
 24866.8 19600.4 3791.16 944.403 394.896
 14462.7 9150.03 1348.09 114.271 37.8689
 13305.9 5087.16 467.486 26.6621 2.79616
 10077.6 5707.34 961.699 59.06 3.60839
 11573.8 4494.01 1394.28 174.737 11.1316
 12448.2 5338.67 1371.99 347.453 45.6044
 19921.3 5824.63 1790.93 390.756 110.549
 26048.4 9291.92 1913.63 495.218 136.786
 32830.9 12566.3 3812.62 725.086 238.004
 51775 15736.6 4941.69 1360.21 341.021
 61394.9 24628.6 5885.07 1641.8 560.075
 26675 29196.1 9192.9 1949.96 722.88
pred_Ctot
 2534.05 3968.69 1642.15 196.357 0.107516
 2832.83 5557.87 1211.82 301.666 34.8512
 2442.38 9948.27 2648.29 351.536 94.3464
 834.931 1416.48 687.815 98.3124 15.8313
 261.749 455.656 147.711 48.927 7.915
 1685.43 6845.4 2360.03 544.235 204.843
 1960.88 3060.09 2138.39 483.554 149.135
 3703.87 10192 2825.22 1337.52 385.557
 5463.27 10570.3 4567.4 807.614 477.637
 4802.75 10692.3 3214.49 872.834 237.821
 4959.75 20941.5 7418.03 1449.49 486.398
 3026.61 10326.7 5924.16 1246.83 313.748
 4701.26 10017.2 4642.48 1616.91 411.483
 4712.55 13479.3 2941.9 737.473 308.472
 3094.42 6639.01 1085.65 92.5179 30.6685
 1314.69 2391.84 270.232 15.5955 1.63658
 743.757 2170.88 463.948 28.8938 1.76663
 594.461 1280.09 519.459 66.1651 4.21867
 518.74 1274.05 434.34 111.909 14.7019
 873.085 1451.46 590.145 130.971 37.0865
 535.214 1173.74 331.241 87.4219 24.1724
 822.423 1906.02 786.821 152.527 50.1168
 1571.11 2840.28 1203.61 337.485 84.6948
 1875.29 4471.45 1441.41 409.624 139.874
 741.415 4868.23 2076.69 448.86 166.566
F
 0.101887 0.671889 0.952285 0.973671 0.974823
 0.0934678 0.61637 0.873597 0.893216 0.894273
 0.161958 1.06803 1.51374 1.54774 1.54957
 0.0347016 0.228839 0.324339 0.331623 0.332015
 0.00600014 0.0395677 0.0560804 0.0573398 0.0574077
 0.0563501 0.371599 0.526677 0.538505 0.539142
 0.0357017 0.235433 0.333686 0.34118 0.341583
 0.0703614 0.463996 0.657633 0.672402 0.673198
 0.0795559 0.524629 0.74357 0.760269 0.761168
 0.0586318 0.386645 0.548002 0.560309 0.560972
 0.108446 0.71514 1.01359 1.03635 1.03758
 0.0952264 0.627968 0.890034 0.910023 0.9111
 0.152013 1.00244 1.42079 1.4527 1.45442
 0.299775 1.97686 2.80185 2.86477 2.86816
 0.344856 2.27414 3.2232 3.29559 3.29949
 0.146452 0.965774 1.36882 1.39956 1.40121
 0.107571 0.709377 1.00542 1.028 1.02921
 0.0737713 0.486482 0.689504 0.704989 0.705823
 0.0594805 0.392242 0.555935 0.56842 0.569093
 0.0626428 0.413096 0.585491 0.59864 0.599348
 0.0289375 0.190827 0.270464 0.276538 0.276865
 0.0353798 0.233311 0.330678 0.338104 0.338504
 0.0430014 0.283572 0.401913 0.410939 0.411426
 0.0432901 0.285475 0.404611 0.413698 0.414188
 0.0393235 0.259317 0.367537 0.375791 0.376236
Np
 25448.4 12061 4648.78 3591.13 1324.12
YTP_r0W_actual
 8303.84 107101 68530.6 18448.1 7129.02
YTP_p0W_proyectada
 7113.3 52855.2 90985.8 34155.1 11018.2
 7113.3 50055.3 37810.6 38802.5 16362
CTP_r0_actual
 741.415 4868.23 2076.69 448.86 166.566
CTP_p0_proyectada
 836.859 2469.87 2916.21 839.191 236.951
 836.859 2339.03 1211.88 953.378 351.87
Wmedp
 8.5 21.4 31.2 40.7 46.5
nmprior
 10.6 11 7 0
nm_flota  nm_reclas  nm_pelaces    nm_pelaL
inf 18.9469 16.1259 37.1349
cv_recla  cv_pelaces  cv_mph
0.723616 0.437997 0.460223
 ------------------------------------------------
Talla a la edad & desviaci?n 
 7.2 14.2025 17.0495 18.207 18.6776
 1.08 2.13037 2.55742 2.73105 2.80164
