years
 1997 1998 1999 2000 2001 2002 2003 2004 2005 2006 2007 2008 2009 2010 2011 2012 2013 2014 2015 2016 2017 2018 2019 2020
reclasobs
 0 0 0 370054 412103 1.49427e+06 250295 1.28982e+06 931140 785840 897777 1.04006e+06 184774 17550 25797 100020 73551 82996 120727 218422 84188 347160 605670 569463
reclaspred
 485803 125591 322987 223294 358899 438617 953669 654212 741943 760874 645713 452824 279079 115518 68525.6 64980.8 78421.8 104628 112139 154412 233412 221775 385207 463549
pelacesobs
 0 0 0 0 0 0 0 0 0 2.06254e+06 1.5e+06 0 1.87456e+06 323000 250000 174000 83755 137374 0 501740 490994 745055 786931 1.00524e+06
pelacespred
 1.92915e+06 448617 679213 762710 1.07615e+06 1.06604e+06 2.63385e+06 2.171e+06 2.20371e+06 2.30125e+06 1.70716e+06 1.25047e+06 743124 238176 141939 150121 190534 267942 292628 391642 687410 640727 857315 1.21695e+06
mphobs
 0 0 0 0 0 112323 0 153150 637223 0 255016 313432 73983 77613 109348 50772 0 0 0 0 0 0 0 0
mphpred
 177653 97962.8 109564 108230 125863 211568 300367 366709 317471 339309 354548 251122 159476 82340.1 34936.7 27789.2 31130.7 41247.1 51088.9 58158.3 88401.3 109018 137566 193841
desembarqueobs
 350755 77701 442110 56441 14545 235359 269955 359681 431902 328805 639364 411747 362871 311530 167758 66681 60226 58785 57116 71774 51957 67425 138520 160799
desembarquepred
 350761 77699.5 442090 56443.8 14545.2 235432 270014 359669 431940 328811 639309 411776 362933 311615 167584 66677.6 60253 58778.7 57101.4 71771.8 51959.9 67416 138522 160807
Reclutas
 36643 44651.2 23370.4 35357.5 61911.5 43863.9 77143.7 77382.9 99828.1 117195 67306.4 46858.6 45117.1 24574.8 14467.1 13330.3 10276.9 11483.9 12539 20268.4 26548.5 34823.9 55430.2 58165.4
log_desv_Rt
 0.0332503 0.230908 -0.416504 -0.0024605 0.557733 0.213118 0.777697 0.780794 1.03548 1.19587 0.641282 0.279163 0.24129 -0.366252 -0.896093 -0.97793 -1.23808 -1.12703 -1.03913 -0.558911 -0.289 -0.0176675 0.447152 0.495319
SSB
 453761 250216 279848 276441 321478 540384 767194 936645 810882 866660 905584 641415 407333 210312 89235.1 70978.9 79513.8 105353 130491 148548 225794 278453 351369 495107
BT
 1.55769e+06 380746 669672 502518 647349 759603 1.80531e+06 1.66698e+06 1.73574e+06 1.6756e+06 1.55125e+06 1.08907e+06 795156 433407 228701 145382 163953 206625 214120 290992 450093 415504 581473 824038
Ftot
 0.944792 0.861684 1.47238 0.310176 0.0541499 0.514747 0.326516 0.65191 0.733218 0.541913 1.00794 0.881211 1.38831 2.7437 3.18482 1.36385 1.00505 0.685897 0.559516 0.574231 0.273918 0.326136 0.386558 0.385378
BD_Bspro_t
 0.911723 0.642365 0.565659 0.387309 0.550815 0.725348 0.671467 0.686534 0.621188 0.591982 0.57202 0.415131 0.313582 0.211821 0.114264 0.112672 0.16808 0.275505 0.374942 0.46497 0.596935 0.704194 0.716541 0.722112
BD_Bspro
 0.622252 0.343126 0.383761 0.37909 0.440849 0.74104 1.05207 1.28444 1.11198 1.18847 1.24185 0.879586 0.558584 0.288406 0.12237 0.0973348 0.109039 0.144473 0.178945 0.203706 0.309636 0.381849 0.481839 0.67895
BD_Bo
 0.516836 0.284997 0.318748 0.314868 0.366165 0.615501 0.873838 1.06684 0.923599 0.98713 1.03146 0.730575 0.463954 0.239547 0.101639 0.0808454 0.0905666 0.119998 0.14863 0.169196 0.257181 0.31716 0.400211 0.563929
BD_Brms
 0.939702 0.518177 0.579542 0.572487 0.665755 1.11909 1.5888 1.93972 1.67927 1.79478 1.87539 1.32832 0.843554 0.43554 0.184799 0.146992 0.164667 0.218178 0.270236 0.30763 0.467601 0.576654 0.727656 1.02533
S_f
 0.107863 0.69671 0.977602 0.998796 0.999937
 0.107863 0.69671 0.977602 0.998796 0.999937
 0.107863 0.69671 0.977602 0.998796 0.999937
 0.107863 0.69671 0.977602 0.998796 0.999937
 0.107863 0.69671 0.977602 0.998796 0.999937
 0.107863 0.69671 0.977602 0.998796 0.999937
 0.107863 0.69671 0.977602 0.998796 0.999937
 0.107863 0.69671 0.977602 0.998796 0.999937
 0.107863 0.69671 0.977602 0.998796 0.999937
 0.107863 0.69671 0.977602 0.998796 0.999937
 0.107863 0.69671 0.977602 0.998796 0.999937
 0.107863 0.69671 0.977602 0.998796 0.999937
 0.107863 0.69671 0.977602 0.998796 0.999937
 0.107863 0.69671 0.977602 0.998796 0.999937
 0.107863 0.69671 0.977602 0.998796 0.999937
 0.107863 0.69671 0.977602 0.998796 0.999937
 0.107863 0.69671 0.977602 0.998796 0.999937
 0.107863 0.69671 0.977602 0.998796 0.999937
 0.107863 0.69671 0.977602 0.998796 0.999937
 0.107863 0.69671 0.977602 0.998796 0.999937
 0.107863 0.69671 0.977602 0.998796 0.999937
 0.107863 0.69671 0.977602 0.998796 0.999937
 0.107863 0.69671 0.977602 0.998796 0.999937
 0.107863 0.69671 0.977602 0.998796 0.999937
Scru_reclas
 0.739671 0.955289 0.993815 0.999173 0.99989
 0.739671 0.955289 0.993815 0.999173 0.99989
 0.739671 0.955289 0.993815 0.999173 0.99989
 0.739671 0.955289 0.993815 0.999173 0.99989
 0.739671 0.955289 0.993815 0.999173 0.99989
 0.739671 0.955289 0.993815 0.999173 0.99989
 0.739671 0.955289 0.993815 0.999173 0.99989
 0.739671 0.955289 0.993815 0.999173 0.99989
 0.739671 0.955289 0.993815 0.999173 0.99989
 0.739671 0.955289 0.993815 0.999173 0.99989
 0.739671 0.955289 0.993815 0.999173 0.99989
 0.739671 0.955289 0.993815 0.999173 0.99989
 0.739671 0.955289 0.993815 0.999173 0.99989
 0.739671 0.955289 0.993815 0.999173 0.99989
 0.739671 0.955289 0.993815 0.999173 0.99989
 0.739671 0.955289 0.993815 0.999173 0.99989
 0.739671 0.955289 0.993815 0.999173 0.99989
 0.739671 0.955289 0.993815 0.999173 0.99989
 0.739671 0.955289 0.993815 0.999173 0.99989
 0.739671 0.955289 0.993815 0.999173 0.99989
 0.739671 0.955289 0.993815 0.999173 0.99989
 0.739671 0.955289 0.993815 0.999173 0.99989
 0.739671 0.955289 0.993815 0.999173 0.99989
 0.739671 0.955289 0.993815 0.999173 0.99989
Scru_pelaces
 0.708298 1 1 1 1
 0.708298 1 1 1 1
 0.708298 1 1 1 1
 0.708298 1 1 1 1
 0.708298 1 1 1 1
 0.708298 1 1 1 1
 0.708298 1 1 1 1
 0.708298 1 1 1 1
 0.708298 1 1 1 1
 0.708298 1 1 1 1
 0.708298 1 1 1 1
 0.708298 1 1 1 1
 0.708298 1 1 1 1
 0.708298 1 1 1 1
 0.708298 1 1 1 1
 0.708298 1 1 1 1
 0.708298 1 1 1 1
 0.708298 1 1 1 1
 0.708298 1 1 1 1
 0.708298 1 1 1 1
 0.708298 1 1 1 1
 0.708298 1 1 1 1
 0.708298 1 1 1 1
 0.708298 1 1 1 1
pf_obs 
 0.256992 0.487395 0.22802 0.0275931 0
 0.321318 0.546541 0.124235 0.00734118 0.000564706
 0.182869 0.594174 0.210203 0.0122559 0.00049798
 0.330522 0.361315 0.267642 0.0388342 0.00168674
 0.649043 0.306663 0.0425973 0.00169635 0
 0.582887 0.30429 0.105238 0.00758474 0
 0.465427 0.430635 0.0974691 0.00646863 0
 0.296916 0.608066 0.0921331 0.00288517 0
 0.311714 0.524322 0.152257 0.0117073 0
 0.15457 0.633149 0.183074 0.0267441 0.00246327
 0.131901 0.49318 0.331252 0.0422183 0.00144891
 0.196976 0.569456 0.194076 0.0375587 0.00193317
 0.518974 0.381816 0.0799577 0.0180837 0.00116848
 0.0928022 0.601141 0.25162 0.0475244 0.00691264
 0.122501 0.610282 0.24278 0.0234846 0.000952079
 0.383417 0.481906 0.127806 0.00687128 0
 0.0376549 0.599619 0.316969 0.0457579 0
 0.0361596 0.667082 0.258105 0.0386534 0
 0.158088 0.579412 0.248529 0.0139706 0
 0.0477256 0.309471 0.559284 0.082774 0.000745712
 0.0406174 0.521527 0.379366 0.0568643 0.0016247
 0.151134 0.462217 0.34131 0.0453401 0
 0.294876 0.26143 0.354403 0.0886775 0.000613685
 0.281977 0.475581 0.204845 0.0348837 0.00271318
pf_pred 
 0.307077 0.473877 0.195649 0.0233838 1.29012e-05
 0.288154 0.555107 0.122207 0.0309524 0.00358022
 0.160873 0.637594 0.171647 0.0234662 0.00641924
 0.275027 0.459715 0.225901 0.0337255 0.00563181
 0.282419 0.493345 0.160415 0.0545461 0.00927456
 0.147097 0.581969 0.20452 0.0477994 0.018615
 0.24806 0.393905 0.273685 0.0640984 0.0202522
 0.2062 0.541531 0.15567 0.074272 0.0223265
 0.250454 0.484493 0.204096 0.0380373 0.0229194
 0.242859 0.535407 0.16455 0.0443418 0.0128426
 0.142609 0.58905 0.211061 0.0428122 0.0144679
 0.147588 0.492065 0.282836 0.061413 0.0160982
 0.214364 0.468998 0.218351 0.0776861 0.0206009
 0.210431 0.597787 0.139825 0.0362817 0.015675
 0.283285 0.599408 0.103824 0.0100012 0.00348139
 0.331254 0.593734 0.069954 0.00451333 0.000544695
 0.223723 0.630405 0.136189 0.00905347 0.000628925
 0.240103 0.521909 0.208729 0.0273779 0.00188089
 0.224823 0.533384 0.186982 0.048245 0.00656588
 0.289212 0.468192 0.187004 0.0432602 0.0123324
 0.253047 0.543136 0.152138 0.040091 0.0115879
 0.231915 0.506806 0.207519 0.0403725 0.013387
 0.267714 0.472315 0.192149 0.0541411 0.0136813
 0.206869 0.550177 0.177026 0.0490518 0.0168763
pobs_RECLAS
 0 0 0 0 0
 0 0 0 0 0
 0 0 0 0 0
 0 0 0 0 0
 0.835266 0.146461 0.0176864 0.000547809 3.91292e-05
 0.385257 0.428462 0.181853 0.0044286 0
 0.867414 0.0963971 0.0333333 0.00285562 0
 0.441836 0.489002 0.0689373 0.000224442 0
 0.779404 0.147425 0.0564933 0.0165055 0.000172143
 0.814271 0.122319 0.05973 0.00367925 0
 0.40263 0.566651 0.0304383 0.000280538 0
 0.475488 0.404961 0.113038 0.00651328 0
 0.955842 0.0263864 0.0167828 0.000988607 0
 0.975058 0.0227948 0.00214734 0 0
 0.738997 0.206755 0.0527124 0.00153531 0
 0.850938 0.134255 0.0134407 0.00136685 0
 0.542534 0.407297 0.0501686 0 0
 0.764087 0.199537 0.0359546 0.000420521 0
 0.470689 0.182191 0.310203 0.0369168 0
 0.84361 0.089868 0.0606195 0.00523954 0.000663233
 0.607945 0.314616 0.071237 0.00620181 0
 0.523733 0.453247 0.0230204 0 0
 0.530135 0.295979 0.169645 0.0042399 0
 0.562478 0.366248 0.0663022 0.0049721 0
ppred_RECLAS
 0.718846 0.211183 0.0626209 0.00734589 4.05055e-06
 0.692707 0.255481 0.0405594 0.0100861 0.00116601
 0.531177 0.384471 0.0720706 0.00964543 0.00263667
 0.680272 0.224555 0.0812517 0.0119305 0.00199136
 0.682385 0.23789 0.0572962 0.0191705 0.00325819
 0.491234 0.379915 0.0976758 0.0224404 0.00873494
 0.656962 0.205861 0.105272 0.0242481 0.0076578
 0.594884 0.303057 0.0634042 0.0297239 0.00893063
 0.657471 0.245509 0.0750159 0.0137333 0.00827068
 0.641027 0.275848 0.0619621 0.016412 0.00475107
 0.490891 0.384291 0.0985727 0.0196194 0.00662628
 0.506977 0.323185 0.133835 0.0285296 0.00747435
 0.628337 0.252891 0.0824352 0.0287248 0.00761211
 0.648494 0.29308 0.0429467 0.0108135 0.0046663
 0.738371 0.234268 0.0243098 0.00226403 0.00078701
 0.735489 0.243011 0.020078 0.00126888 0.000153032
 0.616316 0.32921 0.0509218 0.00332161 0.000230612
 0.641042 0.269752 0.078408 0.0101041 0.000693805
 0.619108 0.286425 0.0733384 0.0185986 0.00252993
 0.697221 0.219922 0.0641236 0.0145792 0.0041541
 0.648716 0.275422 0.0568642 0.014739 0.00425823
 0.62723 0.270486 0.0815168 0.0155971 0.00516944
 0.672532 0.233469 0.0697817 0.0193346 0.00488354
 0.590888 0.309237 0.0731052 0.0199193 0.00685006
pobs_PELACES
 0 0 0 0 0
 0 0 0 0 0
 0 0 0 0 0
 0 0 0 0 0
 0 0 0 0 0
 0 0 0 0 0
 0 0 0 0 0
 0 0 0 0 0
 0 0 0 0 0
 0 0 0 0 0
 0.450072 0.473896 0.0757376 0.000293798 0
 0 0 0 0 0
 0.463077 0.371075 0.160297 0.00555027 0
 0.529543 0.364841 0.0842815 0.0213345 0
 0.631943 0.363953 0.00410389 0 0
 0.735681 0.248677 0.0153453 0.000297389 0
 0.695825 0.281241 0.0229344 0 0
 0.275771 0.60734 0.115278 0.00161068 0
 0 0 0 0 0
 0.896147 0.0623911 0.0374545 0.00400742 0
 0.803859 0.145111 0.0509908 3.86294e-05 0
 0.739449 0.233085 0.0266225 0.000797448 4.60066e-05
 0.878498 0.100942 0.0204185 0.000141795 0
 0.694673 0.275183 0.0284847 0.00165964 0
ppred_PELACES
 0.743396 0.198701 0.0518865 0.00601415 3.31266e-06
 0.713144 0.243196 0.0342633 0.00842381 0.000972824
 0.587036 0.348915 0.0548494 0.00722648 0.00197291
 0.678388 0.230478 0.0778902 0.0113509 0.00189304
 0.667654 0.251777 0.0579983 0.019294 0.00327677
 0.499447 0.382064 0.090021 0.0204969 0.00797117
 0.657502 0.211379 0.100806 0.0230422 0.00727087
 0.609912 0.299248 0.0566514 0.0262956 0.00789299
 0.675985 0.239297 0.0656654 0.0118958 0.00715699
 0.649454 0.274977 0.0564635 0.0148191 0.00428599
 0.52546 0.369693 0.0830214 0.0163201 0.00550592
 0.537671 0.315719 0.115817 0.0244055 0.0063872
 0.680888 0.22874 0.0630177 0.0216299 0.00572484
 0.750371 0.217519 0.0237585 0.00583697 0.00251439
 0.831704 0.155354 0.0115348 0.00104497 0.00036255
 0.770506 0.213509 0.0149429 0.000930372 0.000112069
 0.645213 0.309915 0.0419801 0.00270458 0.000187567
 0.656791 0.264429 0.0693302 0.00884381 0.000606676
 0.628969 0.285326 0.0666758 0.0167526 0.00227671
 0.707174 0.218098 0.0579581 0.0130542 0.00371611
 0.643732 0.283283 0.0548104 0.0141034 0.00407127
 0.625679 0.276844 0.0778103 0.0147743 0.00489263
 0.674218 0.237346 0.0657905 0.0180821 0.00456323
 0.591896 0.314194 0.068892 0.0186204 0.00639786
pobs_pel_tallas
 0 0 0 0 0 0 0 0 0 0 0 0 0 0 0 0 0 0 0 0 0 0 0 0 0 0 0 0 0 0 0 0 0 0 0 0
 0 0 0 0 0 0 0 0 0 0 0 0 0 0 0 0 0 0 0 0 0 0 0 0 0 0 0 0 0 0 0 0 0 0 0 0
 0 0 0 0 0 0 0 0 0 0 0 0 0 0 0 0 0 0 0 0 0 0 0 0 0 0 0 0 0 0 0 0 0 0 0 0
 0 0 0 0 0 0 0 0 0 0 0 0 0 0 0 0 0 0 0 0 0 0 0 0 0 0 0 0 0 0 0 0 0 0 0 0
 0 0 0 0 0 0 0 0 0 0 0 0 0 0 0 0 0 0 0 0 0 0 0 0 0 0 0 0 0 0 0 0 0 0 0 0
 0 0 0 0 0 0 0 0 0 0 0 0 0 0 0 0 0 0 0 0 0 0 0 0 0 0 0 0 0 0 0 0 0 0 0 0
 0 0 0 0 0 0 0 0 0 0 0 0 0 0 0 0 0 0 0 0 0 0 0 0 0 0 0 0 0 0 0 0 0 0 0 0
 0 0 0 0 0 0 0 0 0 0 0 0 0 0 0 0 0 0 0 0 0 0 0 0 0 0 0 0 0 0 0 0 0 0 0 0
 0 0 0 0 0 0 0 0 0 0 0 0 0 0 0 0 0 0 0 0 0 0 0 0 0 0 0 0 0 0 0 0 0 0 0 0
 0 0 0 0 0 0 0 0 0 0 0 0 0 0 0 0 0 0 0 0 0 0 0 0 0 0 0 0 0 0 0 0 0 0 0 0
 0 0 0 0 0 0 0 0 1.78061e-05 0.00172719 0.00360574 0.0105946 0.0120993 0.0124554 0.0147524 0.0171206 0.0266825 0.0428682 0.0675386 0.121331 0.153587 0.119568 0.100827 0.0573624 0.0630603 0.0341343 0.0324427 0.0444173 0.0211091 0.0280891 0.0125444 0.00206551 0 0 0 0
 0 0 0 0 0 0 0 0 0 0 0 0 0 0 0 0 0 0 0 0 0 0 0 0 0 0 0 0 0 0 0 0 0 0 0 0
 0 0 0 0 0 0 0.0133647 0.0140871 0.0187388 0.0205184 0.03894 0.0496705 0.03968 0.0493445 0.0407372 0.0367815 0.0215668 0.0243155 0.0234873 0.0199281 0.019796 0.0243948 0.0301388 0.0376714 0.0412746 0.0863199 0.0771752 0.113111 0.0741005 0.0525337 0.0229764 0.00759418 0.00175318 0 0 0
 0 0 0 0 0 0 0 0 0 0 0.00219441 0.00772107 0.0458388 0.0604681 0.0671733 0.0775358 0.0609151 0.0617685 0.073594 0.0568108 0.0755445 0.0548602 0.0670107 0.0636378 0.0643287 0.046367 0.0373049 0.0286899 0.0247887 0.0153202 0.00654259 0.00121912 0.000365735 0 0 0
 0 0 0 0 0 0 0 0 0 0 0 0 0.000112435 0.00938835 0.0111873 0.0202946 0.0414886 0.0713402 0.111592 0.104902 0.108894 0.110636 0.117776 0.105296 0.107544 0.0401394 0.0192827 0.0124803 0.00416011 0.0028671 0.000618394 0 0 0 0 0
 0 0 0 0 0 0 0 0 0 0 0.00291406 0.0102884 0.027416 0.0768956 0.0749926 0.110853 0.0956884 0.0897413 0.0766577 0.0534642 0.0500743 0.0551293 0.0594112 0.0620874 0.0668451 0.0424026 0.0208742 0.0120726 0.0048766 0.00582813 0.00118941 0.000297354 0 0 0 0
 0 0.00264628 0.0354308 0.0461629 0.0458689 0.0383711 0.0214643 0.0164657 0.0346957 0.0420465 0.0363128 0.0245516 0.0311673 0.0291091 0.0169068 0.0133784 0.00837989 0.0085269 0.0148486 0.0160247 0.0276389 0.0546898 0.0760071 0.122758 0.109233 0.0665981 0.0333725 0.0166128 0.00676272 0.00308733 0.000882094 0 0 0 0 0
 0 0 0 0 0 0 0 0.000805153 0.000690131 0.00759144 0.0133425 0.0154129 0.00931677 0.000345066 0.00356568 0.00563607 0.00851162 0.0253048 0.0502646 0.0516448 0.0657925 0.0565908 0.0611916 0.0827007 0.0866115 0.110766 0.145733 0.0935128 0.0569358 0.0249597 0.0138026 0.00621118 0.00161031 0.00115022 0 0
 0 0 0 0 0 0 0 0 0 0 0 0 0 0 0 0 0 0 0 0 0 0 0 0 0 0 0 0 0 0 0 0 0 0 0 0
 0.00147267 0.00158595 0.00478618 0.00569244 0.00954404 0.0108468 0.00647125 0.017049 0.0510054 0.094081 0.124002 0.0959785 0.0687766 0.0820023 0.061753 0.0591476 0.0492212 0.0479892 0.0443925 0.0268479 0.0217502 0.0140895 0.0121071 0.0120363 0.00920419 0.00665534 0.0049561 0.00860946 0.00930331 0.0156896 0.0114698 0.00855282 0.00243557 0.00046729 0 2.83206e-05
 0 0 0 0 0.000772559 0.00158375 0.000888443 0.00281984 0.00712685 0.0440552 0.0773331 0.111326 0.0921469 0.0852325 0.0710754 0.0886704 0.0786465 0.0553345 0.0373146 0.0185414 0.00753245 0.00457741 0.012979 0.0271748 0.0457355 0.0583668 0.034881 0.0177882 0.00938659 0.00492506 0.0015258 0.00185414 0.000309023 5.79419e-05 3.86279e-05 0
 0 0.00173294 0.00326652 0 0.00397197 0.00683976 0.00946217 0.0152591 0.00757587 0.0136028 0.0228656 0.0392903 0.0559909 0.0764795 0.0681675 0.0726916 0.0566044 0.0477403 0.0527397 0.0444891 0.0609904 0.0582453 0.0661739 0.0445044 0.0529084 0.0360697 0.0280645 0.0235558 0.0158879 0.00826598 0.00280645 0.00217768 0.000904811 0.00058276 9.20147e-05 0
 0 0 0 0 0 0 0 0 0 0 0 0 0 0 0 0 0 0 0 0 0 0 0 0 0 0 0 0 0 0 0 0 0 0 0 0
 0 0 0 0 0 0 0 0 0 0 0 0 0 0 0 0 0 0 0 0 0 0 0 0 0 0 0 0 0 0 0 0 0 0 0 0
ppred_pel_tallas
 1.01009e-16 3.24363e-05 0.000190373 0.00090494 0.00348406 0.0108647 0.0274434 0.0561531 0.0930808 0.125007 0.136039 0.120012 0.0859412 0.0502225 0.0244981 0.0110027 0.00620779 0.00595137 0.00767402 0.0102303 0.0131152 0.0159851 0.018509 0.0203782 0.0213644 0.0213695 0.0204451 0.0187722 0.0166104 0.0142345 0.01188 0.0097108 0.00781271 0.00620783 0.00487793 0.00378708
 1.00901e-16 3.1119e-05 0.000182635 0.000868144 0.00334237 0.0104228 0.0263274 0.0538699 0.0892977 0.119931 0.130527 0.115177 0.0825419 0.0483615 0.0238239 0.0110944 0.00680782 0.00698379 0.00916324 0.0122207 0.0156189 0.0189539 0.0218239 0.0238564 0.0247831 0.0245016 0.0230976 0.0208177 0.0180033 0.0150095 0.0121346 0.00957879 0.00743631 0.00571499 0.0043681 0.0033262
 1.01233e-16 2.56244e-05 0.000150367 0.000714717 0.0027516 0.00858053 0.021674 0.0443495 0.0735207 0.0987556 0.107517 0.0949585 0.0682385 0.0403572 0.020581 0.0107594 0.00818865 0.00963861 0.013089 0.0175532 0.0224542 0.0272584 0.0313965 0.0343345 0.0356853 0.0352993 0.0332969 0.0300292 0.0259843 0.0216713 0.0175193 0.0138177 0.0107058 0.00819867 0.00623308 0.00471231
 1.0166e-16 2.96031e-05 0.000173736 0.000825839 0.00317949 0.00991491 0.0250444 0.0512447 0.0849461 0.114087 0.124168 0.109569 0.0785289 0.0460236 0.0226983 0.0106173 0.00658612 0.00682707 0.00901181 0.0120819 0.0155383 0.0190061 0.0221064 0.0244798 0.0258549 0.0261062 0.0252775 0.0235595 0.0212339 0.0186024 0.0159261 0.0133899 0.0110964 0.00908114 0.00733839 0.00584481
 1.01722e-16 2.91358e-05 0.000170991 0.000812785 0.00312922 0.00975814 0.0246484 0.0504347 0.0836041 0.112287 0.122214 0.107858 0.077331 0.0453786 0.022486 0.0106942 0.00686764 0.0072931 0.00967592 0.0129605 0.0166297 0.0202794 0.0234976 0.0258973 0.027192 0.0272599 0.0261676 0.024143 0.0215114 0.0186147 0.0157425 0.0130924 0.0107636 0.00877627 0.00710264 0.00569645
 1.0248e-16 2.18065e-05 0.000127949 0.000608135 0.00234122 0.00730076 0.0184414 0.0377358 0.0625594 0.0840403 0.0915176 0.0808798 0.058234 0.0346672 0.0180987 0.0101446 0.00854801 0.010595 0.0145783 0.0196346 0.0252064 0.0307328 0.035598 0.0392151 0.0411493 0.0412158 0.0395168 0.0364001 0.0323622 0.0279252 0.0235324 0.0194871 0.0159424 0.0129301 0.0104079 0.00830362
 1.02632e-16 2.86916e-05 0.000168386 0.000800411 0.00308159 0.00960962 0.0242732 0.0496667 0.0823301 0.110573 0.120342 0.106188 0.0760964 0.0445793 0.0219524 0.0102148 0.0062703 0.00646103 0.00853884 0.0114927 0.0148596 0.0183007 0.0214722 0.0240422 0.0257506 0.0264621 0.0261873 0.0250655 0.0233174 0.0211851 0.0188819 0.0165638 0.0143256 0.0122149 0.0102528 0.00845121
 1.02175e-16 2.66199e-05 0.000156216 0.000742534 0.00285872 0.00891458 0.0225177 0.0460755 0.07638 0.102591 0.111678 0.0985987 0.0707789 0.041708 0.0209909 0.0105233 0.00747131 0.00846437 0.011408 0.0153102 0.0196366 0.0239256 0.0276924 0.0304801 0.0319536 0.0319744 0.0306294 0.0281969 0.025069 0.0216551 0.0182983 0.0152288 0.0125563 0.010295 0.00840169 0.00681283
 1.01754e-16 2.94986e-05 0.000173122 0.000822918 0.00316824 0.00987983 0.0249558 0.0510635 0.0846459 0.113685 0.123732 0.109189 0.078267 0.0458908 0.0226711 0.010668 0.00670111 0.00700714 0.00926396 0.0124107 0.0159393 0.0194624 0.0225877 0.0249454 0.0262598 0.0264096 0.025451 0.0235936 0.0211394 0.0184084 0.0156735 0.0131233 0.0108557 0.00889595 0.00722482 0.0058055
 1.01601e-16 2.83431e-05 0.000166335 0.000790646 0.00304397 0.0094923 0.0239769 0.049061 0.0813278 0.109232 0.118897 0.104947 0.0752805 0.044249 0.022063 0.0107206 0.00718418 0.00784962 0.0104839 0.0140461 0.0180043 0.0219227 0.025352 0.0278701 0.0291671 0.029115 0.0277943 0.0254633 0.0224873 0.019249 0.0160717 0.0131751 0.0106675 0.00856716 0.00683663 0.00541642
 1.02118e-16 2.29403e-05 0.000134607 0.000639787 0.00246309 0.00768083 0.0194014 0.0396999 0.0658146 0.0884101 0.0962681 0.0850589 0.0612011 0.0363494 0.0188225 0.0103049 0.00840652 0.0102599 0.0140655 0.0189253 0.0242788 0.0295772 0.0342224 0.0376464 0.0394298 0.0393972 0.0376524 0.0345386 0.0305434 0.0261796 0.0218822 0.0179487 0.0145289 0.0116523 0.00927405 0.00731872
 1.02884e-16 2.34707e-05 0.000137725 0.000654623 0.00252023 0.00785903 0.0198515 0.0406204 0.0673388 0.0904523 0.0984781 0.0869789 0.0625115 0.0369856 0.0188922 0.00993177 0.00763753 0.00906492 0.0123818 0.0167063 0.0215333 0.0263945 0.0307811 0.034202 0.0362822 0.0368424 0.0359313 0.0337953 0.0308037 0.0273536 0.023789 0.020354 0.0171861 0.014337 0.0118079 0.00957986
 1.0198e-16 2.97119e-05 0.000174375 0.00082888 0.0031912 0.00995143 0.0251366 0.0514334 0.0852588 0.114507 0.124624 0.109969 0.0788114 0.0461801 0.0227585 0.0106165 0.00654583 0.00675283 0.00889936 0.0119232 0.0153254 0.018734 0.0217751 0.0240961 0.0254329 0.0256678 0.0248506 0.0231761 0.0209261 0.0183986 0.0158475 0.0134468 0.0112867 0.00939056 0.00774217 0.00631125
 1.00727e-16 3.27412e-05 0.000192161 0.000913438 0.00351677 0.0109667 0.0277011 0.0566805 0.0939554 0.126183 0.137322 0.121151 0.0867735 0.0507418 0.024812 0.0112442 0.00647997 0.00631777 0.00816776 0.0108596 0.0138613 0.0167988 0.0193101 0.0210631 0.0218204 0.0214949 0.020169 0.0180696 0.0155083 0.0128076 0.0102371 0.00797584 0.00610566 0.00462865 0.00349677 0.00264126
 1.00268e-16 3.62851e-05 0.000212973 0.00101239 0.00389779 0.0121549 0.0307024 0.0628208 0.104131 0.139841 0.152165 0.134196 0.0960093 0.0559245 0.0269396 0.0115204 0.00568422 0.00474659 0.00583377 0.00768207 0.00977814 0.011822 0.0135484 0.0147195 0.0151679 0.0148351 0.0137858 0.0121894 0.0102761 0.00828369 0.00641039 0.00478749 0.00347387 0.00246855 0.00173222 0.00120915
 1.00319e-16 3.3619e-05 0.000197315 0.000937941 0.00361112 0.0112609 0.0284442 0.058201 0.0964755 0.129567 0.141001 0.12439 0.0890798 0.0520618 0.0254037 0.0114207 0.00645263 0.00617991 0.00794008 0.0105322 0.0134155 0.0162164 0.0185773 0.0201726 0.0207723 0.0202969 0.0188365 0.0166247 0.0139797 0.0112294 0.00864735 0.00641466 0.00461239 0.00323884 0.00223917 0.00153564
 1.00799e-16 2.81596e-05 0.000165254 0.000785501 0.00302415 0.00943048 0.0238208 0.0487418 0.0807998 0.108526 0.118136 0.104295 0.0748541 0.0440818 0.0221335 0.0110079 0.00769916 0.00863247 0.0115832 0.0154942 0.0197955 0.0239979 0.0275922 0.030104 0.031192 0.0307282 0.0288267 0.025808 0.0221151 0.0182091 0.0144778 0.0111825 0.00844696 0.00628146 0.00462371 0.00337966
 1.01403e-16 2.86627e-05 0.000168212 0.000799571 0.00307834 0.00959947 0.0242476 0.0496148 0.0822454 0.110464 0.120234 0.10612 0.0761065 0.0447032 0.0222317 0.0107074 0.00705368 0.00762305 0.0101588 0.0136155 0.0174688 0.0212968 0.0246655 0.0271653 0.0284923 0.0285156 0.0273033 0.0250953 0.0222356 0.0190889 0.0159673 0.0130877 0.0105638 0.00842485 0.00664683 0.00518273
 1.01722e-16 2.74503e-05 0.000161092 0.00076572 0.002948 0.009193 0.0232209 0.0475142 0.0787644 0.105791 0.115156 0.101657 0.0729456 0.0429275 0.0214989 0.0106043 0.00731173 0.00813838 0.0109242 0.0146556 0.0188021 0.0229177 0.0265368 0.0292201 0.0306427 0.0306671 0.02937 0.0270127 0.0239673 0.0206259 0.0173214 0.0142823 0.0116244 0.00937236 0.00749477 0.00593731
 1.01517e-16 3.08577e-05 0.000181103 0.000860866 0.00331436 0.0103355 0.0261067 0.0534182 0.0885483 0.118923 0.129425 0.114194 0.0818131 0.0478865 0.0235016 0.0107982 0.00643391 0.00646062 0.0084467 0.0112936 0.0144976 0.0176954 0.0205276 0.022657 0.0238328 0.0239452 0.023047 0.0213306 0.019073 0.0165675 0.0140641 0.0117353 0.00967072 0.00789286 0.00638335 0.00510747
 1.01546e-16 2.80939e-05 0.000164871 0.000783686 0.00301717 0.00940871 0.0237658 0.0486291 0.0806122 0.108272 0.117854 0.104032 0.0746375 0.043897 0.0219356 0.0107381 0.00729809 0.00804581 0.0107674 0.0144258 0.0184831 0.0224924 0.0259908 0.0285438 0.0298333 0.0297301 0.0283199 0.0258729 0.0227692 0.0194065 0.0161206 0.0131389 0.0105727 0.00843867 0.00669546 0.00527809
 1.01932e-16 2.73066e-05 0.000160249 0.000761713 0.00293257 0.00914489 0.0230994 0.0472655 0.078352 0.105237 0.114551 0.10112 0.0725535 0.0426833 0.021352 0.0104921 0.00718582 0.00796873 0.0106948 0.0143619 0.0184516 0.0225317 0.0261511 0.0288816 0.0304033 0.0305748 0.0294601 0.0273007 0.024446 0.0212664 0.0180789 0.0151033 0.0124556 0.0101671 0.00821776 0.00656644
 1.01846e-16 2.94215e-05 0.000172669 0.000820767 0.00315996 0.009854 0.0248905 0.05093 0.0844246 0.113388 0.123408 0.108903 0.0780605 0.0457673 0.0226056 0.0106299 0.00666788 0.00696634 0.00920992 0.0123419 0.0158578 0.0193738 0.0225015 0.0248743 0.0262181 0.0264112 0.0255072 0.0237107 0.0213177 0.018642 0.0159511 0.0134296 0.011174 0.00920984 0.00752001 0.00607113
 1.0202e-16 2.5835e-05 0.000151606 0.000720615 0.00277432 0.00865139 0.0218529 0.0447154 0.0741262 0.0995658 0.10839 0.0957106 0.0687363 0.0405661 0.0205306 0.0104807 0.00767777 0.00885882 0.0119928 0.0161082 0.0206654 0.0251837 0.0291532 0.0320919 0.033644 0.0336605 0.0322286 0.0296383 0.0263007 0.0226479 0.0190449 0.0157403 0.0128577 0.0104198 0.00838784 0.00669871
pSPR Fmed_Fpbrs
0.507643   0.6 0.325
Fs Fmed_Fpbrs
0.654348   0.44219 1.50305
SSBpbr Bo_Bmed_Bpbrs
877959  401792  482877 241439
Ro
35444.7
SPR SPRFo_SPRFmed_SPRFpbrs
729224 370185 236998
log_Ro
10.2957
likeval ReclasPelacesDesembMPH_pf_preclas_ppelaces_ptallas_desvR_qrecl_qpela
 63.4018 14.9055 0.00827665 0.000203248 281.366 163.511 79.3688 0 15.9255 7.5964e-06 7.99983e-05 6.72657e-14 0 0 0
q_reclas_q_pelaces
0.676679 3.56972
M
0.7
N
 36643 11008.5 3582.97 422.261 0.232794
 44651.2 16433.4 2830.4 706.495 81.6563
 23370.4 20205.1 4477.08 605.339 165.495
 35357.5 9901.17 3597.04 527.064 87.9266
 61911.5 16980.3 3961.21 1319.01 224.024
 43863.9 30565.3 8119.99 1865.66 725.901
 77143.7 20605.7 10604 2437.84 769.486
 77382.9 36982.7 8150.52 3826.81 1149.38
 99828.1 35818 11661.1 2139.93 1288.36
 117195 45803.6 10671.8 2827.7 818.249
 67306.4 54893.1 15592.8 3120 1053.61
 46858.6 29980.1 13506.1 2890.53 757.116
 45117.1 21159.4 8057.37 2833.95 751.055
 24574.8 19288.6 3994.17 1029.81 444.764
 14467.1 9077.3 1416.16 135.686 47.2182
 13330.3 5095.49 490.114 31.2563 3.76988
 10276.9 5714.08 978.384 64.1571 4.45363
 11483.9 4579.03 1408.76 181.883 12.4851
 12539 5296.06 1410.04 357.784 48.6492
 20268.4 5862 1780.94 405.203 115.411
 26548.5 9460.48 1951.15 504.48 145.667
 34823.9 12799.8 3881.73 741.289 245.56
 55430.2 16695.3 5064.25 1401.37 353.782
 58165.4 26401.7 6333.21 1723.41 592.369
pred_Ctot
 2568.28 3963.33 1636.33 195.573 0.107901
 2865.41 5520 1215.23 307.791 35.6019
 2490.77 9871.8 2657.59 363.325 99.3884
 838.274 1401.2 688.542 102.795 17.1656
 259.387 453.111 147.333 50.0977 8.51819
 1709.2 6762.23 2376.43 555.408 216.298
 1923.82 3054.92 2122.55 497.113 157.065
 3794.18 9964.44 2864.41 1366.64 410.819
 5484.16 10608.9 4469.06 832.898 501.863
 4801.48 10585.3 3253.26 876.665 253.907
 5017.93 20726.6 7426.49 1506.41 509.074
 3072.4 10243.5 5887.9 1278.46 335.123
 4551.65 9958.37 4636.32 1649.53 437.425
 4605.06 13082 3059.92 793.987 343.03
 3085.1 6527.83 1130.69 108.918 37.9139
 1322.64 2370.68 279.314 18.0209 2.17487
 764.079 2153.01 465.126 30.9202 2.14796
 591.478 1285.69 514.188 67.4435 4.63345
 529.969 1257.33 440.766 113.727 15.4776
 878.577 1422.29 568.086 131.417 37.4637
 556.804 1195.11 334.764 88.2161 25.4979
 867.448 1895.64 776.2 151.008 50.0725
 1631.87 2879.04 1171.26 330.022 83.3954
 1707.26 4540.54 1460.97 404.818 139.278
F
 0.101908 0.658246 0.923631 0.943654 0.944732
 0.0929438 0.600344 0.842384 0.860647 0.86163
 0.158816 1.02582 1.4394 1.47061 1.47229
 0.0334565 0.216103 0.303229 0.309803 0.310157
 0.00584077 0.0377268 0.0529371 0.0540847 0.0541465
 0.0555221 0.35863 0.503218 0.514127 0.514715
 0.035219 0.227487 0.319203 0.326123 0.326496
 0.0703169 0.454192 0.637308 0.651124 0.651868
 0.079087 0.510841 0.716795 0.732335 0.733172
 0.0584523 0.377556 0.529775 0.54126 0.541878
 0.10872 0.702244 0.985367 1.00673 1.00788
 0.0950499 0.613948 0.861473 0.880149 0.881155
 0.149747 0.96725 1.35721 1.38664 1.38822
 0.295944 1.91157 2.68225 2.7404 2.74353
 0.343523 2.21889 3.11348 3.18098 3.18461
 0.147109 0.950209 1.3333 1.36221 1.36376
 0.108407 0.700227 0.982537 1.00384 1.00498
 0.0739828 0.477871 0.670534 0.685071 0.685853
 0.060351 0.38982 0.546984 0.558842 0.55948
 0.0619382 0.400073 0.561369 0.57354 0.574195
 0.0295456 0.190841 0.267783 0.273588 0.2739
 0.0351779 0.227222 0.318831 0.325743 0.326115
 0.0416953 0.269319 0.3779 0.386093 0.386534
 0.041568 0.268497 0.376746 0.384914 0.385353
YTP_r0W_actual
 13658.1 86270.2 40176.7 14573.5 6128.21
YTP_p0W_proyectada
 7058.61 118311 81952.4 23580.9 9836.86
 7058.61 51809.9 82669.5 35304.9 11474.3
CTP_r0_actual
 1707.26 4540.54 1460.97 404.818 139.278
CTP_p0_proyectada
 860.807 5377.76 2593.43 568.213 205.362
 860.807 2355 2616.12 850.719 239.546
Wmedp
 8.2 22 31.6 41.5 47.9
nmprior
 10 10 8 0
nm_flota  nm_reclas  nm_pelaces    nm_pelaL
inf 19.0697 14.6689 25.1001
cv_recla  cv_pelaces  cv_mph
0.737187 0.454294 0.462543
 ------------------------------------------------
Talla a la edad & desviaci?n 
 7.2 14.2025 17.0495 18.207 18.6776
 1.08 2.13037 2.55742 2.73105 2.80164
