years
 1997 1998 1999 2000 2001 2002 2003 2004 2005 2006 2007 2008 2009 2010 2011 2012 2013 2014 2015 2016 2017 2018 2019 2020 2021
reclasobs
 0 0 0 370054 412103 1.49427e+06 250295 1.28982e+06 931140 785840 897777 1.04006e+06 184774 17550 25797 100020 73551 82996 120727 218422 84188 347160 605670 569463 516374
reclaspred
 487393 125700 321209 220282 357770 438877 951336 652551 735167 761931 650585 451602 276942 114673 68471.8 65404.9 78427.7 104957 113062 154191 233953 220762 374933 475471 530676
pelacesobs
 0 0 0 0 0 0 0 0 0 2.06254e+06 1.5e+06 0 1.87456e+06 323000 250000 174000 83755 137374 0 501740 490994 745055 786931 1.00524e+06 0
pelacespred
 1.93873e+06 449762 673376 754878 1.07754e+06 1.06698e+06 2.65503e+06 2.17141e+06 2.18952e+06 2.30753e+06 1.71912e+06 1.25051e+06 739637 235665 141928 150603 189987 269091 294951 392204 689938 640889 836250 1.24225e+06 1.45454e+06
mphobs
 0 0 0 0 0 112323 0 153150 637223 0 255016 313432 73983 77613 109348 50772 0 0 0 0 0 0 0 0 0
mphpred
 179038 98350.7 109340 106956 124903 212071 299455 368597 315861 337633 356482 252268 158454 81597.8 34861.9 27919.8 31215.7 41128.2 51470.5 58367.2 88428.5 109197 135807 188837 273658
desembarqueobs
 350755 77701 442110 56441 14545 235359 269955 359681 431902 328805 639364 411747 362871 311530 167758 66681 60226 58785 57116 71774 51957 67425 138520 160799 200461
desembarquepred
 350760 77699.3 442089 56443.9 14545.3 235433 270016 359669 431941 328811 639305 411772 362929 311618 167584 66677.5 60253.1 58778.3 57100.9 71771.3 51959.9 67415.7 138523 160811 200461
Reclutas
 36327.1 44137 22999.1 34607 61647.2 42403.9 77704.5 75393.8 98342.6 117754 67258 45869.3 45408.3 24923.8 14506.6 13250.4 10083.1 11558.8 12368.6 19948.1 26318.5 33685.4 51783.9 66652.8 25358.6
log_desv_Rt
 0.0438088 0.238545 -0.413301 -0.00469701 0.572673 0.198485 0.804159 0.77397 1.0397 1.21985 0.659782 0.277041 0.266942 -0.332929 -0.874152 -0.964727 -1.23789 -1.1013 -1.0336 -0.555618 -0.278483 -0.0316894 0.398326 0.650743 -0.315638
SSB
 449327 246828 274408 268424 313466 532229 751534 925057 792709 847350 894654 633111 397668 204784 87492.1 70069.7 78341.1 103218 129174 146483 221927 274048 340832 473919 686793
BT
 1.54433e+06 376311 659286 489733 637166 746795 1.79451e+06 1.64066e+06 1.70478e+06 1.65716e+06 1.53906e+06 1.07412e+06 786660 429778 227208 144097 161482 204778 211869 286961 444143 407654 558775 835631 918000
Ftot
 0.962535 0.881752 1.51973 0.322267 0.0558698 0.526696 0.336012 0.666096 0.756174 0.559219 1.02964 0.89944 1.43639 2.86487 3.29533 1.3982 1.03019 0.706177 0.569445 0.58676 0.280678 0.333748 0.401866 0.404975 0.345202
BD_Bspro_t
 0.910554 0.639154 0.560513 0.380613 0.54478 0.722284 0.666921 0.683754 0.615592 0.586541 0.568962 0.411773 0.308085 0.207058 0.112183 0.111183 0.165557 0.270762 0.37195 0.460973 0.592593 0.700762 0.710186 0.713827 0.712827
BD_Bspro
 0.627033 0.344447 0.382935 0.374584 0.437439 0.742722 1.04876 1.29091 1.10622 1.18247 1.24848 0.883502 0.554942 0.285775 0.122095 0.0977818 0.109324 0.144041 0.180262 0.204416 0.309697 0.382433 0.475629 0.66135 0.958415
BD_Bo
 0.507208 0.278624 0.309757 0.303002 0.353845 0.60079 0.848346 1.04422 0.894824 0.956504 1.0099 0.714667 0.448894 0.231164 0.0987626 0.079096 0.0884329 0.116515 0.145814 0.165352 0.250515 0.309351 0.384738 0.534968 0.775264
BD_Brms
 0.922197 0.50659 0.563195 0.550913 0.643355 1.09235 1.54245 1.89858 1.62695 1.7391 1.83618 1.29939 0.816171 0.420298 0.179568 0.143811 0.160787 0.211845 0.265117 0.300641 0.455482 0.562456 0.699523 0.972669 1.40957
S_f
 0.105793 0.692106 0.977122 0.998769 0.999935
 0.105793 0.692106 0.977122 0.998769 0.999935
 0.105793 0.692106 0.977122 0.998769 0.999935
 0.105793 0.692106 0.977122 0.998769 0.999935
 0.105793 0.692106 0.977122 0.998769 0.999935
 0.105793 0.692106 0.977122 0.998769 0.999935
 0.105793 0.692106 0.977122 0.998769 0.999935
 0.105793 0.692106 0.977122 0.998769 0.999935
 0.105793 0.692106 0.977122 0.998769 0.999935
 0.105793 0.692106 0.977122 0.998769 0.999935
 0.105793 0.692106 0.977122 0.998769 0.999935
 0.105793 0.692106 0.977122 0.998769 0.999935
 0.105793 0.692106 0.977122 0.998769 0.999935
 0.105793 0.692106 0.977122 0.998769 0.999935
 0.105793 0.692106 0.977122 0.998769 0.999935
 0.105793 0.692106 0.977122 0.998769 0.999935
 0.105793 0.692106 0.977122 0.998769 0.999935
 0.105793 0.692106 0.977122 0.998769 0.999935
 0.105793 0.692106 0.977122 0.998769 0.999935
 0.105793 0.692106 0.977122 0.998769 0.999935
 0.105793 0.692106 0.977122 0.998769 0.999935
 0.105793 0.692106 0.977122 0.998769 0.999935
 0.105793 0.692106 0.977122 0.998769 0.999935
 0.105793 0.692106 0.977122 0.998769 0.999935
 0.105793 0.692106 0.977122 0.998769 0.999935
Scru_reclas
 0.744916 1 1 1 1
 0.744916 1 1 1 1
 0.744916 1 1 1 1
 0.744916 1 1 1 1
 0.744916 1 1 1 1
 0.744916 1 1 1 1
 0.744916 1 1 1 1
 0.744916 1 1 1 1
 0.744916 1 1 1 1
 0.744916 1 1 1 1
 0.744916 1 1 1 1
 0.744916 1 1 1 1
 0.744916 1 1 1 1
 0.744916 1 1 1 1
 0.744916 1 1 1 1
 0.744916 1 1 1 1
 0.744916 1 1 1 1
 0.744916 1 1 1 1
 0.744916 1 1 1 1
 0.744916 1 1 1 1
 0.744916 1 1 1 1
 0.744916 1 1 1 1
 0.744916 1 1 1 1
 0.744916 1 1 1 1
 0.744916 1 1 1 1
Scru_pelaces
 0.700042 1 1 1 1
 0.700042 1 1 1 1
 0.700042 1 1 1 1
 0.700042 1 1 1 1
 0.700042 1 1 1 1
 0.700042 1 1 1 1
 0.700042 1 1 1 1
 0.700042 1 1 1 1
 0.700042 1 1 1 1
 0.700042 1 1 1 1
 0.700042 1 1 1 1
 0.700042 1 1 1 1
 0.700042 1 1 1 1
 0.700042 1 1 1 1
 0.700042 1 1 1 1
 0.700042 1 1 1 1
 0.700042 1 1 1 1
 0.700042 1 1 1 1
 0.700042 1 1 1 1
 0.700042 1 1 1 1
 0.700042 1 1 1 1
 0.700042 1 1 1 1
 0.700042 1 1 1 1
 0.700042 1 1 1 1
 0.700042 1 1 1 1
pf_obs 
 0.256992 0.487395 0.22802 0.0275931 0
 0.321318 0.546541 0.124235 0.00734118 0.000564706
 0.182869 0.594174 0.210203 0.0122559 0.00049798
 0.330522 0.361315 0.267642 0.0388342 0.00168674
 0.649043 0.306663 0.0425973 0.00169635 0
 0.582887 0.30429 0.105238 0.00758474 0
 0.465427 0.430635 0.0974691 0.00646863 0
 0.296916 0.608066 0.0921331 0.00288517 0
 0.311714 0.524322 0.152257 0.0117073 0
 0.15457 0.633149 0.183074 0.0267441 0.00246327
 0.131901 0.49318 0.331252 0.0422183 0.00144891
 0.196976 0.569456 0.194076 0.0375587 0.00193317
 0.518974 0.381816 0.0799577 0.0180837 0.00116848
 0.0928022 0.601141 0.25162 0.0475244 0.00691264
 0.122501 0.610282 0.24278 0.0234846 0.000952079
 0.383417 0.481906 0.127806 0.00687128 0
 0.0376549 0.599619 0.316969 0.0457579 0
 0.0361596 0.667082 0.258105 0.0386534 0
 0.158088 0.579412 0.248529 0.0139706 0
 0.0477256 0.309471 0.559284 0.082774 0.000745712
 0.0406174 0.521527 0.379366 0.0568643 0.0016247
 0.151134 0.462217 0.34131 0.0453401 0
 0.294876 0.26143 0.354403 0.0886775 0.000613685
 0.281977 0.475581 0.204845 0.0348837 0.00271318
 0 0 0 0 0
pf_pred 
 0.304773 0.475232 0.196489 0.0234938 1.28333e-05
 0.286001 0.557603 0.122217 0.0306369 0.00354164
 0.160047 0.639594 0.171124 0.0230116 0.00622349
 0.27377 0.463862 0.224384 0.0326443 0.00533985
 0.283842 0.493137 0.16083 0.0533783 0.00881252
 0.142835 0.58811 0.203662 0.0474441 0.0179496
 0.251807 0.387825 0.277193 0.0633874 0.0197878
 0.201116 0.551391 0.15192 0.0739463 0.021627
 0.249818 0.48178 0.208914 0.0369406 0.022547
 0.245941 0.535997 0.161565 0.0442819 0.0122151
 0.14219 0.595361 0.20767 0.0408873 0.0138918
 0.144499 0.49636 0.284621 0.0594021 0.0151178
 0.218096 0.465838 0.219561 0.0770133 0.0194919
 0.215406 0.602432 0.133359 0.0343405 0.0144628
 0.28576 0.605589 0.0972618 0.00849021 0.00289975
 0.330408 0.598351 0.0669859 0.00383874 0.000416209
 0.220725 0.634688 0.135647 0.00842664 0.000513532
 0.243331 0.519781 0.208496 0.0266946 0.00169823
 0.221412 0.541506 0.183829 0.0470389 0.00621344
 0.285979 0.468871 0.190851 0.0423709 0.0119278
 0.252229 0.543547 0.152457 0.0405574 0.0112102
 0.226065 0.511926 0.208377 0.0402864 0.0133454
 0.257754 0.475237 0.198137 0.0550588 0.0138141
 0.23914 0.52243 0.173212 0.0487219 0.0164953
 0.0808748 0.606353 0.239544 0.0535805 0.0196473
pobs_RECLAS
 0 0 0 0 0
 0 0 0 0 0
 0 0 0 0 0
 0 0 0 0 0
 0.835266 0.146461 0.0176864 0.000547809 3.91292e-05
 0.385257 0.428462 0.181853 0.0044286 0
 0.867414 0.0963971 0.0333333 0.00285562 0
 0.441836 0.489002 0.0689373 0.000224442 0
 0.779404 0.147425 0.0564933 0.0165055 0.000172143
 0.814271 0.122319 0.05973 0.00367925 0
 0.40263 0.566651 0.0304383 0.000280538 0
 0.475488 0.404961 0.113038 0.00651328 0
 0.955842 0.0263864 0.0167828 0.000988607 0
 0.975058 0.0227948 0.00214734 0 0
 0.738997 0.206755 0.0527124 0.00153531 0
 0.850938 0.134255 0.0134407 0.00136685 0
 0.542534 0.407297 0.0501686 0 0
 0.764087 0.199537 0.0359546 0.000420521 0
 0.470689 0.182191 0.310203 0.0369168 0
 0.84361 0.089868 0.0606195 0.00523954 0.000663233
 0.607945 0.314616 0.071237 0.00620181 0
 0.523733 0.453247 0.0230204 0 0
 0.530135 0.295979 0.169645 0.0042399 0
 0.562478 0.366248 0.0663022 0.0049721 0
 0.250443 0.683176 0.0655157 0.000865301 0
ppred_RECLAS
 0.71394 0.217308 0.0615664 0.00718209 3.91799e-06
 0.686752 0.262802 0.0396306 0.00969579 0.00111938
 0.526119 0.392703 0.0696116 0.00910686 0.00245934
 0.676001 0.23202 0.0789189 0.011226 0.00183412
 0.680744 0.242216 0.0558985 0.0181488 0.00299278
 0.47894 0.395413 0.0956459 0.0217736 0.00822753
 0.660341 0.20589 0.103433 0.0231258 0.0072106
 0.583433 0.318233 0.0609137 0.0289609 0.00845959
 0.654478 0.249746 0.0749472 0.0129403 0.00788823
 0.641315 0.279758 0.0588313 0.0157557 0.00434082
 0.486136 0.395453 0.0941869 0.018087 0.00613704
 0.498336 0.335591 0.132282 0.0269428 0.00684802
 0.632099 0.254014 0.0797702 0.0272339 0.00688291
 0.653577 0.294417 0.0384555 0.00954061 0.00401009
 0.738351 0.237697 0.0215329 0.00180426 0.000614875
 0.730478 0.249696 0.0186721 0.00104172 0.000112785
 0.607762 0.33951 0.049544 0.0030019 0.000182697
 0.642015 0.272191 0.0757241 0.0094688 0.000601619
 0.61055 0.298716 0.0707201 0.0176816 0.00233271
 0.691346 0.226533 0.0642629 0.0139394 0.00391922
 0.644172 0.281732 0.0556293 0.014471 0.00399507
 0.616272 0.282547 0.0808429 0.0152816 0.00505616
 0.658821 0.245133 0.071691 0.0194747 0.00488023
 0.632502 0.278806 0.0648359 0.017828 0.00602855
 0.326357 0.495127 0.137448 0.0300585 0.0110088
pobs_PELACES
 0 0 0 0 0
 0 0 0 0 0
 0 0 0 0 0
 0 0 0 0 0
 0 0 0 0 0
 0 0 0 0 0
 0 0 0 0 0
 0 0 0 0 0
 0 0 0 0 0
 0 0 0 0 0
 0.450072 0.473896 0.0757376 0.000293798 0
 0 0 0 0 0
 0.463077 0.371075 0.160297 0.00555027 0
 0.529543 0.364841 0.0842815 0.0213345 0
 0.631943 0.363953 0.00410389 0 0
 0.735681 0.248677 0.0153453 0.000297389 0
 0.695825 0.281241 0.0229344 0 0
 0.275771 0.60734 0.115278 0.00161068 0
 0 0 0 0 0
 0.896147 0.0623911 0.0374545 0.00400742 0
 0.803859 0.145111 0.0509908 3.86294e-05 0
 0.739449 0.233085 0.0266225 0.000797448 4.60066e-05
 0.878498 0.100942 0.0204185 0.000141795 0
 0.694673 0.275183 0.0284847 0.00165964 0
 0 0 0 0 0
ppred_PELACES
 0.742668 0.199669 0.0516728 0.00598664 3.26464e-06
 0.712295 0.244556 0.0339441 0.0082524 0.000952421
 0.588992 0.348636 0.0535687 0.0069324 0.00187102
 0.677931 0.232631 0.0767642 0.0108944 0.00177972
 0.669775 0.250862 0.0575905 0.0186907 0.00308207
 0.491856 0.390241 0.0898326 0.0203734 0.00769689
 0.663791 0.20637 0.100449 0.0224048 0.00698489
 0.603119 0.30773 0.0553262 0.0261795 0.00764517
 0.67754 0.237673 0.0664277 0.0114076 0.00695186
 0.654459 0.272638 0.0543964 0.0145099 0.00399673
 0.525837 0.372951 0.0806287 0.0153699 0.00521304
 0.533169 0.321039 0.11628 0.023532 0.00597904
 0.689503 0.223302 0.0612637 0.0207022 0.00522923
 0.762007 0.209834 0.0209338 0.00508837 0.00213637
 0.837227 0.151595 0.010073 0.000824385 0.000280587
 0.77111 0.214 0.0140308 0.000775004 8.38632e-05
 0.642827 0.313062 0.0414656 0.002494 0.000151726
 0.66246 0.260695 0.0678652 0.00844339 0.000536322
 0.624829 0.291361 0.0653817 0.0162805 0.00214739
 0.705253 0.219512 0.0589278 0.0127287 0.00357801
 0.643649 0.283715 0.0545612 0.0141647 0.00391009
 0.618811 0.283019 0.0784753 0.0147988 0.00489577
 0.664712 0.243491 0.0685694 0.0185733 0.00465364
 0.638402 0.276877 0.0619811 0.0169938 0.00574556
 0.32929 0.497255 0.133629 0.0291512 0.0106752
pobs_pel_tallas
 0 0 0 0 0 0 0 0 0 0 0 0 0 0 0 0 0 0 0 0 0 0 0 0 0 0 0 0 0 0 0 0 0 0 0 0
 0 0 0 0 0 0 0 0 0 0 0 0 0 0 0 0 0 0 0 0 0 0 0 0 0 0 0 0 0 0 0 0 0 0 0 0
 0 0 0 0 0 0 0 0 0 0 0 0 0 0 0 0 0 0 0 0 0 0 0 0 0 0 0 0 0 0 0 0 0 0 0 0
 0 0 0 0 0 0 0 0 0 0 0 0 0 0 0 0 0 0 0 0 0 0 0 0 0 0 0 0 0 0 0 0 0 0 0 0
 0 0 0 0 0 0 0 0 0 0 0 0 0 0 0 0 0 0 0 0 0 0 0 0 0 0 0 0 0 0 0 0 0 0 0 0
 0 0 0 0 0 0 0 0 0 0 0 0 0 0 0 0 0 0 0 0 0 0 0 0 0 0 0 0 0 0 0 0 0 0 0 0
 0 0 0 0 0 0 0 0 0 0 0 0 0 0 0 0 0 0 0 0 0 0 0 0 0 0 0 0 0 0 0 0 0 0 0 0
 0 0 0 0 0 0 0 0 0 0 0 0 0 0 0 0 0 0 0 0 0 0 0 0 0 0 0 0 0 0 0 0 0 0 0 0
 0 0 0 0 0 0 0 0 0 0 0 0 0 0 0 0 0 0 0 0 0 0 0 0 0 0 0 0 0 0 0 0 0 0 0 0
 0 0 0 0 0 0 0 0 0 0 0 0 0 0 0 0 0 0 0 0 0 0 0 0 0 0 0 0 0 0 0 0 0 0 0 0
 0 0 0 0 0 0 0 0 1.78061e-05 0.00172719 0.00360574 0.0105946 0.0120993 0.0124554 0.0147524 0.0171206 0.0266825 0.0428682 0.0675386 0.121331 0.153587 0.119568 0.100827 0.0573624 0.0630603 0.0341343 0.0324427 0.0444173 0.0211091 0.0280891 0.0125444 0.00206551 0 0 0 0
 0 0 0 0 0 0 0 0 0 0 0 0 0 0 0 0 0 0 0 0 0 0 0 0 0 0 0 0 0 0 0 0 0 0 0 0
 0 0 0 0 0 0 0.0133647 0.0140871 0.0187388 0.0205184 0.03894 0.0496705 0.03968 0.0493445 0.0407372 0.0367815 0.0215668 0.0243155 0.0234873 0.0199281 0.019796 0.0243948 0.0301388 0.0376714 0.0412746 0.0863199 0.0771752 0.113111 0.0741005 0.0525337 0.0229764 0.00759418 0.00175318 0 0 0
 0 0 0 0 0 0 0 0 0 0 0.00219441 0.00772107 0.0458388 0.0604681 0.0671733 0.0775358 0.0609151 0.0617685 0.073594 0.0568108 0.0755445 0.0548602 0.0670107 0.0636378 0.0643287 0.046367 0.0373049 0.0286899 0.0247887 0.0153202 0.00654259 0.00121912 0.000365735 0 0 0
 0 0 0 0 0 0 0 0 0 0 0 0 0.000112435 0.00938835 0.0111873 0.0202946 0.0414886 0.0713402 0.111592 0.104902 0.108894 0.110636 0.117776 0.105296 0.107544 0.0401394 0.0192827 0.0124803 0.00416011 0.0028671 0.000618394 0 0 0 0 0
 0 0 0 0 0 0 0 0 0 0 0.00291406 0.0102884 0.027416 0.0768956 0.0749926 0.110853 0.0956884 0.0897413 0.0766577 0.0534642 0.0500743 0.0551293 0.0594112 0.0620874 0.0668451 0.0424026 0.0208742 0.0120726 0.0048766 0.00582813 0.00118941 0.000297354 0 0 0 0
 0 0.00264628 0.0354308 0.0461629 0.0458689 0.0383711 0.0214643 0.0164657 0.0346957 0.0420465 0.0363128 0.0245516 0.0311673 0.0291091 0.0169068 0.0133784 0.00837989 0.0085269 0.0148486 0.0160247 0.0276389 0.0546898 0.0760071 0.122758 0.109233 0.0665981 0.0333725 0.0166128 0.00676272 0.00308733 0.000882094 0 0 0 0 0
 0 0 0 0 0 0 0 0.000805153 0.000690131 0.00759144 0.0133425 0.0154129 0.00931677 0.000345066 0.00356568 0.00563607 0.00851162 0.0253048 0.0502646 0.0516448 0.0657925 0.0565908 0.0611916 0.0827007 0.0866115 0.110766 0.145733 0.0935128 0.0569358 0.0249597 0.0138026 0.00621118 0.00161031 0.00115022 0 0
 0 0 0 0 0 0 0 0 0 0 0 0 0 0 0 0 0 0 0 0 0 0 0 0 0 0 0 0 0 0 0 0 0 0 0 0
 0.00147267 0.00158595 0.00478618 0.00569244 0.00954404 0.0108468 0.00647125 0.017049 0.0510054 0.094081 0.124002 0.0959785 0.0687766 0.0820023 0.061753 0.0591476 0.0492212 0.0479892 0.0443925 0.0268479 0.0217502 0.0140895 0.0121071 0.0120363 0.00920419 0.00665534 0.0049561 0.00860946 0.00930331 0.0156896 0.0114698 0.00855282 0.00243557 0.00046729 0 2.83206e-05
 0 0 0 0 0.000772559 0.00158375 0.000888443 0.00281984 0.00712685 0.0440552 0.0773331 0.111326 0.0921469 0.0852325 0.0710754 0.0886704 0.0786465 0.0553345 0.0373146 0.0185414 0.00753245 0.00457741 0.012979 0.0271748 0.0457355 0.0583668 0.034881 0.0177882 0.00938659 0.00492506 0.0015258 0.00185414 0.000309023 5.79419e-05 3.86279e-05 0
 0 0.00173294 0.00326652 0 0.00397197 0.00683976 0.00946217 0.0152591 0.00757587 0.0136028 0.0228656 0.0392903 0.0559909 0.0764795 0.0681675 0.0726916 0.0566044 0.0477403 0.0527397 0.0444891 0.0609904 0.0582453 0.0661739 0.0445044 0.0529084 0.0360697 0.0280645 0.0235558 0.0158879 0.00826598 0.00280645 0.00217768 0.000904811 0.00058276 9.20147e-05 0
 0 0 0 0 0 0 0 0 0 0 0 0 0 0 0 0 0 0 0 0 0 0 0 0 0 0 0 0 0 0 0 0 0 0 0 0
 0 0 0 0 0 0 0 0 0 0 0 0 0 0 0 0 0 0 0 0 0 0 0 0 0 0 0 0 0 0 0 0 0 0 0 0
 0 0 0 0 0 0 0 0 0 0 0 0 0 0 0 0 0 0 0 0 0 0 0 0 0 0 0 0 0 0 0 0 0 0 0 0
ppred_pel_tallas
 1.01005e-16 3.24047e-05 0.000190187 0.000904055 0.00348065 0.0108541 0.0274166 0.0560982 0.0929898 0.124885 0.135907 0.119895 0.0858593 0.0501774 0.0244813 0.0110041 0.00622091 0.00597429 0.00770722 0.0102749 0.0131714 0.0160521 0.0185843 0.020458 0.0214438 0.0214434 0.0205093 0.0188235 0.0166475 0.0142578 0.0118913 0.00971267 0.00780804 0.00619933 0.00486783 0.00377698
 1.0089e-16 3.1082e-05 0.000182417 0.000867111 0.00333839 0.0104104 0.026296 0.0538058 0.0891914 0.119789 0.130372 0.115042 0.0824466 0.0483096 0.0238057 0.0110982 0.00682662 0.0070157 0.0092092 0.0122821 0.0156962 0.0190457 0.0219263 0.0239638 0.0248885 0.0245976 0.0231781 0.0208783 0.0180423 0.0150276 0.0121347 0.00956493 0.00741313 0.00568682 0.00433857 0.00329797
 1.012e-16 2.57097e-05 0.000150868 0.000717098 0.00276077 0.00860911 0.0217462 0.0444973 0.0737655 0.0990843 0.107874 0.0952733 0.0684627 0.0404857 0.020639 0.0107773 0.00818715 0.00962686 0.013069 0.017524 0.0224138 0.0272047 0.0313277 0.0342493 0.0355832 0.0351809 0.0331636 0.0298835 0.0258297 0.0215119 0.0173598 0.013663 0.0105601 0.00806572 0.00611553 0.00461162
 1.01624e-16 2.95832e-05 0.000173619 0.000825284 0.00317735 0.00990824 0.0250275 0.0512103 0.0848891 0.114011 0.124085 0.109497 0.0784801 0.0460002 0.0226965 0.0106327 0.0066171 0.00687508 0.00907947 0.0121711 0.0156488 0.0191343 0.0222453 0.0246191 0.0259824 0.0262099 0.0253476 0.0235899 0.0212232 0.0185538 0.0158467 0.0132889 0.0109838 0.00896602 0.00722832 0.00574513
 1.01686e-16 2.92282e-05 0.000171533 0.000815365 0.00313916 0.00978913 0.0247267 0.0505948 0.0838695 0.112643 0.122602 0.108199 0.0775731 0.0455161 0.0225457 0.0107083 0.00685774 0.00726824 0.00963761 0.0129073 0.01656 0.0201922 0.0233934 0.0257776 0.0270597 0.0271185 0.0260206 0.0239939 0.021363 0.0184693 0.0156019 0.0129583 0.0106377 0.00866001 0.00699744 0.0056034
 1.02463e-16 2.14759e-05 0.000126007 0.0005989 0.00230566 0.00718987 0.0181613 0.0371627 0.0616098 0.0827659 0.0901331 0.0796642 0.0573761 0.0341911 0.0179137 0.0101413 0.00865758 0.0107939 0.014869 0.0200266 0.0257048 0.0313321 0.0362796 0.0399479 0.0418938 0.0419301 0.0401629 0.0369501 0.0328011 0.0282516 0.023756 0.0196247 0.0160141 0.0129556 0.0104039 0.00828332
 1.0259e-16 2.89656e-05 0.000169995 0.000808063 0.00311105 0.0097015 0.0245053 0.0501415 0.083117 0.111629 0.121489 0.107197 0.0768103 0.0449795 0.022116 0.0102346 0.00620638 0.00633609 0.00835371 0.0112411 0.0145371 0.0179087 0.02102 0.0235464 0.0252333 0.0259473 0.0256973 0.0246176 0.0229219 0.0208454 0.0185958 0.0163253 0.0141273 0.0120497 0.0101148 0.00833594
 1.02143e-16 2.6324e-05 0.000154478 0.000734271 0.0028269 0.00881536 0.0222671 0.0455628 0.0755305 0.101451 0.110439 0.097512 0.0700132 0.0412857 0.0208318 0.010531 0.00758598 0.00866683 0.0117021 0.0157052 0.0201366 0.0245232 0.0283666 0.0311974 0.032672 0.0326501 0.0312235 0.028682 0.0254321 0.0218979 0.0184345 0.0152795 0.0125456 0.0102457 0.00833293 0.00673869
 1.01738e-16 2.95663e-05 0.000173519 0.00082481 0.00317552 0.00990254 0.0250131 0.0511808 0.0848404 0.113946 0.124016 0.109438 0.0784429 0.0459886 0.0227096 0.0106698 0.00668041 0.00696911 0.00920844 0.012336 0.0158448 0.0193494 0.0224599 0.0248089 0.026122 0.0262781 0.0253323 0.0234918 0.0210561 0.0183426 0.0156223 0.0130828 0.0108222 0.00886627 0.00719693 0.00577848
 1.01547e-16 2.85613e-05 0.000167616 0.000796737 0.00306742 0.00956543 0.0241617 0.0494389 0.0819542 0.110073 0.119811 0.105751 0.0758514 0.0445727 0.0222022 0.0107513 0.00715666 0.00778459 0.0103843 0.013908 0.0178231 0.0216964 0.0250818 0.027561 0.0288273 0.028755 0.027425 0.0250953 0.0221296 0.0189087 0.0157542 0.0128844 0.0104063 0.00833711 0.00663838 0.00524957
 1.02038e-16 2.29569e-05 0.000134704 0.000640248 0.00246487 0.00768635 0.0194154 0.0397285 0.065862 0.088474 0.0963383 0.0851224 0.06125 0.0363848 0.0188523 0.0103395 0.008455 0.0103298 0.0141621 0.019051 0.0244322 0.0297515 0.0344054 0.037821 0.0395766 0.0394972 0.0376905 0.0345065 0.0304405 0.0260133 0.0216659 0.0176998 0.0142656 0.0113914 0.00902911 0.0070993
 1.02844e-16 2.32746e-05 0.000136574 0.000649147 0.00249915 0.00779327 0.0196854 0.0402806 0.0667757 0.0896967 0.0976574 0.0862585 0.0620037 0.036705 0.0187855 0.0099349 0.00771054 0.0091949 0.0125711 0.0169615 0.0218576 0.026784 0.0312231 0.0346758 0.0367611 0.037298 0.0363377 0.0341331 0.0310622 0.0275313 0.0238922 0.0203944 0.017178 0.0142952 0.0117456 0.00950795
 1.01899e-16 3.00874e-05 0.00017658 0.000839362 0.00323156 0.0100773 0.0254545 0.0520838 0.0863367 0.115954 0.126197 0.111352 0.0797917 0.0467328 0.0229905 0.0106568 0.00647882 0.00661199 0.00868786 0.0116335 0.0149508 0.0182736 0.0212363 0.0234946 0.0247908 0.0250101 0.0242018 0.0225563 0.0203498 0.0178739 0.015377 0.0130297 0.0109204 0.00907185 0.00746797 0.00607874
 1.00641e-16 3.32483e-05 0.000195138 0.000927595 0.00357128 0.0111367 0.0281305 0.057559 0.0954113 0.128137 0.139446 0.123018 0.0880969 0.0514871 0.0251231 0.0112949 0.00638357 0.00611872 0.00786957 0.0104516 0.0133341 0.0161517 0.0185542 0.0202214 0.020925 0.0205823 0.0192746 0.017223 0.0147304 0.0121099 0.00962294 0.00744302 0.0056488 0.00424122 0.00317219 0.0023733
 1.00234e-16 3.65258e-05 0.000214386 0.00101911 0.00392367 0.0122356 0.0309062 0.0632378 0.104822 0.140769 0.153173 0.135083 0.0966373 0.0562779 0.0270865 0.0115433 0.00563656 0.00464925 0.0056882 0.00748303 0.0095211 0.0115068 0.0131807 0.0143108 0.0147341 0.0143943 0.0133558 0.0117848 0.00990723 0.00795614 0.0061257 0.00454422 0.00326889 0.00229804 0.00159231 0.00109613
 1.003e-16 3.36454e-05 0.000197469 0.000938676 0.00361395 0.0112698 0.0284665 0.0582466 0.0965511 0.129668 0.141112 0.124488 0.08915 0.0521033 0.0254248 0.0114316 0.00646049 0.00618856 0.00795096 0.0105454 0.0134301 0.0162307 0.0185886 0.0201776 0.0207675 0.0202793 0.018804 0.016577 0.0139178 0.0111559 0.00856622 0.00633031 0.00452923 0.00316067 0.00216887 0.00147497
 1.00784e-16 2.80557e-05 0.000164644 0.000782599 0.00301298 0.00939563 0.0237328 0.0485617 0.0805014 0.108126 0.117701 0.103913 0.0745855 0.043934 0.0220785 0.0110122 0.00774196 0.00870731 0.0116917 0.0156398 0.0199796 0.0242175 0.0278394 0.0303661 0.0314533 0.0309723 0.0290392 0.0259786 0.0222392 0.0182875 0.014516 0.0111887 0.00843055 0.00625133 0.00458727 0.00334244
 1.01364e-16 2.89097e-05 0.000169663 0.000806469 0.0031049 0.00968229 0.0244568 0.0500428 0.0829548 0.111416 0.121269 0.10703 0.0767513 0.0450664 0.0223833 0.0107321 0.00700673 0.00752608 0.0100135 0.0134166 0.0172117 0.0209811 0.0242966 0.0267543 0.0280548 0.0280695 0.0268659 0.0246811 0.0218551 0.0187479 0.0156677 0.0128286 0.0103426 0.0082383 0.00649167 0.00505574
 1.01683e-16 2.72701e-05 0.000160034 0.000760685 0.00292861 0.00913254 0.0230682 0.0472019 0.0782468 0.105097 0.114402 0.100995 0.0724805 0.042673 0.0214068 0.0106172 0.00739442 0.0082807 0.0111298 0.0149309 0.0191493 0.0233305 0.0269995 0.0297077 0.0311247 0.0311116 0.0297494 0.0273077 0.0241697 0.0207384 0.0173556 0.0142553 0.0115555 0.00927974 0.00739356 0.00583865
 1.01513e-16 3.0774e-05 0.000180611 0.000858529 0.00330536 0.0103074 0.0260358 0.0532732 0.088308 0.1186 0.129075 0.113886 0.081595 0.0477641 0.0234513 0.0107916 0.00645274 0.0064979 0.00850227 0.0113696 0.0145957 0.0178157 0.0206679 0.0228127 0.0239974 0.0241114 0.0232073 0.0214787 0.0192043 0.0166792 0.0141553 0.0118066 0.00972384 0.00793008 0.00640731 0.00512088
 1.01537e-16 2.80904e-05 0.00016485 0.000783586 0.00301679 0.00940751 0.0237628 0.0486229 0.0806019 0.108258 0.117839 0.10402 0.0746288 0.043893 0.0219355 0.0107413 0.00730433 0.00805543 0.0107809 0.0144437 0.0185052 0.0225181 0.0260186 0.0285716 0.0298588 0.0297508 0.0283338 0.0258787 0.0227667 0.0193963 0.016104 0.0131178 0.0105489 0.00841416 0.00667172 0.00525626
 1.01944e-16 2.70074e-05 0.000158492 0.000753358 0.0029004 0.00904456 0.022846 0.0467471 0.0774928 0.104084 0.113298 0.100019 0.0717752 0.0422487 0.0211777 0.0104777 0.00726695 0.00812204 0.0109207 0.0146681 0.018843 0.0230057 0.0266952 0.029474 0.0310154 0.0311755 0.0300209 0.0277996 0.0248698 0.0216115 0.0183494 0.0153086 0.0126073 0.0102772 0.00829661 0.00662252
 1.01909e-16 2.90072e-05 0.000170236 0.000809201 0.00311542 0.00971512 0.0245397 0.0502123 0.0832352 0.111791 0.121673 0.107377 0.0769792 0.0451581 0.0223509 0.0105876 0.00674521 0.00712693 0.00945082 0.0126719 0.0162848 0.0198988 0.0231159 0.02556 0.0269495 0.0271589 0.0262423 0.0244085 0.0219606 0.0192194 0.016459 0.013869 0.0115484 0.00952435 0.00778012 0.00628242
 1.01823e-16 2.78613e-05 0.000163506 0.000777197 0.00299219 0.00933081 0.023569 0.0482264 0.0799446 0.107375 0.116877 0.103168 0.0740142 0.0435236 0.0217367 0.0106212 0.0071953 0.00791962 0.0106011 0.0142159 0.0182372 0.0222294 0.0257412 0.0283473 0.0297338 0.0297682 0.0285265 0.0262624 0.0233368 0.0201289 0.0169594 0.0140469 0.0115003 0.00934041 0.00753408 0.00602728
 1.0356e-16 1.43917e-05 8.44067e-05 0.000401104 0.00154406 0.00481481 0.0121623 0.0248891 0.0412694 0.0554629 0.0604581 0.0535743 0.0388871 0.0237785 0.0135672 0.00943365 0.0100049 0.0135764 0.0190384 0.0257335 0.0330827 0.040393 0.0468698 0.0517481 0.0544557 0.0547418 0.0527251 0.0488424 0.0437233 0.0380341 0.0323429 0.0270419 0.0223345 0.0182724 0.0148145 0.0118831
pSPR Fmed_Fpbrs
0.508022   0.6 0.325
Fs Fmed_Fpbrs
0.655543   0.443581 1.50952
SSBpbr Bo_Bmed_Bpbrs
885883  405754  487235 243618
Ro
34770
SPR SPRFo_SPRFmed_SPRFpbrs
716593 364045 232893
log_Ro
10.2765
likeval ReclasPelacesDesembMPH_pf_preclas_ppelaces_ptallas_desvR_qrecl_qpela
 63.3982 15.0403 0.00843104 0.000203707 281.424 189.269 69.7071 0 16.2268 7.80737e-06 8.31274e-05 1.58964e-14 0 0 0
q_reclas_q_pelaces
0.673044 3.6588
M
0.7
N
 36327.1 10921.9 3549.26 418.379 0.228363
 44137 16293 2785.96 688.132 79.4861
 22999.1 19965.7 4395 584.507 157.988
 34607 9724.77 3463.22 494.357 80.7838
 61647.2 16609.3 3863.73 1255.21 206.995
 42403.9 30432.7 7935.1 1816.74 686.697
 77704.5 19915.9 10495.9 2355.26 734.509
 75393.8 37239.3 7837.84 3753.4 1096.81
 98342.6 34892 11662.2 2030.14 1238.09
 117754 45080.9 10266.7 2766.22 762.367
 67258 55116 15201.9 2951.99 1002.23
 45869.3 29952.3 13421 2760.31 701.952
 45408.3 20710.5 7981.29 2767.55 700.035
 24923.8 19370.2 3805.73 973.918 410.039
 14506.6 9140.74 1324.37 115 39.2662
 13250.4 5083.4 463.951 26.2786 2.84746
 10083.1 5675.21 959.133 58.7661 3.57867
 11558.8 4490.12 1381.41 174.062 11.0639
 12368.6 5326.75 1367.7 344.069 45.4076
 19948.1 5782.95 1783.58 389.346 109.506
 26318.5 9309.74 1913.27 499.219 137.844
 33685.4 12687 3806.85 722.207 239
 51783.9 16147.4 5000.75 1364.36 341.981
 66652.8 24644.8 6071.6 1676.85 567.162
 25358.6 31710.7 9246.82 2029.75 743.542
pred_Ctot
 2544.25 3967.25 1640.3 196.127 0.107133
 2842.33 5541.57 1214.62 304.475 35.1975
 2479.39 9908.34 2650.99 356.486 96.4119
 835.867 1416.25 685.084 99.6687 16.3035
 261.36 454.079 148.092 49.1505 8.11453
 1658.08 6826.99 2364.18 550.748 208.365
 1955.61 3011.97 2152.76 492.286 153.678
 3704.35 10156.1 2798.21 1362.01 398.348
 5462.59 10534.7 4568.18 807.753 493.02
 4881.41 10638.4 3206.72 878.902 242.444
 5023.47 21033.7 7336.84 1444.52 490.788
 3010.69 10341.8 5930.19 1237.66 314.986
 4644.29 9919.89 4675.5 1639.98 415.075
 4768.89 13337.3 2952.44 760.267 320.192
 3132.8 6639.11 1066.29 93.0787 31.7902
 1321.49 2393.15 267.915 15.3533 1.66466
 753.491 2166.65 463.06 28.7661 1.75305
 600.986 1283.77 514.949 65.9311 4.19435
 521.856 1276.3 433.274 110.868 14.6447
 866.554 1420.74 578.303 128.389 36.1427
 554.711 1195.39 335.288 89.1952 24.6539
 842.145 1907.05 776.255 150.077 49.7148
 1553.92 2865.06 1194.51 331.932 83.2808
 2015.28 4402.62 1459.69 410.589 139.009
 655.379 4913.66 1941.18 434.196 159.215
F
 0.101829 0.666177 0.940514 0.961351 0.962473
 0.093283 0.610266 0.861579 0.880667 0.881695
 0.160777 1.05182 1.48496 1.51786 1.51964
 0.0340935 0.223043 0.314894 0.32187 0.322246
 0.00591062 0.0386678 0.0545916 0.0558011 0.0558662
 0.0557206 0.364529 0.514646 0.526048 0.526662
 0.0355476 0.232556 0.328325 0.335599 0.33599
 0.0704681 0.461009 0.650857 0.665276 0.666053
 0.0799977 0.523353 0.738874 0.755243 0.756125
 0.0591613 0.387039 0.546425 0.558531 0.559183
 0.108928 0.712617 1.00608 1.02837 1.02957
 0.0951542 0.622508 0.878862 0.898333 0.899381
 0.15196 0.994134 1.40353 1.43462 1.4363
 0.303083 1.9828 2.79933 2.86135 2.86469
 0.348622 2.28072 3.21994 3.29127 3.29512
 0.14792 0.967705 1.36622 1.39648 1.39811
 0.108986 0.712999 1.00662 1.02892 1.03012
 0.0747084 0.488749 0.690021 0.705308 0.706131
 0.0602432 0.394116 0.556417 0.568744 0.569408
 0.062075 0.4061 0.573336 0.586038 0.586722
 0.0296937 0.194259 0.274257 0.280333 0.28066
 0.0353082 0.230989 0.326113 0.333338 0.333727
 0.0425145 0.278134 0.392672 0.401371 0.40184
 0.0428434 0.280285 0.395709 0.404476 0.404948
 0.0365198 0.238916 0.337304 0.344777 0.345179
YTP_r0W_actual
 5374.11 108100 61341.2 18019.2 7626.38
YTP_p0W_proyectada
 7036.15 51684 101608 35906 12216.1
CTP_r0_actual
 655.379 4913.66 1941.18 434.196 159.215
CTP_p0_proyectada
 858.067 2349.27 3215.46 865.205 255.033
Wmedp
 8.2 22 31.6 41.5 47.9
nmprior
 10 11 7 0
nm_flota  nm_reclas  nm_pelaces    nm_pelaL
inf 18.8201 15.225 26.2463
cv_recla  cv_pelaces  cv_mph
0.720217 0.456344 0.463064
 ------------------------------------------------
Talla a la edad & desviaci?n 
 7.2 14.2025 17.0495 18.207 18.6776
 1.08 2.13037 2.55742 2.73105 2.80164
