years
 1997 1998 1999 2000 2001 2002 2003 2004 2005 2006 2007 2008 2009 2010 2011 2012 2013 2014 2015 2016 2017 2018 2019 2020 2021 2022
reclasobs
 0 0 0 370054 412103 1.49427e+06 250295 1.28982e+06 931140 785840 897777 1.04006e+06 184774 17550 25797 100020 73551 82996 120727 218422 84188 347160 605670 569463 516374 1.08416e+06
reclaspred
 491075 126566 322127 215416 345281 433919 949896 655378 740965 772143 666121 464732 281224 114965 68342.7 66214.3 79305.7 107162 116805 156735 238886 228688 392971 538617 735163 554817
pelacesobs
 0 0 0 0 0 0 0 0 0 2.06254e+06 1.5e+06 0 1.87456e+06 323000 250000 174000 83755 137374 0 501740 490994 745055 786931 1.00524e+06 1.33801e+06 0
pelacespred
 1.91184e+06 428987 639410 695151 990517 952533 2.51608e+06 2.04161e+06 2.10441e+06 2.22243e+06 1.63305e+06 1.17907e+06 707571 228103 141262 148009 185112 261312 284270 376721 669132 613233 812477 1.34495e+06 1.8201e+06 1.41191e+06
mphobs
 0 0 0 0 0 112323 0 153150 637223 0 255016 313432 73983 77613 109348 50772 0 0 0 0 0 0 0 0 0 0
mphpred
 181283 99624.6 110419 104976 120261 203355 288823 364908 315046 340639 359611 251304 156917 81878.4 35654.2 28859.9 31924.1 41877.3 52373.5 59177.6 89383.5 111060 137163 200418 314022 299868
desembarqueobs
 350755 77701 442110 56441 14545 235359 269955 359681 431902 328805 639364 411747 362871 311530 167758 66681 60226 58785 57116 73181 50977 67692 138656 160484 209506 263620
desembarquepred
 350761 77699.2 442088 56444.4 14545.3 235447 270026 359674 431947 328811 639315 411784 362928 311629 167586 66677.6 60254.3 58778.9 57100.9 73178.1 50980.1 67682.9 138661 160496 209488 263569
Reclutas
 36127.7 43878.2 21891.8 32033.1 57658.5 40988.1 77384.1 73995.8 97993.4 116307 65629.8 45638.5 46552.3 25384.2 14532.8 13057.9 9969.78 11443.6 12221.5 19611.8 26089.2 32594.5 53961.6 79643.9 39984.1 27987.2
log_desv_Rt
 0.0348887 0.229246 -0.466057 -0.0854003 0.502368 0.16111 0.79661 0.751837 1.03273 1.20406 0.631859 0.268581 0.288405 -0.318043 -0.875765 -0.98278 -1.25261 -1.11474 -1.04897 -0.576039 -0.29065 -0.0680268 0.436101 0.825395 0.136312 -0.220424
SSB
 439992 241798 267997 254788 291885 493562 700999 885666 764645 826762 872809 609938 380852 198726 86536.2 70045.7 77482.8 101640 127115 143630 216942 269552 332906 486434 762161 727807
BT
 1.52904e+06 370590 638727 461438 594656 700423 1.73427e+06 1.58757e+06 1.67153e+06 1.62668e+06 1.50635e+06 1.04784e+06 775669 426440 226721 143420 159948 202314 208961 282302 436811 399929 556678 917144 1.16746e+06 993594
Ftot
 1.0147 0.925861 1.59969 0.347848 0.0612742 0.582947 0.370143 0.715071 0.806062 0.589008 1.08176 0.955858 1.54842 3.06264 3.44826 1.44246 1.07162 0.735354 0.59165 0.625888 0.288023 0.347584 0.419807 0.400047 0.312534 0.452437
BD_Bspro_t
 0.907835 0.634333 0.554128 0.368795 0.527542 0.706894 0.651935 0.674293 0.606501 0.579956 0.561996 0.402437 0.2987 0.201927 0.110905 0.110724 0.163271 0.266975 0.367792 0.455602 0.586077 0.697583 0.705449 0.719913 0.750821 0.674038
BD_Bspro
 0.61226 0.336469 0.372925 0.354544 0.406165 0.686805 0.975459 1.23243 1.06402 1.15046 1.21454 0.848745 0.529966 0.276533 0.120417 0.0974704 0.107819 0.141435 0.176884 0.199864 0.301881 0.375089 0.463248 0.676886 1.06057 1.01276
BD_Bo
 0.49301 0.270935 0.300291 0.285489 0.327056 0.553036 0.785469 0.992388 0.856784 0.926386 0.977981 0.683435 0.426745 0.222673 0.0969637 0.0784861 0.0868194 0.113888 0.142433 0.160937 0.243083 0.302033 0.373021 0.545049 0.854 0.815507
BD_Brms
 0.896382 0.492609 0.545983 0.519071 0.594648 1.00552 1.42813 1.80434 1.55779 1.68434 1.77815 1.24261 0.775899 0.404859 0.176298 0.142702 0.157853 0.207068 0.258968 0.292612 0.44197 0.549151 0.67822 0.990998 1.55273 1.48274
S_f
 0.0988567 0.67578 0.975371 0.998673 0.99993
 0.0988567 0.67578 0.975371 0.998673 0.99993
 0.0988567 0.67578 0.975371 0.998673 0.99993
 0.0988567 0.67578 0.975371 0.998673 0.99993
 0.0988567 0.67578 0.975371 0.998673 0.99993
 0.0988567 0.67578 0.975371 0.998673 0.99993
 0.0988567 0.67578 0.975371 0.998673 0.99993
 0.0988567 0.67578 0.975371 0.998673 0.99993
 0.0988567 0.67578 0.975371 0.998673 0.99993
 0.0988567 0.67578 0.975371 0.998673 0.99993
 0.0988567 0.67578 0.975371 0.998673 0.99993
 0.0988567 0.67578 0.975371 0.998673 0.99993
 0.0988567 0.67578 0.975371 0.998673 0.99993
 0.0988567 0.67578 0.975371 0.998673 0.99993
 0.0988567 0.67578 0.975371 0.998673 0.99993
 0.0988567 0.67578 0.975371 0.998673 0.99993
 0.0988567 0.67578 0.975371 0.998673 0.99993
 0.0988567 0.67578 0.975371 0.998673 0.99993
 0.0988567 0.67578 0.975371 0.998673 0.99993
 0.0988567 0.67578 0.975371 0.998673 0.99993
 0.0988567 0.67578 0.975371 0.998673 0.99993
 0.0988567 0.67578 0.975371 0.998673 0.99993
 0.0988567 0.67578 0.975371 0.998673 0.99993
 0.0988567 0.67578 0.975371 0.998673 0.99993
 0.0988567 0.67578 0.975371 0.998673 0.99993
 0.0988567 0.67578 0.975371 0.998673 0.99993
Scru_reclas
 0.599177 0.882672 0.974267 0.994779 0.998958
 0.599177 0.882672 0.974267 0.994779 0.998958
 0.599177 0.882672 0.974267 0.994779 0.998958
 0.599177 0.882672 0.974267 0.994779 0.998958
 0.599177 0.882672 0.974267 0.994779 0.998958
 0.599177 0.882672 0.974267 0.994779 0.998958
 0.599177 0.882672 0.974267 0.994779 0.998958
 0.599177 0.882672 0.974267 0.994779 0.998958
 0.599177 0.882672 0.974267 0.994779 0.998958
 0.599177 0.882672 0.974267 0.994779 0.998958
 0.599177 0.882672 0.974267 0.994779 0.998958
 0.599177 0.882672 0.974267 0.994779 0.998958
 0.599177 0.882672 0.974267 0.994779 0.998958
 0.599177 0.882672 0.974267 0.994779 0.998958
 0.599177 0.882672 0.974267 0.994779 0.998958
 0.599177 0.882672 0.974267 0.994779 0.998958
 0.599177 0.882672 0.974267 0.994779 0.998958
 0.599177 0.882672 0.974267 0.994779 0.998958
 0.599177 0.882672 0.974267 0.994779 0.998958
 0.599177 0.882672 0.974267 0.994779 0.998958
 0.599177 0.882672 0.974267 0.994779 0.998958
 0.599177 0.882672 0.974267 0.994779 0.998958
 0.599177 0.882672 0.974267 0.994779 0.998958
 0.599177 0.882672 0.974267 0.994779 0.998958
 0.599177 0.882672 0.974267 0.994779 0.998958
 0.599177 0.882672 0.974267 0.994779 0.998958
Scru_pelaces
 0.726059 1 1 1 1
 0.726059 1 1 1 1
 0.726059 1 1 1 1
 0.726059 1 1 1 1
 0.726059 1 1 1 1
 0.726059 1 1 1 1
 0.726059 1 1 1 1
 0.726059 1 1 1 1
 0.726059 1 1 1 1
 0.726059 1 1 1 1
 0.726059 1 1 1 1
 0.726059 1 1 1 1
 0.726059 1 1 1 1
 0.726059 1 1 1 1
 0.726059 1 1 1 1
 0.726059 1 1 1 1
 0.726059 1 1 1 1
 0.726059 1 1 1 1
 0.726059 1 1 1 1
 0.726059 1 1 1 1
 0.726059 1 1 1 1
 0.726059 1 1 1 1
 0.726059 1 1 1 1
 0.726059 1 1 1 1
 0.726059 1 1 1 1
 0.726059 1 1 1 1
pf_obs 
 0.256992 0.487395 0.22802 0.0275931 0
 0.321318 0.546541 0.124235 0.00734118 0.000564706
 0.182869 0.594174 0.210203 0.0122559 0.00049798
 0.330522 0.361315 0.267642 0.0388342 0.00168674
 0.649043 0.306663 0.0425973 0.00169635 0
 0.582887 0.30429 0.105238 0.00758474 0
 0.465427 0.430635 0.0974691 0.00646863 0
 0.296916 0.608066 0.0921331 0.00288517 0
 0.311714 0.524322 0.152257 0.0117073 0
 0.15457 0.633149 0.183074 0.0267441 0.00246327
 0.131901 0.49318 0.331252 0.0422183 0.00144891
 0.196976 0.569456 0.194076 0.0375587 0.00193317
 0.518974 0.381816 0.0799577 0.0180837 0.00116848
 0.0928022 0.601141 0.25162 0.0475244 0.00691264
 0.122501 0.610282 0.24278 0.0234846 0.000952079
 0.383417 0.481906 0.127806 0.00687128 0
 0.0376549 0.599619 0.316969 0.0457579 0
 0.0361596 0.667082 0.258105 0.0386534 0
 0.158088 0.579412 0.248529 0.0139706 0
 0.0477256 0.309471 0.559284 0.082774 0.000745712
 0.0406174 0.521527 0.379366 0.0568643 0.0016247
 0.151134 0.462217 0.34131 0.0453401 0
 0.294876 0.26143 0.354403 0.0886775 0.000613685
 0.281977 0.475581 0.204845 0.0348837 0.00271318
 0.0841818 0.532909 0.334909 0.0458182 0.00218182
 0 0 0 0 0
pf_pred 
 0.299962 0.477869 0.198422 0.0237331 1.33712e-05
 0.279428 0.566464 0.12138 0.029346 0.00338173
 0.150422 0.649569 0.17251 0.0218269 0.00567268
 0.258727 0.469951 0.234343 0.0321034 0.00487654
 0.274975 0.493321 0.167434 0.0557145 0.00855489
 0.14277 0.587601 0.203359 0.0482001 0.0180697
 0.255524 0.395615 0.270418 0.0596127 0.0188295
 0.196585 0.565803 0.150479 0.0679647 0.0191681
 0.247299 0.486499 0.21182 0.034859 0.0195224
 0.238973 0.546494 0.161204 0.0427341 0.0105943
 0.136498 0.600264 0.211185 0.0394169 0.0126357
 0.142691 0.498548 0.287042 0.0579803 0.0137381
 0.222182 0.472754 0.214932 0.072647 0.0174842
 0.215507 0.61704 0.126151 0.0295084 0.011794
 0.279839 0.619499 0.0919405 0.00669488 0.00202649
 0.317481 0.612467 0.0665705 0.00320275 0.000278733
 0.213268 0.638468 0.139791 0.00807021 0.000403327
 0.235752 0.524941 0.211117 0.0266375 0.00155325
 0.213762 0.546741 0.187054 0.0464437 0.00599867
 0.276839 0.474186 0.195108 0.0423565 0.0115104
 0.245559 0.548124 0.155158 0.0403637 0.0107959
 0.214282 0.519005 0.213107 0.0405789 0.0130269
 0.261647 0.467219 0.202352 0.0552605 0.013521
 0.259169 0.517871 0.16177 0.0459965 0.0151931
 0.102544 0.616507 0.219198 0.0451509 0.0166002
 0.0897403 0.377375 0.408929 0.0972849 0.0266704
pobs_RECLAS
 0 0 0 0 0
 0 0 0 0 0
 0 0 0 0 0
 0 0 0 0 0
 0.835266 0.146461 0.0176864 0.000547809 3.91292e-05
 0.385257 0.428462 0.181853 0.0044286 0
 0.867414 0.0963971 0.0333333 0.00285562 0
 0.441836 0.489002 0.0689373 0.000224442 0
 0.779404 0.147425 0.0564933 0.0165055 0.000172143
 0.814271 0.122319 0.05973 0.00367925 0
 0.40263 0.566651 0.0304383 0.000280538 0
 0.475488 0.404961 0.113038 0.00651328 0
 0.955842 0.0263864 0.0167828 0.000988607 0
 0.975058 0.0227948 0.00214734 0 0
 0.738997 0.206755 0.0527124 0.00153531 0
 0.850938 0.134255 0.0134407 0.00136685 0
 0.542534 0.407297 0.0501686 0 0
 0.764087 0.199537 0.0359546 0.000420521 0
 0.470689 0.182191 0.310203 0.0369168 0
 0.84361 0.089868 0.0606195 0.00523954 0.000663233
 0.607945 0.314616 0.071237 0.00620181 0
 0.523733 0.453247 0.0230204 0 0
 0.530135 0.295979 0.169645 0.0042399 0
 0.562478 0.366248 0.0663022 0.0049721 0
 0.250443 0.683176 0.0655157 0.000865301 0
 0.195077 0.31981 0.436473 0.0351445 0.0134964
ppred_RECLAS
 0.69572 0.226696 0.0693359 0.00824379 4.65739e-06
 0.666207 0.277898 0.0440736 0.0105966 0.00122452
 0.493256 0.416027 0.0783384 0.00981998 0.00255875
 0.643078 0.248272 0.0938809 0.0128166 0.0019525
 0.656115 0.25313 0.0656263 0.021775 0.00335333
 0.462404 0.399766 0.104041 0.0245568 0.00923242
 0.645884 0.212325 0.109979 0.0241591 0.00765308
 0.559206 0.335568 0.0667378 0.0300021 0.00848552
 0.635334 0.25916 0.0840216 0.013758 0.00772669
 0.616595 0.296096 0.065665 0.0173344 0.00430968
 0.458086 0.410093 0.105873 0.0196365 0.00631206
 0.476499 0.341884 0.14546 0.029215 0.00694158
 0.621621 0.259498 0.0839665 0.028127 0.00678703
 0.642953 0.30594 0.0386952 0.00886275 0.00354918
 0.723245 0.2525 0.0221997 0.00157706 0.000478196
 0.707602 0.270241 0.0210637 0.00100499 8.76941e-05
 0.583487 0.355859 0.0572074 0.00328203 0.000164478
 0.6167 0.285959 0.0859204 0.0107896 0.00063093
 0.583534 0.313365 0.0805937 0.0199265 0.00258107
 0.666525 0.23925 0.0738981 0.0159734 0.00435317
 0.620484 0.29517 0.0634738 0.0164578 0.00441471
 0.582984 0.300124 0.0934505 0.0177328 0.00570922
 0.647589 0.244953 0.0802612 0.0218384 0.0053588
 0.640348 0.271297 0.0641572 0.0181762 0.00602116
 0.367321 0.470132 0.126892 0.0260494 0.00960516
 0.352402 0.313405 0.256643 0.0608265 0.0167235
pobs_PELACES
 0 0 0 0 0
 0 0 0 0 0
 0 0 0 0 0
 0 0 0 0 0
 0 0 0 0 0
 0 0 0 0 0
 0 0 0 0 0
 0 0 0 0 0
 0 0 0 0 0
 0 0 0 0 0
 0.450072 0.473896 0.0757376 0.000293798 0
 0 0 0 0 0
 0.463077 0.371075 0.160297 0.00555027 0
 0.529543 0.364841 0.0842815 0.0213345 0
 0.631943 0.363953 0.00410389 0 0
 0.735681 0.248677 0.0153453 0.000297389 0
 0.695825 0.281241 0.0229344 0 0
 0.275771 0.60734 0.115278 0.00161068 0
 0 0 0 0 0
 0.896147 0.0623911 0.0374545 0.00400742 0
 0.803859 0.145111 0.0509908 3.86294e-05 0
 0.739449 0.233085 0.0266225 0.000797448 4.60066e-05
 0.878498 0.100942 0.0204185 0.000141795 0
 0.694673 0.275183 0.0284847 0.00165964 0
 0.469039 0.446079 0.0841089 0.000773354 0
 0 0 0 0 0
ppred_PELACES
 0.756802 0.190054 0.0476372 0.00550399 3.09521e-06
 0.724104 0.23676 0.0310434 0.00725801 0.000834887
 0.595539 0.346319 0.0504389 0.00611661 0.00158606
 0.681749 0.230309 0.0762337 0.0101656 0.00154194
 0.67984 0.242375 0.0565865 0.0183797 0.00281855
 0.516711 0.37378 0.0831965 0.019146 0.00716632
 0.688425 0.197189 0.0892112 0.0191384 0.00603635
 0.618062 0.302622 0.0508055 0.0222461 0.0062637
 0.695465 0.227498 0.061704 0.00983412 0.00549806
 0.665848 0.267233 0.0506551 0.0130371 0.00322695
 0.538093 0.36655 0.0770389 0.013878 0.00444038
 0.554733 0.310207 0.108792 0.0212431 0.00502433
 0.717798 0.208626 0.0524779 0.0170127 0.00408536
 0.783833 0.194642 0.016477 0.00361006 0.00143781
 0.84765 0.143504 0.00812857 0.000550746 0.000166061
 0.775936 0.210526 0.0128906 0.000595713 5.17326e-05
 0.653831 0.304012 0.0398268 0.00221941 0.000110711
 0.673566 0.253859 0.0642589 0.00785848 0.000457467
 0.635322 0.284999 0.0626342 0.0150979 0.00194697
 0.715693 0.213204 0.0560822 0.0118154 0.00320572
 0.655159 0.27584 0.0522318 0.0132343 0.00353476
 0.623698 0.280972 0.0765846 0.0141948 0.00455034
 0.689566 0.225129 0.0641138 0.01703 0.0041607
 0.68006 0.249622 0.0514077 0.0142201 0.00469013
 0.405166 0.456825 0.10831 0.0217239 0.00797568
 0.405923 0.309662 0.219687 0.050817 0.0139105
pobs_pel_tallas
 0 0 0 0 0 0 0 0 0 0 0 0 0 0 0 0 0 0 0 0 0 0 0 0 0 0 0 0 0 0 0 0 0 0 0 0
 0 0 0 0 0 0 0 0 0 0 0 0 0 0 0 0 0 0 0 0 0 0 0 0 0 0 0 0 0 0 0 0 0 0 0 0
 0 0 0 0 0 0 0 0 0 0 0 0 0 0 0 0 0 0 0 0 0 0 0 0 0 0 0 0 0 0 0 0 0 0 0 0
 0 0 0 0 0 0 0 0 0 0 0 0 0 0 0 0 0 0 0 0 0 0 0 0 0 0 0 0 0 0 0 0 0 0 0 0
 0 0 0 0 0 0 0 0 0 0 0 0 0 0 0 0 0 0 0 0 0 0 0 0 0 0 0 0 0 0 0 0 0 0 0 0
 0 0 0 0 0 0 0 0 0 0 0 0 0 0 0 0 0 0 0 0 0 0 0 0 0 0 0 0 0 0 0 0 0 0 0 0
 0 0 0 0 0 0 0 0 0 0 0 0 0 0 0 0 0 0 0 0 0 0 0 0 0 0 0 0 0 0 0 0 0 0 0 0
 0 0 0 0 0 0 0 0 0 0 0 0 0 0 0 0 0 0 0 0 0 0 0 0 0 0 0 0 0 0 0 0 0 0 0 0
 0 0 0 0 0 0 0 0 0 0 0 0 0 0 0 0 0 0 0 0 0 0 0 0 0 0 0 0 0 0 0 0 0 0 0 0
 0 0 0 0 0 0 0 0 0 0 0 0 0 0 0 0 0 0 0 0 0 0 0 0 0 0 0 0 0 0 0 0 0 0 0 0
 0 0 0 0 0 0 0 0 1.78061e-05 0.00172719 0.00360574 0.0105946 0.0120993 0.0124554 0.0147524 0.0171206 0.0266825 0.0428682 0.0675386 0.121331 0.153587 0.119568 0.100827 0.0573624 0.0630603 0.0341343 0.0324427 0.0444173 0.0211091 0.0280891 0.0125444 0.00206551 0 0 0 0
 0 0 0 0 0 0 0 0 0 0 0 0 0 0 0 0 0 0 0 0 0 0 0 0 0 0 0 0 0 0 0 0 0 0 0 0
 0 0 0 0 0 0 0.0133647 0.0140871 0.0187388 0.0205184 0.03894 0.0496705 0.03968 0.0493445 0.0407372 0.0367815 0.0215668 0.0243155 0.0234873 0.0199281 0.019796 0.0243948 0.0301388 0.0376714 0.0412746 0.0863199 0.0771752 0.113111 0.0741005 0.0525337 0.0229764 0.00759418 0.00175318 0 0 0
 0 0 0 0 0 0 0 0 0 0 0.00219441 0.00772107 0.0458388 0.0604681 0.0671733 0.0775358 0.0609151 0.0617685 0.073594 0.0568108 0.0755445 0.0548602 0.0670107 0.0636378 0.0643287 0.046367 0.0373049 0.0286899 0.0247887 0.0153202 0.00654259 0.00121912 0.000365735 0 0 0
 0 0 0 0 0 0 0 0 0 0 0 0 0.000112435 0.00938835 0.0111873 0.0202946 0.0414886 0.0713402 0.111592 0.104902 0.108894 0.110636 0.117776 0.105296 0.107544 0.0401394 0.0192827 0.0124803 0.00416011 0.0028671 0.000618394 0 0 0 0 0
 0 0 0 0 0 0 0 0 0 0 0.00291406 0.0102884 0.027416 0.0768956 0.0749926 0.110853 0.0956884 0.0897413 0.0766577 0.0534642 0.0500743 0.0551293 0.0594112 0.0620874 0.0668451 0.0424026 0.0208742 0.0120726 0.0048766 0.00582813 0.00118941 0.000297354 0 0 0 0
 0 0.00264628 0.0354308 0.0461629 0.0458689 0.0383711 0.0214643 0.0164657 0.0346957 0.0420465 0.0363128 0.0245516 0.0311673 0.0291091 0.0169068 0.0133784 0.00837989 0.0085269 0.0148486 0.0160247 0.0276389 0.0546898 0.0760071 0.122758 0.109233 0.0665981 0.0333725 0.0166128 0.00676272 0.00308733 0.000882094 0 0 0 0 0
 0 0 0 0 0 0 0 0.000805153 0.000690131 0.00759144 0.0133425 0.0154129 0.00931677 0.000345066 0.00356568 0.00563607 0.00851162 0.0253048 0.0502646 0.0516448 0.0657925 0.0565908 0.0611916 0.0827007 0.0866115 0.110766 0.145733 0.0935128 0.0569358 0.0249597 0.0138026 0.00621118 0.00161031 0.00115022 0 0
 0 0 0 0 0 0 0 0 0 0 0 0 0 0 0 0 0 0 0 0 0 0 0 0 0 0 0 0 0 0 0 0 0 0 0 0
 0.00147267 0.00158595 0.00478618 0.00569244 0.00954404 0.0108468 0.00647125 0.017049 0.0510054 0.094081 0.124002 0.0959785 0.0687766 0.0820023 0.061753 0.0591476 0.0492212 0.0479892 0.0443925 0.0268479 0.0217502 0.0140895 0.0121071 0.0120363 0.00920419 0.00665534 0.0049561 0.00860946 0.00930331 0.0156896 0.0114698 0.00855282 0.00243557 0.00046729 0 2.83206e-05
 0 0 0 0 0.000772559 0.00158375 0.000888443 0.00281984 0.00712685 0.0440552 0.0773331 0.111326 0.0921469 0.0852325 0.0710754 0.0886704 0.0786465 0.0553345 0.0373146 0.0185414 0.00753245 0.00457741 0.012979 0.0271748 0.0457355 0.0583668 0.034881 0.0177882 0.00938659 0.00492506 0.0015258 0.00185414 0.000309023 5.79419e-05 3.86279e-05 0
 0 0.00173294 0.00326652 0 0.00397197 0.00683976 0.00946217 0.0152591 0.00757587 0.0136028 0.0228656 0.0392903 0.0559909 0.0764795 0.0681675 0.0726916 0.0566044 0.0477403 0.0527397 0.0444891 0.0609904 0.0582453 0.0661739 0.0445044 0.0529084 0.0360697 0.0280645 0.0235558 0.0158879 0.00826598 0.00280645 0.00217768 0.000904811 0.00058276 9.20147e-05 0
 0 0 0 0 0 0 0 0 0 0 0 0 0 0 0 0 0 0 0 0 0 0 0 0 0 0 0 0 0 0 0 0 0 0 0 0
 0 0 0 0 0 0 0 0 0 0 0 0 0 0 0 0 0 0 0 0 0 0 0 0 0 0 0 0 0 0 0 0 0 0 0 0
 0 0 0 0 0 0 0 0 0 0 0 0 0 0 0 0 0 0 0 0 0 0 0 0 0 0 0 0 0 0 0 0 0 0 0 0
 0 0 0 0 0 0 0 0 0 0 0 0 0 0 0 0 0 0 0 0 0 0 0 0 0 0 0 0 0 0 0 0 0 0 0 0
ppred_pel_tallas
 1.00928e-16 3.30206e-05 0.000193803 0.000921252 0.00354687 0.0110606 0.0279381 0.0571653 0.0947582 0.127259 0.138487 0.122163 0.0874662 0.0510816 0.0248573 0.0110623 0.0060986 0.00572466 0.00733383 0.00976419 0.0125117 0.0152429 0.0176399 0.0194077 0.0203287 0.0203103 0.0194035 0.0177834 0.0157 0.013418 0.0111636 0.00909362 0.0072897 0.00577174 0.00452057 0.00349992
 1.00807e-16 3.15966e-05 0.000185439 0.000881479 0.00339372 0.010583 0.0267318 0.0546974 0.090669 0.121772 0.132528 0.116937 0.0837897 0.049066 0.0241214 0.0111496 0.0067287 0.00681356 0.00890637 0.0118677 0.0151606 0.0183882 0.0211582 0.0231084 0.0239783 0.0236697 0.0222686 0.0200174 0.0172513 0.0143186 0.0115112 0.00902494 0.00695125 0.00529643 0.00401289 0.00303049
 1.01114e-16 2.59951e-05 0.000152543 0.000725065 0.00279144 0.00870477 0.0219878 0.0449916 0.0745849 0.100184 0.10907 0.0963257 0.0692107 0.0409114 0.0208252 0.0108245 0.00816214 0.00955803 0.0129613 0.0173729 0.0222132 0.0269503 0.0310185 0.033888 0.0351764 0.0347376 0.032695 0.0294012 0.0253452 0.0210361 0.0169026 0.0132333 0.0101654 0.00771185 0.00580636 0.00434872
 1.01579e-16 2.97496e-05 0.000174596 0.00082993 0.00319524 0.00996403 0.0251684 0.0514985 0.0853668 0.114652 0.124783 0.11011 0.0789148 0.0462456 0.0228 0.0106516 0.00658907 0.00681519 0.00898934 0.0120476 0.015489 0.0189378 0.022015 0.0243615 0.0257067 0.0259265 0.0250663 0.023319 0.0209685 0.0183186 0.0156321 0.0130948 0.0108095 0.00881082 0.00709168 0.00562665
 1.01646e-16 2.96668e-05 0.000174109 0.000827612 0.00318631 0.00993618 0.0250981 0.0513547 0.0851288 0.114333 0.124438 0.109813 0.0787148 0.046155 0.0228045 0.010735 0.00674759 0.00705654 0.00932474 0.0124827 0.0160162 0.0195321 0.0226334 0.0249469 0.0261967 0.0262651 0.0252156 0.0232674 0.0207332 0.017942 0.0151728 0.0126162 0.0103681 0.00844868 0.00683179 0.00547343
 1.02296e-16 2.2559e-05 0.000132368 0.000629142 0.00242211 0.007553 0.0190786 0.0390393 0.0647198 0.0869404 0.0946703 0.0836531 0.0602028 0.0357829 0.0185777 0.0102486 0.00845012 0.0103663 0.0142285 0.0191502 0.024572 0.0299413 0.0346546 0.0381382 0.0399684 0.0399679 0.0382407 0.0351323 0.0311337 0.0267602 0.0224487 0.0184972 0.0150545 0.0121492 0.00973542 0.00773797
 1.02271e-16 3.00394e-05 0.0001763 0.000838039 0.00322647 0.0100614 0.0254144 0.0520016 0.0861998 0.115768 0.125989 0.111156 0.0796241 0.04658 0.0228144 0.0104078 0.00610568 0.0060674 0.00793481 0.010655 0.0137609 0.0169273 0.0198312 0.022163 0.0236822 0.0242655 0.0239282 0.0228059 0.0211108 0.0190746 0.0169007 0.0147368 0.0126713 0.0107461 0.0089766 0.00736823
 1.01877e-16 2.69754e-05 0.000158303 0.000752454 0.00289692 0.0090337 0.0228186 0.0466911 0.0774005 0.103961 0.113169 0.0999144 0.0717211 0.0422585 0.0212591 0.0106423 0.00753503 0.00851929 0.0114703 0.0153803 0.0197057 0.023977 0.0277027 0.0304211 0.0317954 0.0316907 0.0302018 0.0276193 0.0243495 0.0208154 0.0173717 0.0142553 0.0115782 0.00935166 0.00752611 0.00602899
 1.01545e-16 3.03475e-05 0.000178107 0.000846621 0.00325951 0.0101644 0.0256746 0.0525343 0.0870835 0.116957 0.127289 0.112317 0.0804846 0.0471423 0.0231986 0.010764 0.00655743 0.00670036 0.00880211 0.0117774 0.0151191 0.0184527 0.0214036 0.0236199 0.0248397 0.0249482 0.0240007 0.0221981 0.0198302 0.0172038 0.0145809 0.0121427 0.00998355 0.00812775 0.00655622 0.00523238
 1.01405e-16 2.90577e-05 0.00017053 0.000810594 0.00312078 0.00973182 0.0245819 0.0502988 0.0833793 0.111986 0.121891 0.107581 0.0771503 0.045309 0.0225188 0.0108211 0.007094 0.00763669 0.0101579 0.0135946 0.0174129 0.0211848 0.0244722 0.0268652 0.028064 0.0279474 0.0265974 0.0242703 0.0213259 0.018141 0.0150333 0.0122181 0.00980054 0.00779598 0.0061645 0.00484364
 1.01898e-16 2.3491e-05 0.00013784 0.000655161 0.00252229 0.00786542 0.0198677 0.0406539 0.0673957 0.0905328 0.0985763 0.0870909 0.0626469 0.0371754 0.0191898 0.0104091 0.008379 0.010158 0.0139009 0.0186907 0.0239626 0.0291688 0.0337153 0.0370391 0.0387265 0.0386072 0.0367894 0.0336199 0.029589 0.0252112 0.0209226 0.0170209 0.0136542 0.0108492 0.00855678 0.00669602
 1.02611e-16 2.42144e-05 0.000142092 0.000675386 0.00260018 0.00810833 0.0204812 0.0419087 0.0694741 0.093319 0.101595 0.0897222 0.0644621 0.0380971 0.0193813 0.0100607 0.007582 0.0089001 0.0121217 0.0163404 0.0210462 0.0257744 0.0300237 0.0333119 0.0352722 0.0357323 0.034745 0.0325593 0.0295448 0.0260984 0.0225632 0.0191821 0.0160902 0.0133364 0.0109169 0.00880733
 1.01589e-16 3.13206e-05 0.000183821 0.000873792 0.00336413 0.0104907 0.0264987 0.0542203 0.0898774 0.120707 0.131363 0.115897 0.0830168 0.0485582 0.0237699 0.0108181 0.0063042 0.00621648 0.0080862 0.0108033 0.0138679 0.016929 0.0196427 0.0216874 0.0228243 0.0229494 0.0221136 0.0205008 0.0183751 0.0160148 0.0136564 0.0114616 0.00951278 0.00782886 0.00639053 0.00516419
 1.00489e-16 3.41994e-05 0.000200724 0.000954151 0.00367354 0.0114556 0.0289359 0.0592068 0.0981422 0.131803 0.14343 0.12652 0.090578 0.0528826 0.0257023 0.0113829 0.0061917 0.00572909 0.00728773 0.00965704 0.0123095 0.0148974 0.017094 0.0186023 0.0192116 0.018847 0.0175872 0.0156405 0.0132915 0.0108341 0.00851331 0.0064912 0.00484063 0.00356095 0.00260497 0.00190592
 1.00189e-16 3.698e-05 0.000217053 0.00103179 0.0039725 0.0123879 0.0312908 0.0640247 0.106126 0.142519 0.155076 0.136755 0.0978207 0.0569416 0.0273583 0.0115772 0.00553217 0.00444425 0.00538386 0.00706871 0.00898871 0.0108579 0.0124296 0.0134842 0.013868 0.0135285 0.0125278 0.0110248 0.00923476 0.00737954 0.00564376 0.00414916 0.00294957 0.00204258 0.00138973 0.000937023
 1.00275e-16 3.38556e-05 0.000198704 0.000944548 0.00363656 0.0113403 0.0286446 0.058611 0.097155 0.130479 0.141993 0.125262 0.0896984 0.0524114 0.0255521 0.0114498 0.00641606 0.0060994 0.00781805 0.010364 0.0131964 0.0159448 0.0182562 0.0198095 0.020379 0.0198873 0.0184247 0.0162237 0.0135997 0.0108775 0.00832806 0.00613023 0.00436349 0.00302503 0.00205922 0.00138756
 1.00746e-16 2.85351e-05 0.000167459 0.000795987 0.00306453 0.00955638 0.0241388 0.0493925 0.081878 0.109974 0.119709 0.105678 0.0758339 0.0446331 0.0223626 0.0110432 0.00762436 0.00847997 0.0113552 0.0151826 0.0193933 0.0235048 0.0270172 0.0294652 0.0305145 0.0300405 0.0281563 0.0251778 0.0215411 0.0176998 0.0140354 0.0108044 0.00812816 0.00601594 0.00440541 0.00320289
 1.01287e-16 2.93937e-05 0.000172505 0.000819982 0.00315693 0.00984455 0.0248667 0.0508813 0.0843444 0.113281 0.123296 0.108813 0.0780152 0.0457792 0.0226828 0.0107847 0.00692126 0.00734565 0.00974199 0.013044 0.0167286 0.0203857 0.0235975 0.025971 0.0272153 0.0272063 0.0260115 0.0238634 0.0210951 0.0180587 0.0150555 0.0122942 0.00988352 0.00785026 0.00616938 0.00479331
 1.01592e-16 2.77273e-05 0.000162719 0.000773452 0.00297777 0.00928584 0.0234554 0.0479941 0.0795597 0.106859 0.116317 0.10268 0.0736749 0.0433469 0.0216906 0.0106683 0.00731599 0.00811379 0.0108784 0.014586 0.0187022 0.0227796 0.0263527 0.0289829 0.0303474 0.0303113 0.0289553 0.0265448 0.0234564 0.020086 0.0167693 0.0137359 0.0111011 0.00888747 0.00705991 0.00555982
 1.01422e-16 3.12289e-05 0.000183283 0.000871231 0.00335427 0.01046 0.0264211 0.0540614 0.0896142 0.120354 0.130981 0.115562 0.0827834 0.0484347 0.0237338 0.0108426 0.00637495 0.00633219 0.00825269 0.0110271 0.0141516 0.0172684 0.0200252 0.0220922 0.0232245 0.0233153 0.0224171 0.0207192 0.0184939 0.0160294 0.0135712 0.0112891 0.00927116 0.00753929 0.00607492 0.00484305
 1.01452e-16 2.85919e-05 0.000167795 0.00079759 0.00307071 0.00957567 0.0241875 0.0494919 0.082042 0.110191 0.11994 0.105867 0.0759373 0.0446293 0.0222418 0.0107891 0.0072053 0.00785316 0.0104786 0.0140306 0.0179723 0.0218652 0.0252579 0.0277271 0.0289637 0.0288425 0.0274482 0.0250454 0.0220058 0.0187183 0.0155108 0.0126056 0.010111 0.00804302 0.00636021 0.00499801
 1.0188e-16 2.72204e-05 0.000159743 0.000759304 0.00292329 0.00911596 0.0230264 0.0471161 0.0781044 0.104905 0.114191 0.100804 0.0723331 0.0425655 0.021315 0.0105101 0.00724394 0.00806429 0.0108315 0.0145439 0.0186796 0.0228005 0.0264486 0.0291897 0.0306999 0.0308374 0.0296694 0.0274438 0.024518 0.0212706 0.0180251 0.0150059 0.01233 0.0100284 0.00807829 0.00643553
 1.01764e-16 3.00902e-05 0.000176596 0.00083944 0.00323186 0.0100782 0.0254569 0.0520887 0.0863448 0.115965 0.126209 0.111364 0.0798026 0.0467438 0.0230045 0.0106777 0.00651095 0.0066599 0.00875573 0.0117244 0.0150657 0.0184103 0.0213889 0.0236534 0.024943 0.0251415 0.0242982 0.0226058 0.0203441 0.0178094 0.0152551 0.0128565 0.0107059 0.00882862 0.00720988 0.00581945
 1.01519e-16 2.96766e-05 0.000174166 0.000827882 0.00318735 0.00993942 0.0251063 0.0513715 0.0851568 0.114372 0.124481 0.109854 0.0787524 0.0461926 0.0228518 0.0108047 0.00685349 0.00721185 0.00954025 0.0127638 0.0163599 0.0199238 0.0230462 0.0253439 0.0265354 0.0265044 0.0253233 0.0232258 0.0205422 0.0176185 0.0147471 0.0121263 0.00985354 0.00794505 0.0063671 0.00506632
 1.02806e-16 1.76985e-05 0.000103825 0.000493427 0.00189954 0.00592338 0.0149624 0.030618 0.0507639 0.0682081 0.0743126 0.0657599 0.0475332 0.0286694 0.0156502 0.00985431 0.00951786 0.0124875 0.0173849 0.0234535 0.0301111 0.0367064 0.042506 0.0468077 0.0490917 0.0491373 0.0470672 0.0432992 0.038429 0.0330841 0.0277977 0.0229353 0.0186825 0.0150786 0.0120733 0.00957933
 1.05616e-16 1.77258e-05 0.000103998 0.00049428 0.00190287 0.00593381 0.0149886 0.0306705 0.0508469 0.0683078 0.07439 0.0657544 0.0473687 0.0282509 0.014849 0.00849347 0.00737439 0.00931822 0.0129767 0.017692 0.0230539 0.0286399 0.0339631 0.0385301 0.0419327 0.0439254 0.0444598 0.0436645 0.0417864 0.0391147 0.0359167 0.0324046 0.0287319 0.0250107 0.0213352 0.0177961
pSPR Fmed_Fpbrs
0.508227   0.6 0.325
Fs Fmed_Fpbrs
0.67   0.452543 1.55754
SSBpbr Bo_Bmed_Bpbrs
892460  408949  490853 245426
Ro
34889
SPR SPRFo_SPRFmed_SPRFpbrs
718635 365230 233556
log_Ro
10.2799
likeval ReclasPelacesDesembMPH_pf_preclas_ppelaces_ptallas_desvR_qrecl_qpela
 66.2074 15.9656 0.00898722 0.000195623 309.393 204.784 76.7971 0 16.5734 2.28666e-06 7.94594e-05 1.16988e-14 0 0 0
q_reclas_q_pelaces
0.807122 3.55443
M
0.7
N
 36127.7 10708.4 3454.39 407.029 0.229138
 43878.2 16228.2 2678.65 637.59 73.4127
 21891.8 19883.5 4310.58 539.159 140.039
 32033.1 9281.04 3349.63 449.679 68.2332
 57658.5 15369.5 3643.35 1184.79 181.701
 40988.1 28459.5 7322.67 1704.27 638.295
 77384.1 19214.3 9530.88 2059.34 649.778
 73995.8 37047.1 7429.94 3298.64 929.472
 97993.4 34237.4 11347.1 1836.86 1027.82
 116307 44935 9861.1 2567.03 635.782
 65629.8 54489.5 14986.9 2756.87 883.076
 45638.5 29285.4 13026.3 2591.03 613.429
 46552.3 20620 7622.78 2546.34 612.457
 25384.2 19836.1 3596.16 835.986 334.021
 14532.8 9312.57 1243.38 90.0542 27.251
 13057.9 5132.14 449.823 21.3757 1.8591
 9969.78 5622.59 961.495 54.7029 2.73179
 11443.6 4453.2 1353.4 167.883 9.78052
 12221.5 5284.29 1345.39 328.038 42.3286
 19611.8 5724.25 1759.29 375.163 101.854
 26089.2 9154.62 1862.18 474.469 126.764
 32594.5 12591.8 3742 698.248 223.915
 53961.6 15639.2 4943.92 1323.92 323.595
 79643.9 25707.2 5847.92 1630.18 537.898
 39984.1 38016.4 9741.82 1965.78 721.95
 27987.2 19251.5 15284.1 3566.52 976.748
pred_Ctot
 2494.17 3973.46 1649.87 197.34 0.111181
 2774.6 5624.74 1205.25 291.393 33.5791
 2323.95 10035.6 2665.2 337.215 87.6405
 780.264 1417.27 706.727 96.8171 14.7066
 250.503 449.417 152.533 50.756 7.79352
 1656.2 6816.44 2359.06 559.142 209.616
 2003.79 3102.37 2120.59 467.476 147.659
 3646.74 10495.9 2791.45 1260.77 355.577
 5422.64 10667.7 4644.66 764.368 428.076
 4747.24 10856.2 3202.34 848.919 210.457
 4816.54 21181.2 7451.99 1390.89 445.869
 2975.58 10396.4 5985.77 1209.08 286.485
 4793.84 10200.2 4637.41 1567.44 377.242
 4852.49 13893.7 2840.49 664.429 265.561
 3078.65 6815.43 1011.48 73.6539 22.2945
 1258.31 2427.47 263.847 12.6938 1.10474
 725.128 2170.84 475.298 27.4393 1.37134
 579.467 1290.28 518.917 65.4738 3.81781
 501.019 1281.46 438.42 108.855 14.0598
 849.249 1454.64 598.525 129.935 35.3101
 527.556 1177.59 333.34 86.717 23.1939
 793.343 1921.53 788.994 150.237 48.2299
 1581.36 2823.81 1222.99 333.987 81.7189
 2226.03 4448.06 1389.46 395.069 130.495
 876.401 5269.03 1873.39 385.886 141.875
 882.67 3711.79 4022.16 956.877 262.325
F
 0.10031 0.685711 0.989705 1.01335 1.01463
 0.0915276 0.625679 0.903058 0.924633 0.925797
 0.15814 1.08104 1.56029 1.59757 1.59958
 0.0343872 0.235069 0.339281 0.347387 0.347824
 0.00605737 0.0414079 0.0597651 0.0611929 0.06127
 0.0576282 0.393944 0.568589 0.582173 0.582906
 0.0365911 0.250135 0.361026 0.369651 0.370117
 0.0706896 0.483231 0.69746 0.714122 0.715021
 0.0796846 0.544721 0.786209 0.804992 0.806005
 0.0582274 0.39804 0.574501 0.588226 0.588967
 0.10694 0.731035 1.05512 1.08033 1.08169
 0.094493 0.64595 0.932316 0.954589 0.955791
 0.153072 1.04639 1.51028 1.54637 1.54831
 0.302763 2.06967 2.98721 3.05858 3.06243
 0.340884 2.33027 3.36333 3.44368 3.44802
 0.142597 0.974788 1.40694 1.44055 1.44236
 0.105936 0.724176 1.04522 1.07019 1.07154
 0.0726947 0.496938 0.717243 0.734378 0.735303
 0.0584885 0.399825 0.577078 0.590864 0.591608
 0.0618732 0.422963 0.610473 0.625057 0.625844
 0.028473 0.19464 0.280929 0.287641 0.288003
 0.034361 0.23489 0.339023 0.347122 0.347559
 0.0415008 0.283697 0.409468 0.41925 0.419778
 0.0395473 0.270344 0.390194 0.399516 0.400019
 0.0308961 0.211204 0.304836 0.312119 0.312512
 0.0447264 0.305748 0.441294 0.451836 0.452405
Np
 23118.1 10977.8 4860.79 2248.9 2030.04
YTP_r0W_actual
 7504.42 79448.7 125516 38952.4 12200.5
YTP_p0W_proyectada
 6198.82 54846.9 57826.9 53317.7 18527.5
 6198.82 45304.3 39917.6 24561.7 25357
CTP_r0_actual
 882.873 3712.56 4022.93 957.061 262.376
CTP_p0_proyectada
 729.274 2562.94 1853.43 1310.02 398.441
 729.274 2117.02 1279.41 603.482 545.312
Wmedp
 8.5 21.4 31.2 40.7 46.5
nmprior
 10.6 11 7 0
nm_flota  nm_reclas  nm_pelaces    nm_pelaL
inf 19.3162 18.8186 45.3904
cv_recla  cv_pelaces  cv_mph
0.719823 0.453069 0.453783
 ------------------------------------------------
Talla a la edad & desviaci?n 
 7.2 14.2025 17.0495 18.207 18.6776
 1.08 2.13037 2.55742 2.73105 2.80164
