years
 1997 1998 1999 2000 2001 2002 2003 2004 2005 2006 2007 2008 2009 2010 2011 2012 2013 2014 2015 2016 2017 2018 2019 2020 2021 2022
reclasobs
 0 0 0 370054 412103 1.49427e+06 250295 1.28982e+06 931140 785840 897777 1.04006e+06 184774 17550 25797 100020 73551 82996 120727 218422 84188 347160 605670 569463 516374 1.08416e+06
reclaspred
 465332 122669 328778 226498 356559 446188 975883 664995 746883 755422 636622 438681 266392 109974 66499.4 65578.9 79829.6 107669 117242 161167 243261 229721 393723 528988 681143 630317
pelacesobs
 0 0 0 0 0 0 0 0 0 2.06254e+06 1.5e+06 0 1.87456e+06 323000 250000 174000 83755 137374 0 501740 490994 745055 786931 1.00524e+06 1.33801e+06 1.41789e+06
pelacespred
 1.94091e+06 403605 689701 729752 1.02225e+06 961565 2.63183e+06 2.08509e+06 2.15914e+06 2.18338e+06 1.55686e+06 1.10964e+06 682897 223459 143789 149407 189773 265088 283977 392958 684431 603610 844144 1.30024e+06 1.6068e+06 1.609e+06
mphobs
 0 0 0 0 0 112323 0 153150 637223 0 255016 313432 73983 77613 109348 50772 17779 17303 59886 28197 0 207744 136588 643089 65757 0
mphpred
 152795 86146.2 98679.2 100025 113997 189535 273081 338438 289756 307401 315582 218275 135336 70650.1 30552.7 25183 28873.2 38254.2 47612.1 54730.9 83266.3 102196 126705 181470 273302 281472
desembarqueobs
 350755 77701 442110 56441 14545 235359 269955 359681 431902 328805 639364 411747 362871 311530 167758 66681 60226 58785 57116 73181 50977 67692 138656 160484 209506 203330
desembarquepred
 350764 77701.9 442120 56444.7 14545.3 235444 270022 359697 431970 328829 639404 411846 363003 311698 167621 66681 60254.4 58781.8 57104.3 73180.5 50980 67684.6 138664 160499 209500 203321
Reclutas
 37934.7 45826.5 24476.8 36017.2 63292 45684.9 82283.7 78130.4 101956 117341 64419.3 44767 46221.3 24888.8 14887.1 13963.8 10546.2 11983.9 13310.5 21656 28121.2 35104.1 58073.1 81472.5 35879.8 42792.1
log_desv_Rt
 0.0236214 0.212617 -0.41452 -0.0282482 0.535515 0.209523 0.797929 0.746134 1.0123 1.15284 0.553169 0.189227 0.221196 -0.397826 -0.91175 -0.975776 -1.25648 -1.12868 -1.02369 -0.536961 -0.275722 -0.0539266 0.449458 0.788021 -0.0320696 0.144108
SSB
 450450 253965 290913 294881 336071 558763 805062 997739 854219 906240 930358 643488 398981 208281 90071.4 74241.3 85120.1 112776 140364 161350 245475 301280 373536 534986 805712 829798
BT
 1.5893e+06 386582 695560 526560 670056 784829 1.90836e+06 1.74015e+06 1.80005e+06 1.72091e+06 1.56195e+06 1.0792e+06 792781 432950 231806 151415 171860 218322 228680 313258 483176 441856 634700 965139 1.16556e+06 1.18113e+06
Ftot
 0.96996 0.853434 1.41217 0.291337 0.0520093 0.498392 0.312084 0.612318 0.692416 0.518773 0.980568 0.878037 1.42995 2.81231 3.17103 1.30218 0.937325 0.636989 0.518917 0.539209 0.247448 0.303129 0.367972 0.353794 0.288218 0.282785
BD_Bspro_t
 0.9111 0.645916 0.575456 0.402019 0.561004 0.73184 0.682216 0.700401 0.633476 0.602981 0.579434 0.416885 0.310261 0.211488 0.115934 0.117561 0.177773 0.289109 0.392178 0.485608 0.616096 0.721021 0.728987 0.738866 0.761276 0.711114
BD_Bspro
 0.58865 0.331882 0.380166 0.385352 0.439179 0.730194 1.05206 1.30385 1.1163 1.18428 1.2158 0.840913 0.52139 0.272183 0.117706 0.0970189 0.111235 0.147376 0.183428 0.210853 0.320788 0.393714 0.488138 0.699123 1.05291 1.08438
BD_Bo
 0.452067 0.254877 0.291957 0.29594 0.337278 0.560769 0.807953 1.00132 0.857286 0.909494 0.933698 0.645799 0.400414 0.209029 0.0903948 0.0745079 0.0854257 0.113181 0.140868 0.16193 0.246356 0.302362 0.374877 0.536907 0.808605 0.832777
BD_Brms
 0.82194 0.463412 0.530832 0.538073 0.613232 1.01958 1.469 1.82058 1.5587 1.65362 1.69763 1.17418 0.728025 0.380053 0.164354 0.135469 0.155319 0.205784 0.256123 0.294418 0.44792 0.549749 0.681595 0.976195 1.47019 1.51414
S_f
 0.105663 0.691814 0.977091 0.998768 0.999935
 0.105663 0.691814 0.977091 0.998768 0.999935
 0.105663 0.691814 0.977091 0.998768 0.999935
 0.105663 0.691814 0.977091 0.998768 0.999935
 0.105663 0.691814 0.977091 0.998768 0.999935
 0.105663 0.691814 0.977091 0.998768 0.999935
 0.105663 0.691814 0.977091 0.998768 0.999935
 0.105663 0.691814 0.977091 0.998768 0.999935
 0.105663 0.691814 0.977091 0.998768 0.999935
 0.105663 0.691814 0.977091 0.998768 0.999935
 0.105663 0.691814 0.977091 0.998768 0.999935
 0.105663 0.691814 0.977091 0.998768 0.999935
 0.105663 0.691814 0.977091 0.998768 0.999935
 0.105663 0.691814 0.977091 0.998768 0.999935
 0.105663 0.691814 0.977091 0.998768 0.999935
 0.105663 0.691814 0.977091 0.998768 0.999935
 0.105663 0.691814 0.977091 0.998768 0.999935
 0.105663 0.691814 0.977091 0.998768 0.999935
 0.105663 0.691814 0.977091 0.998768 0.999935
 0.105663 0.691814 0.977091 0.998768 0.999935
 0.105663 0.691814 0.977091 0.998768 0.999935
 0.105663 0.691814 0.977091 0.998768 0.999935
 0.105663 0.691814 0.977091 0.998768 0.999935
 0.105663 0.691814 0.977091 0.998768 0.999935
 0.105663 0.691814 0.977091 0.998768 0.999935
 0.105663 0.691814 0.977091 0.998768 0.999935
Scru_reclas
 0.658997 0.911388 0.982059 0.996579 0.999355
 0.658997 0.911388 0.982059 0.996579 0.999355
 0.658997 0.911388 0.982059 0.996579 0.999355
 0.658997 0.911388 0.982059 0.996579 0.999355
 0.658997 0.911388 0.982059 0.996579 0.999355
 0.658997 0.911388 0.982059 0.996579 0.999355
 0.658997 0.911388 0.982059 0.996579 0.999355
 0.658997 0.911388 0.982059 0.996579 0.999355
 0.658997 0.911388 0.982059 0.996579 0.999355
 0.658997 0.911388 0.982059 0.996579 0.999355
 0.658997 0.911388 0.982059 0.996579 0.999355
 0.658997 0.911388 0.982059 0.996579 0.999355
 0.658997 0.911388 0.982059 0.996579 0.999355
 0.658997 0.911388 0.982059 0.996579 0.999355
 0.658997 0.911388 0.982059 0.996579 0.999355
 0.658997 0.911388 0.982059 0.996579 0.999355
 0.658997 0.911388 0.982059 0.996579 0.999355
 0.658997 0.911388 0.982059 0.996579 0.999355
 0.658997 0.911388 0.982059 0.996579 0.999355
 0.658997 0.911388 0.982059 0.996579 0.999355
 0.658997 0.911388 0.982059 0.996579 0.999355
 0.658997 0.911388 0.982059 0.996579 0.999355
 0.658997 0.911388 0.982059 0.996579 0.999355
 0.658997 0.911388 0.982059 0.996579 0.999355
 0.658997 0.911388 0.982059 0.996579 0.999355
 0.658997 0.911388 0.982059 0.996579 0.999355
Scru_pelaces
 0.87722 1 1 1 1
 0.87722 1 1 1 1
 0.87722 1 1 1 1
 0.87722 1 1 1 1
 0.87722 1 1 1 1
 0.87722 1 1 1 1
 0.87722 1 1 1 1
 0.87722 1 1 1 1
 0.87722 1 1 1 1
 0.87722 1 1 1 1
 0.87722 1 1 1 1
 0.87722 1 1 1 1
 0.87722 1 1 1 1
 0.87722 1 1 1 1
 0.87722 1 1 1 1
 0.87722 1 1 1 1
 0.87722 1 1 1 1
 0.87722 1 1 1 1
 0.87722 1 1 1 1
 0.87722 1 1 1 1
 0.87722 1 1 1 1
 0.87722 1 1 1 1
 0.87722 1 1 1 1
 0.87722 1 1 1 1
 0.87722 1 1 1 1
 0.87722 1 1 1 1
pf_obs 
 0.256992 0.487395 0.22802 0.0275931 0
 0.321318 0.546541 0.124235 0.00734118 0.000564706
 0.182869 0.594174 0.210203 0.0122559 0.00049798
 0.330522 0.361315 0.267642 0.0388342 0.00168674
 0.649043 0.306663 0.0425973 0.00169635 0
 0.582887 0.30429 0.105238 0.00758474 0
 0.465427 0.430635 0.0974691 0.00646863 0
 0.296916 0.608066 0.0921331 0.00288517 0
 0.311714 0.524322 0.152257 0.0117073 0
 0.15457 0.633149 0.183074 0.0267441 0.00246327
 0.131901 0.49318 0.331252 0.0422183 0.00144891
 0.196976 0.569456 0.194076 0.0375587 0.00193317
 0.518974 0.381816 0.0799577 0.0180837 0.00116848
 0.0928022 0.601141 0.25162 0.0475244 0.00691264
 0.122501 0.610282 0.24278 0.0234846 0.000952079
 0.383417 0.481906 0.127806 0.00687128 0
 0.0376549 0.599619 0.316969 0.0457579 0
 0.0361596 0.667082 0.258105 0.0386534 0
 0.158088 0.579412 0.248529 0.0139706 0
 0.0477256 0.309471 0.559284 0.082774 0.000745712
 0.0406174 0.521527 0.379366 0.0568643 0.0016247
 0.151134 0.462217 0.34131 0.0453401 0
 0.294876 0.26143 0.354403 0.0886775 0.000613685
 0.281977 0.475581 0.204845 0.0348837 0.00271318
 0.0841818 0.532909 0.334909 0.0458182 0.00218182
 0.115287 0.27431 0.454777 0.147771 0.00785563
pf_pred 
 0.317128 0.467316 0.192629 0.0229133 1.36087e-05
 0.286018 0.564574 0.116894 0.0291615 0.00335332
 0.159121 0.636818 0.175598 0.0224275 0.00603556
 0.261698 0.462602 0.234211 0.035907 0.00558259
 0.275625 0.487909 0.167776 0.0585675 0.0101224
 0.146231 0.578395 0.204865 0.0503426 0.0201661
 0.248315 0.392938 0.273084 0.0641798 0.021483
 0.193414 0.550635 0.157939 0.0750572 0.0229552
 0.241006 0.474645 0.219083 0.040727 0.0245393
 0.23182 0.534825 0.169044 0.0498973 0.0144135
 0.132182 0.585165 0.219994 0.0457423 0.0169171
 0.140344 0.47835 0.295711 0.0671334 0.0184612
 0.222322 0.457395 0.215572 0.0818134 0.022898
 0.211407 0.608962 0.130388 0.0336029 0.01564
 0.284328 0.601677 0.102182 0.00873276 0.00308069
 0.327054 0.597073 0.0709639 0.00443382 0.000475726
 0.21218 0.634658 0.142909 0.00961392 0.000639115
 0.231643 0.512838 0.222795 0.0306021 0.00212221
 0.219536 0.52788 0.191252 0.0536777 0.00765495
 0.282243 0.466844 0.191007 0.0456652 0.0142408
 0.244645 0.543313 0.15685 0.0422957 0.0128954
 0.21653 0.508785 0.216493 0.0433168 0.0148756
 0.264836 0.459414 0.201496 0.0588321 0.0154214
 0.253353 0.516501 0.163859 0.0487732 0.0175135
 0.0921088 0.608876 0.22982 0.0496297 0.0195659
 0.131941 0.324736 0.406632 0.105661 0.0310299
pobs_RECLAS
 0 0 0 0 0
 0 0 0 0 0
 0 0 0 0 0
 0 0 0 0 0
 0.835266 0.146461 0.0176864 0.000547809 3.91292e-05
 0.385257 0.428462 0.181853 0.0044286 0
 0.867414 0.0963971 0.0333333 0.00285562 0
 0.441836 0.489002 0.0689373 0.000224442 0
 0.779404 0.147425 0.0564933 0.0165055 0.000172143
 0.814271 0.122319 0.05973 0.00367925 0
 0.40263 0.566651 0.0304383 0.000280538 0
 0.475488 0.404961 0.113038 0.00651328 0
 0.955842 0.0263864 0.0167828 0.000988607 0
 0.975058 0.0227948 0.00214734 0 0
 0.738997 0.206755 0.0527124 0.00153531 0
 0.850938 0.134255 0.0134407 0.00136685 0
 0.542534 0.407297 0.0501686 0 0
 0.764087 0.199537 0.0359546 0.000420521 0
 0.470689 0.182191 0.310203 0.0369168 0
 0.84361 0.089868 0.0606195 0.00523954 0.000663233
 0.607945 0.314616 0.071237 0.00620181 0
 0.523733 0.453247 0.0230204 0 0
 0.530135 0.295979 0.169645 0.0042399 0
 0.562478 0.366248 0.0663022 0.0049721 0
 0.250443 0.683176 0.0655157 0.000865301 0
 0.195077 0.31981 0.436473 0.0351445 0.0134964
ppred_RECLAS
 0.716044 0.211916 0.0644462 0.00758927 4.51403e-06
 0.676644 0.270369 0.0415405 0.0102646 0.0011821
 0.511421 0.397236 0.0787326 0.00993331 0.00267679
 0.65117 0.240363 0.0922489 0.0140332 0.00218525
 0.661885 0.24704 0.0647519 0.0224385 0.00388434
 0.47388 0.387468 0.103358 0.0251883 0.0101056
 0.641822 0.211882 0.11156 0.0260142 0.00872158
 0.559258 0.327086 0.0703562 0.0331467 0.0101531
 0.631835 0.254445 0.0877866 0.016174 0.00976019
 0.612562 0.291825 0.0694159 0.0203188 0.0058785
 0.453676 0.403069 0.111736 0.0229995 0.00851843
 0.477334 0.328806 0.150657 0.033874 0.00932895
 0.625652 0.249439 0.0844028 0.031639 0.00886702
 0.636532 0.306125 0.0418721 0.0105545 0.00491641
 0.726768 0.244758 0.0255883 0.00213239 0.000752732
 0.719198 0.257164 0.0221252 0.00136636 0.000146805
 0.585 0.352224 0.0586121 0.00390415 0.000259922
 0.615945 0.279746 0.0910498 0.0123972 0.000861044
 0.597028 0.296438 0.0808255 0.0224957 0.00321309
 0.676217 0.230712 0.070986 0.0168284 0.00525612
 0.624217 0.290038 0.0635469 0.0170047 0.00519277
 0.591463 0.290054 0.0935278 0.0185679 0.00638658
 0.65596 0.236771 0.0785446 0.0227514 0.00597312
 0.638041 0.270838 0.0650163 0.0191995 0.00690507
 0.345581 0.477095 0.136519 0.0292532 0.011551
 0.461858 0.23746 0.225453 0.0581301 0.0170984
pobs_PELACES
 0 0 0 0 0
 0 0 0 0 0
 0 0 0 0 0
 0 0 0 0 0
 0 0 0 0 0
 0 0 0 0 0
 0 0 0 0 0
 0 0 0 0 0
 0 0 0 0 0
 0 0 0 0 0
 0.450072 0.473896 0.0757376 0.000293798 0
 0 0 0 0 0
 0.463077 0.371075 0.160297 0.00555027 0
 0.529543 0.364841 0.0842815 0.0213345 0
 0.631943 0.363953 0.00410389 0 0
 0.735681 0.248677 0.0153453 0.000297389 0
 0.695825 0.281241 0.0229344 0 0
 0.275771 0.60734 0.115278 0.00161068 0
 0 0 0 0 0
 0.896147 0.0623911 0.0374545 0.00400742 0
 0.803859 0.145111 0.0509908 3.86294e-05 0
 0.739449 0.233085 0.0266225 0.000797448 4.60066e-05
 0.878498 0.100942 0.0204185 0.000141795 0
 0.694673 0.275183 0.0284847 0.00165964 0
 0.469039 0.446079 0.0841089 0.000773354 0
 0.822795 0.102175 0.0682046 0.00682512 0
ppred_PELACES
 0.793454 0.160449 0.0413312 0.00476314 2.82415e-06
 0.754208 0.210604 0.0277112 0.00670654 0.000769944
 0.633748 0.308765 0.0497236 0.00611985 0.00164367
 0.712012 0.204766 0.0709588 0.010615 0.0016482
 0.710325 0.216344 0.0523684 0.0178762 0.0030859
 0.554008 0.339069 0.080091 0.0191654 0.00766635
 0.70676 0.181053 0.0859065 0.0196963 0.0065843
 0.642003 0.274929 0.0518074 0.0239472 0.00731308
 0.712948 0.206992 0.0620932 0.0112178 0.00674878
 0.6861 0.243698 0.0512323 0.0147231 0.00424689
 0.559564 0.338987 0.0795192 0.0160168 0.0059135
 0.581632 0.278662 0.109092 0.0240198 0.00659448
 0.740951 0.184658 0.0506831 0.0185316 0.00517631
 0.79334 0.182541 0.0177816 0.00432885 0.00200865
 0.860349 0.129331 0.00930949 0.000747352 0.000262761
 0.802329 0.183821 0.0129837 0.000782812 8.38315e-05
 0.677233 0.28037 0.0396409 0.00258462 0.000171533
 0.695139 0.230067 0.0654473 0.00874146 0.0006053
 0.672389 0.248908 0.0599796 0.0163896 0.00233398
 0.744532 0.188644 0.0511994 0.0119148 0.00371031
 0.68375 0.249633 0.0495895 0.0130533 0.00397468
 0.657404 0.250606 0.0728827 0.0142276 0.00487953
 0.7199 0.199473 0.0593189 0.0168875 0.0044207
 0.701793 0.229309 0.0494122 0.0143426 0.00514327
 0.410492 0.441794 0.11418 0.0240603 0.0094731
 0.538106 0.215906 0.185241 0.0469708 0.0137761
pobs_pel_tallas
 0 0 0 0 0 0 0 0 0 0 0 0 0 0 0 0 0 0 0 0 0 0 0 0 0 0 0 0 0 0 0 0 0 0 0 0
 0 0 0 0 0 0 0 0 0 0 0 0 0 0 0 0 0 0 0 0 0 0 0 0 0 0 0 0 0 0 0 0 0 0 0 0
 0 0 0 0 0 0 0 0 0 0 0 0 0 0 0 0 0 0 0 0 0 0 0 0 0 0 0 0 0 0 0 0 0 0 0 0
 0 0 0 0 0 0 0 0 0 0 0 0 0 0 0 0 0 0 0 0 0 0 0 0 0 0 0 0 0 0 0 0 0 0 0 0
 0 0 0 0 0 0 0 0 0 0 0 0 0 0 0 0 0 0 0 0 0 0 0 0 0 0 0 0 0 0 0 0 0 0 0 0
 0 0 0 0 0 0 0 0 0 0 0 0 0 0 0 0 0 0 0 0 0 0 0 0 0 0 0 0 0 0 0 0 0 0 0 0
 0 0 0 0 0 0 0 0 0 0 0 0 0 0 0 0 0 0 0 0 0 0 0 0 0 0 0 0 0 0 0 0 0 0 0 0
 0 0 0 0 0 0 0 0 0 0 0 0 0 0 0 0 0 0 0 0 0 0 0 0 0 0 0 0 0 0 0 0 0 0 0 0
 0 0 0 0 0 0 0 0 0 0 0 0 0 0 0 0 0 0 0 0 0 0 0 0 0 0 0 0 0 0 0 0 0 0 0 0
 0 0 0 0 0 0 0 0 0 0 0 0 0 0 0 0 0 0 0 0 0 0 0 0 0 0 0 0 0 0 0 0 0 0 0 0
 0 0 0 0 0 0 0 0 1.78061e-05 0.00172719 0.00360574 0.0105946 0.0120993 0.0124554 0.0147524 0.0171206 0.0266825 0.0428682 0.0675386 0.121331 0.153587 0.119568 0.100827 0.0573624 0.0630603 0.0341343 0.0324427 0.0444173 0.0211091 0.0280891 0.0125444 0.00206551 0 0 0 0
 0 0 0 0 0 0 0 0 0 0 0 0 0 0 0 0 0 0 0 0 0 0 0 0 0 0 0 0 0 0 0 0 0 0 0 0
 0 0 0 0 0 0 0.0133647 0.0140871 0.0187388 0.0205184 0.03894 0.0496705 0.03968 0.0493445 0.0407372 0.0367815 0.0215668 0.0243155 0.0234873 0.0199281 0.019796 0.0243948 0.0301388 0.0376714 0.0412746 0.0863199 0.0771752 0.113111 0.0741005 0.0525337 0.0229764 0.00759418 0.00175318 0 0 0
 0 0 0 0 0 0 0 0 0 0 0.00219441 0.00772107 0.0458388 0.0604681 0.0671733 0.0775358 0.0609151 0.0617685 0.073594 0.0568108 0.0755445 0.0548602 0.0670107 0.0636378 0.0643287 0.046367 0.0373049 0.0286899 0.0247887 0.0153202 0.00654259 0.00121912 0.000365735 0 0 0
 0 0 0 0 0 0 0 0 0 0 0 0 0.000112435 0.00938835 0.0111873 0.0202946 0.0414886 0.0713402 0.111592 0.104902 0.108894 0.110636 0.117776 0.105296 0.107544 0.0401394 0.0192827 0.0124803 0.00416011 0.0028671 0.000618394 0 0 0 0 0
 0 0 0 0 0 0 0 0 0 0 0.00291406 0.0102884 0.027416 0.0768956 0.0749926 0.110853 0.0956884 0.0897413 0.0766577 0.0534642 0.0500743 0.0551293 0.0594112 0.0620874 0.0668451 0.0424026 0.0208742 0.0120726 0.0048766 0.00582813 0.00118941 0.000297354 0 0 0 0
 0 0.00264628 0.0354308 0.0461629 0.0458689 0.0383711 0.0214643 0.0164657 0.0346957 0.0420465 0.0363128 0.0245516 0.0311673 0.0291091 0.0169068 0.0133784 0.00837989 0.0085269 0.0148486 0.0160247 0.0276389 0.0546898 0.0760071 0.122758 0.109233 0.0665981 0.0333725 0.0166128 0.00676272 0.00308733 0.000882094 0 0 0 0 0
 0 0 0 0 0 0 0 0.000805153 0.000690131 0.00759144 0.0133425 0.0154129 0.00931677 0.000345066 0.00356568 0.00563607 0.00851162 0.0253048 0.0502646 0.0516448 0.0657925 0.0565908 0.0611916 0.0827007 0.0866115 0.110766 0.145733 0.0935128 0.0569358 0.0249597 0.0138026 0.00621118 0.00161031 0.00115022 0 0
 0 0 0 0 0 0 0 0 0 0 0 0 0 0 0 0 0 0 0 0 0 0 0 0 0 0 0 0 0 0 0 0 0 0 0 0
 0.00147267 0.00158595 0.00478618 0.00569244 0.00954404 0.0108468 0.00647125 0.017049 0.0510054 0.094081 0.124002 0.0959785 0.0687766 0.0820023 0.061753 0.0591476 0.0492212 0.0479892 0.0443925 0.0268479 0.0217502 0.0140895 0.0121071 0.0120363 0.00920419 0.00665534 0.0049561 0.00860946 0.00930331 0.0156896 0.0114698 0.00855282 0.00243557 0.00046729 0 2.83206e-05
 0 0 0 0 0.000772559 0.00158375 0.000888443 0.00281984 0.00712685 0.0440552 0.0773331 0.111326 0.0921469 0.0852325 0.0710754 0.0886704 0.0786465 0.0553345 0.0373146 0.0185414 0.00753245 0.00457741 0.012979 0.0271748 0.0457355 0.0583668 0.034881 0.0177882 0.00938659 0.00492506 0.0015258 0.00185414 0.000309023 5.79419e-05 3.86279e-05 0
 0 0.00173294 0.00326652 0 0.00397197 0.00683976 0.00946217 0.0152591 0.00757587 0.0136028 0.0228656 0.0392903 0.0559909 0.0764795 0.0681675 0.0726916 0.0566044 0.0477403 0.0527397 0.0444891 0.0609904 0.0582453 0.0661739 0.0445044 0.0529084 0.0360697 0.0280645 0.0235558 0.0158879 0.00826598 0.00280645 0.00217768 0.000904811 0.00058276 9.20147e-05 0
 0 0 0 0 0 0 0 0 0 0 0 0 0 0 0 0 0 0 0 0 0 0 0 0 0 0 0 0 0 0 0 0 0 0 0 0
 0 0 0 0 0 0 0 0 0 0 0 0 0 0 0 0 0 0 0 0 0 0 0 0 0 0 0 0 0 0 0 0 0 0 0 0
 0 0 0 0 0 0 0 0 0 0 0 0 0 0 0 0 0 0 0 0 0 0 0 0 0 0 0 0 0 0 0 0 0 0 0 0
 0 0 0 0 0 0 0 0 0 0 0 0 0 0 0 0 0 0 0 0 0 0 0 0 0 0 0 0 0 0 0 0 0 0 0 0
ppred_pel_tallas
 1.00803e-16 3.46175e-05 0.000203182 0.000965844 0.00371857 0.011596 0.0292906 0.0599323 0.0993437 0.133414 0.145175 0.128041 0.0916253 0.0534116 0.0258063 0.0111704 0.00571416 0.00497807 0.00622777 0.00826019 0.0105816 0.0128944 0.0149273 0.0164309 0.0172207 0.0172179 0.0164648 0.015108 0.0133577 0.0114363 0.00953421 0.00778385 0.00625442 0.0049634 0.00389556 0.00302135
 1.00729e-16 3.29082e-05 0.000193142 0.000918104 0.00353474 0.0110228 0.0278426 0.05697 0.0944351 0.126827 0.138021 0.121763 0.0872027 0.050974 0.0248908 0.0112216 0.00638671 0.00616169 0.00794429 0.0105626 0.0134902 0.0163626 0.0188289 0.0205664 0.0213435 0.0210727 0.0198303 0.0178317 0.0153747 0.0127689 0.0102738 0.00806315 0.00621842 0.00474516 0.00360116 0.00272423
 1.01094e-16 2.76596e-05 0.000162319 0.000771548 0.00297043 0.00926294 0.0233976 0.047876 0.0793646 0.106599 0.11604 0.102447 0.0735351 0.0433193 0.0217774 0.0108755 0.00766484 0.00863731 0.0116104 0.0155469 0.0198858 0.0241427 0.0278119 0.0304201 0.0316244 0.0312917 0.0295277 0.0266422 0.0230665 0.0192505 0.0155737 0.0122926 0.00953087 0.00730274 0.00555324 0.00419764
 1.01516e-16 3.10681e-05 0.000182339 0.000866748 0.00333701 0.0104061 0.0262851 0.0537832 0.0891528 0.119734 0.130304 0.114962 0.0823469 0.0481657 0.023577 0.0107299 0.00625453 0.00617331 0.00804044 0.0107588 0.0138369 0.0169308 0.0197018 0.0218301 0.0230739 0.0233204 0.022607 0.0211014 0.0190518 0.0167247 0.0143511 0.0120947 0.0100471 0.00824093 0.00667272 0.00532351
 1.01573e-16 3.0995e-05 0.000181909 0.0008647 0.00332912 0.0103815 0.026223 0.0536561 0.0889426 0.119452 0.13 0.1147 0.0821716 0.0480885 0.0235859 0.0108118 0.00640722 0.00640511 0.0083624 0.0111763 0.0143428 0.017501 0.0202947 0.0223907 0.0235419 0.0236419 0.0227452 0.0210446 0.0188164 0.0163513 0.0138959 0.0116189 0.00960558 0.00787467 0.00640461 0.0051586
 1.02265e-16 2.41839e-05 0.000141911 0.000674517 0.00259682 0.00809786 0.0204548 0.0418549 0.0693856 0.0932025 0.101474 0.08963 0.0644272 0.0381392 0.0195176 0.0103158 0.00799181 0.00950747 0.012965 0.0174393 0.0223867 0.0272985 0.031626 0.0348484 0.0365798 0.0366558 0.0351663 0.0324193 0.0288538 0.0249321 0.0210462 0.017464 0.0143209 0.0116448 0.00939831 0.00751833
 1.02263e-16 3.08382e-05 0.000180992 0.000860345 0.00331236 0.0103293 0.026091 0.0533857 0.0884935 0.118846 0.129334 0.114095 0.0817022 0.047741 0.0232812 0.0104487 0.00589252 0.00566291 0.007338 0.00984508 0.0127239 0.0156692 0.0183837 0.0205829 0.0220442 0.0226518 0.0224153 0.0214542 0.0199576 0.0181331 0.0161632 0.0141813 0.0122683 0.0104646 0.00878772 0.00724767
 1.0199e-16 2.80182e-05 0.000164427 0.000781578 0.00300906 0.00938341 0.0237019 0.0484983 0.0803951 0.10798 0.117534 0.103746 0.0744234 0.0437536 0.0218316 0.0106343 0.00716048 0.00784908 0.0104936 0.014065 0.018036 0.0219739 0.0254318 0.0279897 0.0293396 0.0293548 0.0281151 0.0258765 0.0229998 0.0198611 0.0167762 0.0139563 0.0115024 0.00942732 0.00769116 0.00623522
 1.0165e-16 3.1109e-05 0.000182579 0.000867889 0.0033414 0.0104198 0.0263197 0.0538539 0.0892702 0.119891 0.130476 0.115114 0.0824574 0.0482331 0.0236149 0.010755 0.00627897 0.00620353 0.00807835 0.0108028 0.0138821 0.0169687 0.0197215 0.0218196 0.0230224 0.0232216 0.0224612 0.0209168 0.0188443 0.0165156 0.0141635 0.0119498 0.00996035 0.00821993 0.00671646 0.00542341
 1.01512e-16 2.99398e-05 0.000175711 0.00083523 0.00321564 0.0100277 0.0253291 0.0518275 0.0859124 0.115386 0.125583 0.110822 0.079436 0.0465733 0.0230024 0.0108129 0.00677511 0.00706667 0.00932725 0.0124759 0.0159929 0.0194812 0.0225408 0.0247974 0.0259757 0.0259616 0.0248244 0.0227912 0.0201831 0.0173367 0.0145368 0.0119764 0.00975105 0.00787716 0.0063229 0.00503743
 1.02066e-16 2.44262e-05 0.000143333 0.000681278 0.00262286 0.00817904 0.0206598 0.0422745 0.0700811 0.0941363 0.10249 0.090525 0.0650656 0.0385074 0.0196877 0.0103761 0.00800265 0.00949707 0.0129415 0.0174018 0.0223309 0.0272181 0.0315143 0.0346978 0.0363831 0.0364069 0.0348611 0.0320564 0.0284358 0.0244656 0.0205418 0.0169357 0.0137848 0.0111179 0.00889667 0.00705576
 1.02773e-16 2.5386e-05 0.000148974 0.000708107 0.00272617 0.00850125 0.0214736 0.0439391 0.0728386 0.097834 0.106499 0.094027 0.0674973 0.0397752 0.0200216 0.0100468 0.00715341 0.0081354 0.0110077 0.0148402 0.0191418 0.0234898 0.0274339 0.0305398 0.0324738 0.0330731 0.0323739 0.0305859 0.0280266 0.0250393 0.0219219 0.0188875 0.0160578 0.0134822 0.011168 0.0091058
 1.01659e-16 3.23291e-05 0.000189745 0.000901957 0.00347258 0.0108289 0.027353 0.055968 0.0927736 0.124594 0.135586 0.119605 0.0856348 0.0500128 0.0243391 0.010836 0.00598218 0.0056276 0.00722384 0.00963833 0.0123838 0.0151402 0.0176023 0.0194852 0.0205758 0.0207788 0.0201342 0.0187985 0.0169982 0.0149729 0.0129261 0.0109973 0.00925852 0.00772797 0.00639264 0.00522851
 1.00555e-16 3.46134e-05 0.000203156 0.000965715 0.00371807 0.0115945 0.0292867 0.0599244 0.0993312 0.133399 0.145163 0.128041 0.0916491 0.0534728 0.0259235 0.0113694 0.00602693 0.00543927 0.00686697 0.00909173 0.0115939 0.0140419 0.0161287 0.0175753 0.0181834 0.0178812 0.0167398 0.0149519 0.0127814 0.0105009 0.00833797 0.00644351 0.00488576 0.0036652 0.00273963 0.0020491
 1.00213e-16 3.75331e-05 0.000220302 0.00104724 0.00403198 0.0125734 0.0317593 0.0649833 0.107715 0.144651 0.157391 0.138787 0.099255 0.0577365 0.0276653 0.0115785 0.0053424 0.00410209 0.00488468 0.0063963 0.00813499 0.00983336 0.0112673 0.0122385 0.0126075 0.0123258 0.0114476 0.0101143 0.0085179 0.00685659 0.00529574 0.00394474 0.00285258 0.00201829 0.00140888 0.000977621
 1.00276e-16 3.50054e-05 0.000205457 0.000976656 0.00376019 0.0117258 0.0296185 0.0606033 0.100456 0.13491 0.146807 0.12949 0.0926841 0.0540722 0.0262055 0.0114779 0.00606143 0.00544699 0.00686214 0.00907291 0.0115522 0.0139638 0.0159972 0.0173715 0.0178888 0.0174804 0.0162239 0.0143204 0.0120436 0.00967586 0.00745264 0.00552987 0.00397741 0.00279388 0.00193216 0.00132542
 1.00751e-16 2.95546e-05 0.000173447 0.000824456 0.00317415 0.00989824 0.0250023 0.051159 0.0848055 0.113902 0.123977 0.109426 0.0784814 0.0461057 0.0229421 0.0110684 0.00731015 0.0079018 0.0105079 0.0140381 0.0179356 0.0217482 0.0250137 0.0273022 0.0283046 0.0279038 0.0262018 0.0234868 0.0201583 0.0166319 0.0132579 0.0102724 0.00778789 0.00581471 0.00429792 0.003154
 1.01333e-16 3.03334e-05 0.000178024 0.000846225 0.00325798 0.0101597 0.0256626 0.0525097 0.0870428 0.116903 0.12723 0.112267 0.0804522 0.0471303 0.0232057 0.0107892 0.00660231 0.00676937 0.00890072 0.0119103 0.0152882 0.0186557 0.0216331 0.0238631 0.0250791 0.025164 0.0241726 0.0223083 0.0198653 0.0171566 0.0144505 0.011935 0.00971013 0.00780445 0.00620161 0.00486577
 1.01605e-16 2.93421e-05 0.000172202 0.000818546 0.0031514 0.00982732 0.0248231 0.0507922 0.0841966 0.113082 0.123079 0.108618 0.0778704 0.0456835 0.0226155 0.0107197 0.00683638 0.00722446 0.00957284 0.0128201 0.0164495 0.0200597 0.0232426 0.0256147 0.0268919 0.0269525 0.0258615 0.023844 0.0212215 0.0183331 0.0154669 0.0128207 0.010495 0.00851237 0.00684701 0.00545414
 1.01372e-16 3.24855e-05 0.000190662 0.000906317 0.00348937 0.0108813 0.0274852 0.0562385 0.0932222 0.125196 0.136243 0.120185 0.0860536 0.0502638 0.024473 0.0109152 0.00605283 0.00571558 0.00734154 0.0097898 0.0125661 0.0153428 0.0178068 0.0196659 0.0207028 0.0208219 0.0200674 0.0186043 0.0166706 0.0145184 0.0123624 0.0103513 0.00856209 0.00701481 0.00569449 0.00457244
 1.0142e-16 2.98375e-05 0.000175111 0.000832373 0.00320464 0.00999334 0.0252425 0.0516502 0.0856187 0.114992 0.125156 0.110449 0.0791763 0.0464369 0.0229645 0.0108443 0.00685985 0.00720345 0.00952211 0.0127349 0.0163165 0.0198614 0.0229597 0.0252281 0.0263858 0.0263179 0.0250988 0.0229647 0.0202489 0.0173002 0.0144132 0.0117874 0.00952073 0.00762872 0.00607594 0.00480671
 1.01834e-16 2.86889e-05 0.000168367 0.000800311 0.00308119 0.00960837 0.0242701 0.0496606 0.082321 0.110564 0.12034 0.106206 0.0761524 0.0446982 0.02217 0.0105801 0.00684422 0.00730946 0.00971935 0.0130365 0.016752 0.020466 0.0237685 0.0262715 0.0276845 0.0278778 0.026907 0.0249878 0.0224335 0.0195767 0.0167023 0.0140085 0.0116002 0.0095071 0.0077132 0.00618397
 1.01694e-16 3.14119e-05 0.000184358 0.000876346 0.00337396 0.0105214 0.0265762 0.0543787 0.0901398 0.121058 0.131744 0.116227 0.0832427 0.0486684 0.0237832 0.010756 0.00617534 0.00601617 0.00780424 0.0104323 0.0134097 0.0163991 0.0190716 0.0211182 0.0223073 0.0225335 0.0218381 0.0203881 0.0184274 0.016215 0.0139723 0.0118528 0.00993788 0.00825102 0.00678154 0.00550587
 1.0151e-16 3.06235e-05 0.000179727 0.000854322 0.00328916 0.0102569 0.0259082 0.0530122 0.0878756 0.118021 0.128446 0.113337 0.0812138 0.0475653 0.0233989 0.0108429 0.0065848 0.00670893 0.00880053 0.0117622 0.0150805 0.0183765 0.0212732 0.0234182 0.0245522 0.0245667 0.0235258 0.0216411 0.0192128 0.0165556 0.0139355 0.011533 0.00943751 0.00766462 0.00618541 0.00495357
 1.03035e-16 1.79302e-05 0.000105186 0.000499903 0.00192448 0.00600116 0.0151588 0.0310198 0.0514294 0.0691005 0.0752801 0.0666047 0.0481191 0.0289735 0.0157274 0.00976908 0.0093037 0.012145 0.0168982 0.0228082 0.0293066 0.0357643 0.0414727 0.0457521 0.048096 0.0482846 0.0464277 0.0429184 0.0383214 0.0332333 0.0281621 0.0234576 0.0192999 0.0157323 0.012714 0.0101711
 1.04958e-16 2.34857e-05 0.000137822 0.000655105 0.00252212 0.00786494 0.0198663 0.04065 0.0673852 0.0905066 0.098516 0.086962 0.0623901 0.036695 0.0183436 0.00900302 0.00617528 0.00690207 0.00937144 0.0127684 0.0167042 0.020866 0.0249136 0.028499 0.0313257 0.0332005 0.0340589 0.0339538 0.0330189 0.0314214 0.0293227 0.0268585 0.024139 0.02126 0.0183154 0.0154037
pSPR Fmed_Fpbrs
0.501003   0.6 0.325
Fs Fmed_Fpbrs
0.68   0.44636 1.52188
SSBpbr Bo_Bmed_Bpbrs
996422  449389  548032 274016
Ro
37049.1
SPR SPRFo_SPRFmed_SPRFpbrs
765226 383380 248698
log_Ro
10.34
likeval ReclasPelacesDesembMPH_pf_preclas_ppelaces_ptallas_desvR_qrecl_qpela
 64.0513 16.2518 0.00839773 0.000484353 323.535 206.291 82.9303 0 16.0296 6.46936e-06 5.84514e-05 6.36158e-15 0 0 0
q_reclas_q_pelaces
0.697381 2.96745
M
0.7
N
 37934.7 10787 3496.1 409.994 0.243321
 45826.5 17002.8 2738.22 672.946 77.3214
 24476.8 20794.4 4678.42 590.624 158.848
 36017.2 10470 3887.33 584.579 90.7934
 63292 17343.4 4250.17 1452.17 250.696
 45684.9 31257.6 8308.11 2006 802.808
 82283.7 21522.6 10995.3 2535.16 847.737
 78130.4 39535.5 8612.39 4025.04 1229.91
 101956 36367.6 12853.1 2351.16 1415.44
 117341 47058 11185.9 3244.74 936.419
 64419.3 55161.7 16321.5 3346.01 1236.54
 44767 28841.2 13900.1 3109.25 854.351
 46221.3 20261 7801.89 2927 818.713
 24888.8 19734.1 3741.3 958.074 445.773
 14887.1 9182.14 1400.39 119.022 41.9756
 13963.8 5287.96 508.391 31.3785 3.36457
 10546.2 6042.85 1066.7 70.7322 4.69855
 11983.9 4743.25 1568.97 211.975 14.6872
 13310.5 5563.65 1515.95 418.125 59.5734
 21656 6257.12 1929.5 453.398 141.263
 28121.2 10158.5 2139.75 565.754 172.311
 35104.1 13604.2 4250.86 834.358 286.237
 58073.1 16882.7 5477.6 1569.78 411.073
 81472.5 27738.5 6499.47 1898.62 681.078
 35879.8 38973.5 10784 2284.24 899.608
 42792.1 17283 15855.1 4040.82 1185.46
pred_Ctot
 2673.3 3939.35 1623.81 193.153 0.114718
 2856.71 5638.89 1167.52 291.262 33.4926
 2461.13 9849.71 2715.99 346.888 93.3524
 786.618 1390.5 703.998 107.93 16.7803
 249.533 441.72 151.893 53.0231 9.1641
 1690.57 6686.81 2368.44 582.008 233.14
 1923.2 3043.31 2115.04 497.073 166.386
 3533.45 10059.5 2885.36 1371.21 419.365
 5194.92 10231 4722.37 877.876 528.948
 4515.51 10417.6 3292.74 971.927 280.754
 4587.12 20307.1 7634.47 1587.4 587.074
 2867.87 9774.89 6042.73 1371.84 377.247
 4702.25 9674.21 4559.49 1730.41 484.309
 4680.66 13482.8 2886.87 743.986 346.278
 3107.35 6575.58 1116.72 95.4382 33.6681
 1301.19 2375.46 282.331 17.64 1.89268
 719.271 2151.43 484.449 32.5903 2.16654
 563.166 1246.8 541.656 74.3994 5.15947
 512.351 1231.96 446.341 125.273 17.8651
 865.377 1431.38 585.642 140.013 43.6632
 522.711 1160.85 335.127 90.3693 27.5524
 797.269 1873.36 797.135 159.494 54.7722
 1596.26 2769.04 1214.48 354.6 92.9498
 2154.57 4392.43 1393.49 414.777 148.938
 775.339 5125.3 1934.54 417.765 164.699
 907.508 2233.57 2796.86 726.749 213.427
F
 0.102489 0.671032 0.947739 0.968765 0.969897
 0.0901766 0.590417 0.833882 0.852382 0.853378
 0.149215 0.976962 1.37982 1.41043 1.41208
 0.0307837 0.201551 0.284663 0.290978 0.291318
 0.00549548 0.0359808 0.0508179 0.0519452 0.052006
 0.0526617 0.344794 0.486974 0.497777 0.498359
 0.0329758 0.215904 0.304935 0.311699 0.312064
 0.0646996 0.42361 0.598291 0.611564 0.612278
 0.073163 0.479023 0.676554 0.691563 0.692371
 0.0548153 0.358895 0.506889 0.518134 0.51874
 0.10361 0.67837 0.958104 0.979359 0.980504
 0.0927763 0.607438 0.857922 0.876955 0.87798
 0.151094 0.989263 1.3972 1.42819 1.42986
 0.297158 1.94559 2.74788 2.80884 2.81213
 0.335062 2.19376 3.09839 3.16712 3.17083
 0.137593 0.900868 1.27235 1.30058 1.3021
 0.0990408 0.648454 0.915852 0.936169 0.937264
 0.0673064 0.440678 0.622396 0.636204 0.636948
 0.0548305 0.358994 0.507029 0.518278 0.518884
 0.0569746 0.373033 0.526856 0.538545 0.539174
 0.0261462 0.171188 0.24178 0.247143 0.247432
 0.0320296 0.209709 0.296184 0.302755 0.303109
 0.0388811 0.254568 0.359542 0.367518 0.367948
 0.0373831 0.24476 0.345689 0.353358 0.353771
 0.030454 0.199393 0.281615 0.287863 0.288199
 0.02988 0.195635 0.276307 0.282437 0.282767
Np
 24813.2 11754.2 7520.82 2265.85 2502.62
YTP_r0W_actual
 8167.58 56732.7 98729.3 30087.4 9604.22
YTP_p0W_proyectada
 6759.52 86638.8 57756.6 63555.1 24575
 6759.52 49377.1 61548.6 24111.2 29581
CTP_r0_actual
 907.508 2233.57 2796.86 726.749 213.427
CTP_p0_proyectada
 824.332 4011.06 1839.38 1584.91 552.247
 824.332 2285.98 1960.15 601.277 664.741
Wmedp
 8.2 21.6 31.4 40.1 44.5
nmprior
 10.6 11 7 0
nm_flota  nm_reclas  nm_pelaces    nm_pelaL
inf 18.0912 17.4391 54.7186
cv_recla  cv_pelaces  cv_mph
0.708005 0.441612 0.598983
 ------------------------------------------------
Talla a la edad & desviaci?n 
 7.2 14.2025 17.0495 18.207 18.6776
 1.08 2.13037 2.55742 2.73105 2.80164
