years
 1997 1998 1999 2000 2001 2002 2003 2004 2005 2006 2007 2008 2009 2010 2011 2012 2013 2014 2015 2016 2017 2018 2019 2020 2021 2022
reclasobs
 0 0 0 370054 412103 1.49427e+06 250295 1.28982e+06 931140 785840 897777 1.04006e+06 184774 17550 25797 100020 73551 82996 120727 218422 84188 347160 605670 569463 516374 1.08416e+06
reclaspred
 1.30198e+06 240901 486161 178069 274395 355004 728382 624427 679343 865660 905369 668166 373384 147581 83900.8 77604.6 82741 109844 128789 138164 212206 222488 360203 474895 669060 434153
pelacesobs
 0 0 0 0 0 0 0 0 0 2.06254e+06 1.5e+06 0 1.87456e+06 323000 250000 174000 83755 137374 0 501740 490994 745055 786931 1.00524e+06 1.33801e+06 1.41789e+06
pelacespred
 3.2749e+06 992593 624691 533430 846797 676993 2.17599e+06 1.85549e+06 1.89142e+06 2.56397e+06 2.15569e+06 1.64271e+06 940924 300089 172069 167698 184673 263460 299262 305998 596800 580886 719161 1.12211e+06 1.48621e+06 926415
mphobs
 0 0 0 0 0 112323 0 153150 637223 0 255016 313432 73983 77613 109348 50772 17779 17303 59886 28197 0 207744 136588 643089 65757 0
mphpred
 358567 152167 144402 71837.4 64848 145051 172148 289002 259495 296722 390069 276282 171920 95796 46085.1 32512 30288.4 36649.8 46830.4 46170 62488.4 82796.7 97836.2 140092 220664 162775
desembarqueobs
 350755 77701 442110 56441 14545 235359 269955 359681 431902 328805 639364 411747 362871 311530 167758 66681 60226 58785 57116 73181 50977 67692 138656 160484 209506 203330
desembarquepred
 350731 77666.4 441616 56425.8 14544.2 235275 269947 359230 431534 328580 638404 411193 362280 311030 167264 66621.8 60205.3 58717.4 57045.7 73113.5 50966.5 67637.5 138575 160409 209357 203161
Reclutas
 20449.7 44260.3 6037.17 10344.4 38546.1 17734.9 64067.9 58780.9 72701.3 115480 67715.8 47718.3 52342 29374.2 12652.6 9958.6 7539.66 9125.66 8203.85 10722.2 16744.5 19385.4 32757 48387.8 13001.5 7540.33
log_desv_Rt
 -0.114279 0.657843 -1.33431 -0.7958 0.51961 -0.256712 1.0277 0.941572 1.15412 1.61685 1.08307 0.733071 0.825554 0.247872 -0.594383 -0.833808 -1.11207 -0.921155 -1.02764 -0.75993 -0.314173 -0.167724 0.356872 0.747003 -0.567177 -1.11198
SSB
 560863 238016 225870 112367 101434 226885 269271 452051 405896 464125 610138 432155 268913 149842 72085.4 50854.6 47376.5 57326.8 73251.1 72218.2 97743 129509 153033 219129 345158 254609
BT
 1.23564e+06 370975 394581 193524 293382 349574 1.09565e+06 1.00331e+06 1.09304e+06 1.21792e+06 1.23523e+06 869228 692216 399455 203893 111444 112504 137972 130978 154910 237144 209835 304192 475093 506076 369610
Ftot
 0.712883 0.975944 2.05752 0.856413 0.195225 1.63923 1.3139 1.76194 1.97103 1.28266 1.89271 1.63644 2.70273 4.95303 4.95303 2.41773 2.13146 1.63005 1.2252 1.51241 0.75287 0.851748 1.08206 1.03098 0.803158 1.12235
BD_Bspro_t
 0.926636 0.627 0.512383 0.211038 0.294016 0.53034 0.427667 0.510915 0.438818 0.428481 0.459402 0.313304 0.222139 0.15174 0.0890417 0.0780528 0.100508 0.163297 0.244135 0.288521 0.385377 0.518866 0.517292 0.531899 0.569548 0.418786
BD_Bspro
 1.18448 0.502665 0.477013 0.237306 0.214217 0.479157 0.568671 0.954684 0.85721 0.980183 1.28855 0.912665 0.567915 0.31645 0.152237 0.107399 0.100054 0.121068 0.154699 0.152517 0.206423 0.273509 0.32319 0.462778 0.728938 0.537707
BD_Bo
 1.13133 0.48011 0.455609 0.226658 0.204605 0.457657 0.543154 0.911846 0.818746 0.936202 1.23073 0.871713 0.542432 0.302251 0.145406 0.10258 0.0955645 0.115636 0.147757 0.145673 0.19716 0.261236 0.308688 0.442012 0.69623 0.51358
BD_Brms
 2.05697 0.872927 0.82838 0.412106 0.37201 0.832103 0.987554 1.6579 1.48863 1.70218 2.23769 1.58493 0.986241 0.549547 0.264374 0.18651 0.173754 0.210247 0.268649 0.264861 0.358473 0.474975 0.561251 0.803659 1.26587 0.933781
S_f
 0.0779256 0.622089 0.969755 0.998401 0.999918
 0.0779256 0.622089 0.969755 0.998401 0.999918
 0.0779256 0.622089 0.969755 0.998401 0.999918
 0.0779256 0.622089 0.969755 0.998401 0.999918
 0.0779256 0.622089 0.969755 0.998401 0.999918
 0.0779256 0.622089 0.969755 0.998401 0.999918
 0.0779256 0.622089 0.969755 0.998401 0.999918
 0.0779256 0.622089 0.969755 0.998401 0.999918
 0.0779256 0.622089 0.969755 0.998401 0.999918
 0.0779256 0.622089 0.969755 0.998401 0.999918
 0.0779256 0.622089 0.969755 0.998401 0.999918
 0.0779256 0.622089 0.969755 0.998401 0.999918
 0.0779256 0.622089 0.969755 0.998401 0.999918
 0.0779256 0.622089 0.969755 0.998401 0.999918
 0.0779256 0.622089 0.969755 0.998401 0.999918
 0.0779256 0.622089 0.969755 0.998401 0.999918
 0.0779256 0.622089 0.969755 0.998401 0.999918
 0.0779256 0.622089 0.969755 0.998401 0.999918
 0.0779256 0.622089 0.969755 0.998401 0.999918
 0.0779256 0.622089 0.969755 0.998401 0.999918
 0.0779256 0.622089 0.969755 0.998401 0.999918
 0.0779256 0.622089 0.969755 0.998401 0.999918
 0.0779256 0.622089 0.969755 0.998401 0.999918
 0.0779256 0.622089 0.969755 0.998401 0.999918
 0.0779256 0.622089 0.969755 0.998401 0.999918
 0.0779256 0.622089 0.969755 0.998401 0.999918
Scru_reclas
 0.208951 0.570694 0.869962 0.971156 0.994133
 0.208951 0.570694 0.869962 0.971156 0.994133
 0.208951 0.570694 0.869962 0.971156 0.994133
 0.208951 0.570694 0.869962 0.971156 0.994133
 0.208951 0.570694 0.869962 0.971156 0.994133
 0.208951 0.570694 0.869962 0.971156 0.994133
 0.208951 0.570694 0.869962 0.971156 0.994133
 0.208951 0.570694 0.869962 0.971156 0.994133
 0.208951 0.570694 0.869962 0.971156 0.994133
 0.208951 0.570694 0.869962 0.971156 0.994133
 0.208951 0.570694 0.869962 0.971156 0.994133
 0.208951 0.570694 0.869962 0.971156 0.994133
 0.208951 0.570694 0.869962 0.971156 0.994133
 0.208951 0.570694 0.869962 0.971156 0.994133
 0.208951 0.570694 0.869962 0.971156 0.994133
 0.208951 0.570694 0.869962 0.971156 0.994133
 0.208951 0.570694 0.869962 0.971156 0.994133
 0.208951 0.570694 0.869962 0.971156 0.994133
 0.208951 0.570694 0.869962 0.971156 0.994133
 0.208951 0.570694 0.869962 0.971156 0.994133
 0.208951 0.570694 0.869962 0.971156 0.994133
 0.208951 0.570694 0.869962 0.971156 0.994133
 0.208951 0.570694 0.869962 0.971156 0.994133
 0.208951 0.570694 0.869962 0.971156 0.994133
 0.208951 0.570694 0.869962 0.971156 0.994133
 0.208951 0.570694 0.869962 0.971156 0.994133
Scru_pelaces
 0.30385 0.687167 0.917045 0.982343 0.996441
 0.30385 0.687167 0.917045 0.982343 0.996441
 0.30385 0.687167 0.917045 0.982343 0.996441
 0.30385 0.687167 0.917045 0.982343 0.996441
 0.30385 0.687167 0.917045 0.982343 0.996441
 0.30385 0.687167 0.917045 0.982343 0.996441
 0.30385 0.687167 0.917045 0.982343 0.996441
 0.30385 0.687167 0.917045 0.982343 0.996441
 0.30385 0.687167 0.917045 0.982343 0.996441
 0.30385 0.687167 0.917045 0.982343 0.996441
 0.30385 0.687167 0.917045 0.982343 0.996441
 0.30385 0.687167 0.917045 0.982343 0.996441
 0.30385 0.687167 0.917045 0.982343 0.996441
 0.30385 0.687167 0.917045 0.982343 0.996441
 0.30385 0.687167 0.917045 0.982343 0.996441
 0.30385 0.687167 0.917045 0.982343 0.996441
 0.30385 0.687167 0.917045 0.982343 0.996441
 0.30385 0.687167 0.917045 0.982343 0.996441
 0.30385 0.687167 0.917045 0.982343 0.996441
 0.30385 0.687167 0.917045 0.982343 0.996441
 0.30385 0.687167 0.917045 0.982343 0.996441
 0.30385 0.687167 0.917045 0.982343 0.996441
 0.30385 0.687167 0.917045 0.982343 0.996441
 0.30385 0.687167 0.917045 0.982343 0.996441
 0.30385 0.687167 0.917045 0.982343 0.996441
 0.30385 0.687167 0.917045 0.982343 0.996441
pf_obs 
 0.256992 0.487395 0.22802 0.0275931 0
 0.321318 0.546541 0.124235 0.00734118 0.000564706
 0.182869 0.594174 0.210203 0.0122559 0.00049798
 0.330522 0.361315 0.267642 0.0388342 0.00168674
 0.649043 0.306663 0.0425973 0.00169635 0
 0.582887 0.30429 0.105238 0.00758474 0
 0.465427 0.430635 0.0974691 0.00646863 0
 0.296916 0.608066 0.0921331 0.00288517 0
 0.311714 0.524322 0.152257 0.0117073 0
 0.15457 0.633149 0.183074 0.0267441 0.00246327
 0.131901 0.49318 0.331252 0.0422183 0.00144891
 0.196976 0.569456 0.194076 0.0375587 0.00193317
 0.518974 0.381816 0.0799577 0.0180837 0.00116848
 0.0928022 0.601141 0.25162 0.0475244 0.00691264
 0.122501 0.610282 0.24278 0.0234846 0.000952079
 0.383417 0.481906 0.127806 0.00687128 0
 0.0376549 0.599619 0.316969 0.0457579 0
 0.0361596 0.667082 0.258105 0.0386534 0
 0.158088 0.579412 0.248529 0.0139706 0
 0.0477256 0.309471 0.559284 0.082774 0.000745712
 0.0406174 0.521527 0.379366 0.0568643 0.0016247
 0.151134 0.462217 0.34131 0.0453401 0
 0.294876 0.26143 0.354403 0.0886775 0.000613685
 0.281977 0.475581 0.204845 0.0348837 0.00271318
 0.0841818 0.532909 0.334909 0.0458182 0.00218182
 0.115287 0.27431 0.454777 0.147771 0.00785563
pf_pred 
 0.11023 0.597275 0.258906 0.0335811 7.94951e-06
 0.269813 0.375058 0.278657 0.0680011 0.0084706
 0.0442252 0.77323 0.122246 0.0477818 0.0125174
 0.187516 0.304144 0.465117 0.0296094 0.0136137
 0.420744 0.399745 0.0937619 0.0787448 0.00700445
 0.124245 0.739988 0.10633 0.0156079 0.0138282
 0.460299 0.332634 0.191515 0.01234 0.00321209
 0.254113 0.679521 0.051008 0.0142607 0.0010975
 0.303884 0.559892 0.130779 0.00424556 0.00119989
 0.345655 0.557094 0.0884359 0.00848556 0.000329944
 0.171348 0.701278 0.117399 0.00911319 0.000861877
 0.175599 0.598555 0.209965 0.0147109 0.00116978
 0.286851 0.529873 0.156996 0.024533 0.00174637
 0.270697 0.656295 0.0655972 0.00642443 0.000986403
 0.263623 0.698789 0.0369221 0.000606699 5.9178e-05
 0.310541 0.647685 0.0414075 0.000361761 5.63653e-06
 0.239177 0.664424 0.0942056 0.00217536 1.78406e-05
 0.29405 0.573508 0.12532 0.00697046 0.000151064
 0.21825 0.645743 0.123245 0.012113 0.000648308
 0.270831 0.537104 0.173939 0.0165024 0.00162328
 0.296673 0.563339 0.120103 0.0181038 0.00178148
 0.224758 0.597877 0.155859 0.0185587 0.00294764
 0.293135 0.504944 0.173946 0.0247116 0.00326402
 0.290189 0.567665 0.117946 0.0209848 0.00321585
 0.064559 0.7317 0.180279 0.0196219 0.00384055
 0.0687416 0.343434 0.509974 0.0692197 0.00863092
pobs_RECLAS
 0 0 0 0 0
 0 0 0 0 0
 0 0 0 0 0
 0 0 0 0 0
 0.835266 0.146461 0.0176864 0.000547809 3.91292e-05
 0.385257 0.428462 0.181853 0.0044286 0
 0.867414 0.0963971 0.0333333 0.00285562 0
 0.441836 0.489002 0.0689373 0.000224442 0
 0.779404 0.147425 0.0564933 0.0165055 0.000172143
 0.814271 0.122319 0.05973 0.00367925 0
 0.40263 0.566651 0.0304383 0.000280538 0
 0.475488 0.404961 0.113038 0.00651328 0
 0.955842 0.0263864 0.0167828 0.000988607 0
 0.975058 0.0227948 0.00214734 0 0
 0.738997 0.206755 0.0527124 0.00153531 0
 0.850938 0.134255 0.0134407 0.00136685 0
 0.542534 0.407297 0.0501686 0 0
 0.764087 0.199537 0.0359546 0.000420521 0
 0.470689 0.182191 0.310203 0.0369168 0
 0.84361 0.089868 0.0606195 0.00523954 0.000663233
 0.607945 0.314616 0.071237 0.00620181 0
 0.523733 0.453247 0.0230204 0 0
 0.530135 0.295979 0.169645 0.0042399 0
 0.562478 0.366248 0.0663022 0.0049721 0
 0.250443 0.683176 0.0655157 0.000865301 0
 0.195077 0.31981 0.436473 0.0351445 0.0134964
ppred_RECLAS
 0.274263 0.493291 0.203838 0.0286009 6.9194e-06
 0.535902 0.243592 0.169989 0.0448131 0.00570444
 0.135848 0.715209 0.0972962 0.0407444 0.0109028
 0.419294 0.22396 0.323975 0.022295 0.0104756
 0.680384 0.219674 0.0501458 0.0456455 0.00414989
 0.315522 0.58645 0.0753656 0.0118955 0.0107674
 0.733146 0.169434 0.0895467 0.00621952 0.0016542
 0.52663 0.43511 0.0288984 0.00867884 0.000682344
 0.59611 0.333303 0.0675571 0.00235157 0.000678891
 0.624953 0.322825 0.04715 0.00487779 0.000193798
 0.40811 0.510373 0.0746953 0.00622144 0.000601062
 0.41236 0.438745 0.13768 0.0103728 0.000842682
 0.599539 0.312795 0.0743919 0.0123743 0.000899441
 0.648389 0.329865 0.0194637 0.00197392 0.000309016
 0.635366 0.353404 0.0110234 0.000187567 1.86542e-05
 0.610044 0.370155 0.0196144 0.000182954 2.91119e-06
 0.517073 0.429603 0.0520268 0.00128625 1.07747e-05
 0.576196 0.350964 0.0686429 0.00410575 9.09069e-05
 0.467575 0.445155 0.0784935 0.008321 0.000455071
 0.546877 0.341822 0.100057 0.0102178 0.0010269
 0.561987 0.353462 0.0716873 0.0116874 0.00117535
 0.470652 0.412406 0.101722 0.013094 0.00212532
 0.564753 0.316007 0.101561 0.0155767 0.00210243
 0.558962 0.356336 0.0693015 0.0133156 0.00208523
 0.174144 0.65194 0.152393 0.0179354 0.00358752
 0.191407 0.309822 0.428069 0.0627115 0.00799033
pobs_PELACES
 0 0 0 0 0
 0 0 0 0 0
 0 0 0 0 0
 0 0 0 0 0
 0 0 0 0 0
 0 0 0 0 0
 0 0 0 0 0
 0 0 0 0 0
 0 0 0 0 0
 0 0 0 0 0
 0.450072 0.473896 0.0757376 0.000293798 0
 0 0 0 0 0
 0.463077 0.371075 0.160297 0.00555027 0
 0.529543 0.364841 0.0842815 0.0213345 0
 0.631943 0.363953 0.00410389 0 0
 0.735681 0.248677 0.0153453 0.000297389 0
 0.695825 0.281241 0.0229344 0 0
 0.275771 0.60734 0.115278 0.00161068 0
 0 0 0 0 0
 0.896147 0.0623911 0.0374545 0.00400742 0
 0.803859 0.145111 0.0509908 3.86294e-05 0
 0.739449 0.233085 0.0266225 0.000797448 4.60066e-05
 0.878498 0.100942 0.0204185 0.000141795 0
 0.694673 0.275183 0.0284847 0.00165964 0
 0.469039 0.446079 0.0841089 0.000773354 0
 0.822795 0.102175 0.0682046 0.00682512 0
ppred_PELACES
 0.356435 0.467051 0.155688 0.0208213 4.98971e-06
 0.650575 0.205498 0.112246 0.0281339 0.00354699
 0.225359 0.678951 0.0638577 0.0251665 0.00666619
 0.538695 0.204292 0.234504 0.0153608 0.0071488
 0.737181 0.190292 0.0371859 0.0324208 0.00292047
 0.437888 0.502076 0.0468021 0.00697961 0.00625507
 0.822173 0.124265 0.0494495 0.00325507 0.000857312
 0.653813 0.325973 0.0154844 0.00438868 0.000341606
 0.728385 0.236702 0.0335008 0.00109833 0.000313893
 0.724089 0.245995 0.0271494 0.00266268 0.000104761
 0.549546 0.405089 0.0417715 0.00327938 0.000313647
 0.550143 0.361272 0.0822591 0.00585568 0.000471
 0.76146 0.202467 0.030916 0.00481023 0.000345991
 0.848394 0.146848 0.00429728 0.00039907 6.17528e-05
 0.838772 0.15873 0.00245551 3.8259e-05 3.76104e-06
 0.747935 0.243432 0.00855723 7.48616e-05 1.17895e-06
 0.662675 0.310908 0.0258119 0.000600139 4.97624e-06
 0.697882 0.262661 0.0373026 0.00210828 4.6218e-05
 0.579212 0.366431 0.0491471 0.0049419 0.000267648
 0.671831 0.265012 0.0570931 0.00551529 0.00054884
 0.648644 0.295089 0.0480585 0.00746514 0.00074363
 0.56756 0.353392 0.0692052 0.0084797 0.00136327
 0.670257 0.255704 0.063545 0.00925703 0.00123742
 0.658329 0.288776 0.0436823 0.0079758 0.00123702
 0.235206 0.631182 0.117794 0.0132025 0.00261577
 0.290418 0.318196 0.33838 0.0470667 0.0059391
pobs_pel_tallas
 0 0 0 0 0 0 0 0 0 0 0 0 0 0 0 0 0 0 0 0 0 0 0 0 0 0 0 0 0 0 0 0 0 0 0 0
 0 0 0 0 0 0 0 0 0 0 0 0 0 0 0 0 0 0 0 0 0 0 0 0 0 0 0 0 0 0 0 0 0 0 0 0
 0 0 0 0 0 0 0 0 0 0 0 0 0 0 0 0 0 0 0 0 0 0 0 0 0 0 0 0 0 0 0 0 0 0 0 0
 0 0 0 0 0 0 0 0 0 0 0 0 0 0 0 0 0 0 0 0 0 0 0 0 0 0 0 0 0 0 0 0 0 0 0 0
 0 0 0 0 0 0 0 0 0 0 0 0 0 0 0 0 0 0 0 0 0 0 0 0 0 0 0 0 0 0 0 0 0 0 0 0
 0 0 0 0 0 0 0 0 0 0 0 0 0 0 0 0 0 0 0 0 0 0 0 0 0 0 0 0 0 0 0 0 0 0 0 0
 0 0 0 0 0 0 0 0 0 0 0 0 0 0 0 0 0 0 0 0 0 0 0 0 0 0 0 0 0 0 0 0 0 0 0 0
 0 0 0 0 0 0 0 0 0 0 0 0 0 0 0 0 0 0 0 0 0 0 0 0 0 0 0 0 0 0 0 0 0 0 0 0
 0 0 0 0 0 0 0 0 0 0 0 0 0 0 0 0 0 0 0 0 0 0 0 0 0 0 0 0 0 0 0 0 0 0 0 0
 0 0 0 0 0 0 0 0 0 0 0 0 0 0 0 0 0 0 0 0 0 0 0 0 0 0 0 0 0 0 0 0 0 0 0 0
 0 0 0 0 0 0 0 0 1.78061e-05 0.00172719 0.00360574 0.0105946 0.0120993 0.0124554 0.0147524 0.0171206 0.0266825 0.0428682 0.0675386 0.121331 0.153587 0.119568 0.100827 0.0573624 0.0630603 0.0341343 0.0324427 0.0444173 0.0211091 0.0280891 0.0125444 0.00206551 0 0 0 0
 0 0 0 0 0 0 0 0 0 0 0 0 0 0 0 0 0 0 0 0 0 0 0 0 0 0 0 0 0 0 0 0 0 0 0 0
 0 0 0 0 0 0 0.0133647 0.0140871 0.0187388 0.0205184 0.03894 0.0496705 0.03968 0.0493445 0.0407372 0.0367815 0.0215668 0.0243155 0.0234873 0.0199281 0.019796 0.0243948 0.0301388 0.0376714 0.0412746 0.0863199 0.0771752 0.113111 0.0741005 0.0525337 0.0229764 0.00759418 0.00175318 0 0 0
 0 0 0 0 0 0 0 0 0 0 0.00219441 0.00772107 0.0458388 0.0604681 0.0671733 0.0775358 0.0609151 0.0617685 0.073594 0.0568108 0.0755445 0.0548602 0.0670107 0.0636378 0.0643287 0.046367 0.0373049 0.0286899 0.0247887 0.0153202 0.00654259 0.00121912 0.000365735 0 0 0
 0 0 0 0 0 0 0 0 0 0 0 0 0.000112435 0.00938835 0.0111873 0.0202946 0.0414886 0.0713402 0.111592 0.104902 0.108894 0.110636 0.117776 0.105296 0.107544 0.0401394 0.0192827 0.0124803 0.00416011 0.0028671 0.000618394 0 0 0 0 0
 0 0 0 0 0 0 0 0 0 0 0.00291406 0.0102884 0.027416 0.0768956 0.0749926 0.110853 0.0956884 0.0897413 0.0766577 0.0534642 0.0500743 0.0551293 0.0594112 0.0620874 0.0668451 0.0424026 0.0208742 0.0120726 0.0048766 0.00582813 0.00118941 0.000297354 0 0 0 0
 0 0.00264628 0.0354308 0.0461629 0.0458689 0.0383711 0.0214643 0.0164657 0.0346957 0.0420465 0.0363128 0.0245516 0.0311673 0.0291091 0.0169068 0.0133784 0.00837989 0.0085269 0.0148486 0.0160247 0.0276389 0.0546898 0.0760071 0.122758 0.109233 0.0665981 0.0333725 0.0166128 0.00676272 0.00308733 0.000882094 0 0 0 0 0
 0 0 0 0 0 0 0 0.000805153 0.000690131 0.00759144 0.0133425 0.0154129 0.00931677 0.000345066 0.00356568 0.00563607 0.00851162 0.0253048 0.0502646 0.0516448 0.0657925 0.0565908 0.0611916 0.0827007 0.0866115 0.110766 0.145733 0.0935128 0.0569358 0.0249597 0.0138026 0.00621118 0.00161031 0.00115022 0 0
 0 0 0 0 0 0 0 0 0 0 0 0 0 0 0 0 0 0 0 0 0 0 0 0 0 0 0 0 0 0 0 0 0 0 0 0
 0.00147267 0.00158595 0.00478618 0.00569244 0.00954404 0.0108468 0.00647125 0.017049 0.0510054 0.094081 0.124002 0.0959785 0.0687766 0.0820023 0.061753 0.0591476 0.0492212 0.0479892 0.0443925 0.0268479 0.0217502 0.0140895 0.0121071 0.0120363 0.00920419 0.00665534 0.0049561 0.00860946 0.00930331 0.0156896 0.0114698 0.00855282 0.00243557 0.00046729 0 2.83206e-05
 0 0 0 0 0.000772559 0.00158375 0.000888443 0.00281984 0.00712685 0.0440552 0.0773331 0.111326 0.0921469 0.0852325 0.0710754 0.0886704 0.0786465 0.0553345 0.0373146 0.0185414 0.00753245 0.00457741 0.012979 0.0271748 0.0457355 0.0583668 0.034881 0.0177882 0.00938659 0.00492506 0.0015258 0.00185414 0.000309023 5.79419e-05 3.86279e-05 0
 0 0.00173294 0.00326652 0 0.00397197 0.00683976 0.00946217 0.0152591 0.00757587 0.0136028 0.0228656 0.0392903 0.0559909 0.0764795 0.0681675 0.0726916 0.0566044 0.0477403 0.0527397 0.0444891 0.0609904 0.0582453 0.0661739 0.0445044 0.0529084 0.0360697 0.0280645 0.0235558 0.0158879 0.00826598 0.00280645 0.00217768 0.000904811 0.00058276 9.20147e-05 0
 0 0 0 0 0 0 0 0 0 0 0 0 0 0 0 0 0 0 0 0 0 0 0 0 0 0 0 0 0 0 0 0 0 0 0 0
 0 0 0 0 0 0 0 0 0 0 0 0 0 0 0 0 0 0 0 0 0 0 0 0 0 0 0 0 0 0 0 0 0 0 0 0
 0 0 0 0 0 0 0 0 0 0 0 0 0 0 0 0 0 0 0 0 0 0 0 0 0 0 0 0 0 0 0 0 0 0 0 0
 0 0 0 0 0 0 0 0 0 0 0 0 0 0 0 0 0 0 0 0 0 0 0 0 0 0 0 0 0 0 0 0 0 0 0 0
ppred_pel_tallas
 1.03078e-16 1.55742e-05 9.13515e-05 0.000434126 0.00167121 0.00521134 0.0131639 0.0269382 0.0446649 0.0600198 0.0654086 0.0579213 0.0419557 0.0254828 0.0142329 0.00945304 0.00962719 0.01289 0.0180407 0.0243983 0.0314015 0.0383955 0.0446308 0.0493815 0.0520982 0.0525287 0.0507653 0.0471992 0.0424068 0.0370056 0.0315305 0.0263605 0.0217061 0.0176398 0.0141484 0.0111806
 1.02793e-16 2.83893e-05 0.000166612 0.000791978 0.00304912 0.00950838 0.0240175 0.0491434 0.0814626 0.109408 0.119073 0.105068 0.0752911 0.044103 0.0217098 0.0100894 0.00617872 0.00636001 0.00841203 0.0113395 0.0146909 0.0181386 0.0213486 0.0239962 0.0258228 0.0266873 0.0265874 0.025644 0.0240574 0.0220511 0.0198251 0.0175293 0.0152605 0.0130748 0.0110059 0.00908035
 1.02304e-16 9.86696e-06 5.78264e-05 0.000274702 0.00105732 0.00329689 0.00832839 0.017046 0.0282744 0.0380287 0.0415329 0.0369921 0.027259 0.0174798 0.0114183 0.0100268 0.0125035 0.0177713 0.02506 0.0337617 0.0431538 0.0522897 0.0600812 0.0654995 0.0678084 0.0667406 0.0625597 0.0559793 0.0479765 0.0395606 0.0315724 0.0245676 0.0187959 0.014257 0.0107936 0.00818484
 1.04258e-16 2.35111e-05 0.000137972 0.000655818 0.00252487 0.00787351 0.0198879 0.0406942 0.0674582 0.090604 0.09862 0.0870493 0.0624427 0.0367063 0.0183136 0.00893139 0.00605787 0.00673294 0.00914803 0.0124973 0.0164057 0.0205759 0.0246805 0.0283768 0.0313618 0.0334222 0.0344622 0.0344983 0.0336306 0.0320042 0.0297758 0.0270953 0.0241029 0.0209332 0.0177202 0.0145949
 1.01841e-16 3.21649e-05 0.00018878 0.000897372 0.00345492 0.0107739 0.0272139 0.0556835 0.0923021 0.123961 0.134899 0.119002 0.0852101 0.0497789 0.0242512 0.0108406 0.00604541 0.00573745 0.0073801 0.00984271 0.0126338 0.0154264 0.0179079 0.0197883 0.0208532 0.0210114 0.0203116 0.0189218 0.0170802 0.0150351 0.0129937 0.0110933 0.009399 0.00791904 0.0066302 0.00550014
 1.01361e-16 1.9127e-05 0.000112207 0.000533272 0.00205294 0.00640174 0.0161707 0.0330907 0.0548634 0.0737163 0.0803134 0.0710691 0.0513686 0.0309774 0.0168983 0.0106164 0.0102172 0.0133605 0.0185375 0.0249064 0.03181 0.0385177 0.0442176 0.0481472 0.0497625 0.0488681 0.0456632 0.0406821 0.0346552 0.0283377 0.0223595 0.0171384 0.0128629 0.00953361 0.00703148 0.00518763
 1.00895e-16 3.58684e-05 0.000210529 0.00100078 0.00385309 0.0120155 0.0303502 0.0621 0.102936 0.138234 0.15041 0.132635 0.0948624 0.0551967 0.0264784 0.0111366 0.00522741 0.00411961 0.00498178 0.00658762 0.00846662 0.0103694 0.0120826 0.0134097 0.0142013 0.0143858 0.013982 0.0130878 0.0118508 0.010431 0.00896855 0.00756489 0.00627913 0.00513567 0.00413715 0.00327626
 1.00493e-16 2.85352e-05 0.000167458 0.000795975 0.00306447 0.00955621 0.0241384 0.0493918 0.0818775 0.109975 0.119715 0.105693 0.0758685 0.0447 0.0224819 0.0112417 0.00793484 0.00893727 0.0119887 0.0160064 0.0203956 0.0246403 0.0282048 0.0305948 0.0314624 0.03069 0.0284197 0.0250132 0.02096 0.0167635 0.0128417 0.00946934 0.00676636 0.00472496 0.00325587 0.00223525
 1.00606e-16 3.17833e-05 0.000186535 0.000886689 0.00341378 0.0106455 0.0268898 0.0550207 0.0912049 0.122492 0.133311 0.117627 0.0842819 0.0493502 0.0242537 0.011198 0.0067404 0.00681092 0.00889653 0.011851 0.0151346 0.0183491 0.0211009 0.0230268 0.0238656 0.0235186 0.0220723 0.0197707 0.0169514 0.0139663 0.0111116 0.00858736 0.00648887 0.00482499 0.00354913 0.00259032
 1.00563e-16 3.15963e-05 0.000185437 0.000881465 0.00339366 0.0105828 0.0267314 0.0546965 0.0906678 0.121771 0.132529 0.116943 0.0838041 0.0490951 0.024174 0.0112376 0.00686709 0.00701856 0.0091924 0.0122431 0.015623 0.0189206 0.0217277 0.0236679 0.0244729 0.0240446 0.0224783 0.0200335 0.017067 0.0139485 0.0109881 0.00839287 0.00625897 0.00459055 0.00333306 0.00240658
 1.00853e-16 2.39919e-05 0.000140778 0.000669118 0.00257601 0.00803295 0.0202909 0.0415201 0.0688324 0.092465 0.100686 0.0889691 0.0640286 0.0380564 0.0197555 0.0108899 0.00895956 0.0109601 0.0149961 0.0201054 0.0256704 0.03108 0.0356742 0.0388355 0.0401231 0.0393776 0.0367585 0.0326966 0.0277825 0.0226279 0.0177452 0.0134765 0.00997918 0.00725847 0.00522184 0.00373453
 1.01509e-16 2.40163e-05 0.000140924 0.000669823 0.00257874 0.00804147 0.0203124 0.0415637 0.0689036 0.0925572 0.100777 0.0890276 0.0640231 0.0379581 0.0195314 0.0104943 0.00833142 0.0100309 0.0137053 0.0184219 0.0236139 0.028738 0.0332061 0.036461 0.0380922 0.0379298 0.036079 0.0328823 0.0288254 0.0244203 0.0201035 0.0161762 0.0127926 0.00998562 0.00771087 0.00588995
 1.00687e-16 3.32242e-05 0.000194998 0.000926927 0.00356871 0.0111287 0.0281102 0.0575175 0.0953423 0.128044 0.139343 0.122924 0.0880221 0.0514284 0.025067 0.0112238 0.00628084 0.00597043 0.00766576 0.0101885 0.0130169 0.0157971 0.0181906 0.0198863 0.0206599 0.0204251 0.0192523 0.017346 0.0149903 0.0124815 0.0100688 0.00792071 0.00611775 0.00466841 0.00353544 0.00266202
 1.00126e-16 3.70126e-05 0.000217244 0.0010327 0.00397599 0.0123988 0.0313183 0.064081 0.10622 0.142645 0.155213 0.136877 0.0979118 0.0570013 0.0273994 0.0116156 0.00558098 0.00451259 0.00547729 0.00718925 0.00913393 0.0110201 0.0125953 0.0136358 0.0139854 0.0135932 0.012526 0.0109499 0.00908912 0.00717346 0.00539372 0.00387482 0.00267066 0.00177625 0.00114885 0.000729509
 1.00089e-16 3.65935e-05 0.000214783 0.001021 0.00393092 0.0122582 0.0309633 0.0633547 0.105016 0.14103 0.153459 0.135338 0.0968269 0.0564026 0.0271731 0.0116251 0.00574133 0.00479628 0.00588948 0.00774306 0.009835 0.0118582 0.0135413 0.0146426 0.0149945 0.0145432 0.0133628 0.0116352 0.0096048 0.00752192 0.00559404 0.00395659 0.00266729 0.00171944 0.00106493 0.000637884
 1.00204e-16 3.2636e-05 0.000191541 0.000910485 0.00350539 0.0109312 0.0276115 0.0564973 0.0936525 0.125779 0.136887 0.120781 0.0865383 0.0506638 0.0248842 0.0114619 0.006858 0.00688846 0.00896671 0.0119091 0.0151548 0.0182901 0.0209092 0.0226424 0.0232308 0.0225891 0.0208271 0.0182195 0.0151369 0.01196 0.00900501 0.00647947 0.0044735 0.00297987 0.00192881 0.0012236
 1.00489e-16 2.8921e-05 0.000169724 0.000806753 0.00310598 0.00968565 0.0244654 0.0500606 0.0829856 0.111461 0.121329 0.107108 0.0768612 0.0452396 0.0226695 0.0111985 0.00773387 0.00859824 0.0115027 0.0153601 0.0195878 0.0236901 0.0271551 0.0295091 0.0304159 0.0297574 0.0276619 0.0244666 0.0206317 0.0166328 0.0128673 0.0095995 0.00694911 0.00491642 0.00342487 0.00236448
 1.0069e-16 3.04543e-05 0.00017873 0.000849579 0.00327088 0.0101999 0.0257643 0.0527179 0.0873888 0.11737 0.127745 0.112737 0.0808229 0.0474153 0.0234712 0.01112 0.00707911 0.00745992 0.00985538 0.0131526 0.0168018 0.0203726 0.0234308 0.0255734 0.0265106 0.0261328 0.0245355 0.0219888 0.018867 0.0155599 0.0123958 0.00959618 0.00726668 0.00541721 0.0039964 0.00292596
 1.01e-16 2.5284e-05 0.000148367 0.000705204 0.00271497 0.00846628 0.0213854 0.0437592 0.0725428 0.0974439 0.106094 0.0937136 0.06737 0.0398958 0.0204418 0.0108418 0.00843598 0.0100424 0.0136654 0.0183199 0.0234135 0.0283873 0.0326432 0.0356211 0.0369176 0.0363814 0.0341471 0.0305931 0.0262423 0.0216386 0.0172397 0.013353 0.0101241 0.00756447 0.00560048 0.00412128
 1.01113e-16 2.93185e-05 0.000172062 0.000817875 0.00314881 0.00981924 0.0248028 0.0507506 0.0841281 0.112992 0.122984 0.108543 0.0778349 0.0456999 0.0226924 0.0108702 0.00708137 0.00759055 0.0100857 0.0134958 0.0172859 0.0210289 0.0242887 0.0266563 0.0278318 0.0276922 0.0263169 0.0239591 0.020977 0.0177471 0.0145901 0.0117258 0.00926576 0.00723166 0.00558854 0.00427656
 1.0107e-16 2.83086e-05 0.00016613 0.00078967 0.00304021 0.00948055 0.0239473 0.0490004 0.081228 0.1091 0.118757 0.104834 0.0752226 0.044261 0.0221538 0.0109041 0.00748449 0.00829826 0.0111114 0.0148709 0.0190219 0.0230975 0.0266134 0.0291171 0.0302808 0.0299765 0.0283046 0.0255599 0.0221536 0.0185146 0.0150047 0.0118687 0.00922461 0.00708665 0.00540307 0.004094
 1.01453e-16 2.47754e-05 0.000145382 0.000691017 0.00266035 0.00829595 0.0209552 0.0428788 0.0710831 0.095483 0.103958 0.0918257 0.0660095 0.0390838 0.0200148 0.0105992 0.00823217 0.00979835 0.013348 0.0179242 0.0229579 0.0279133 0.0322153 0.0353206 0.0368321 0.0365899 0.0347047 0.0315195 0.0275165 0.0232015 0.0190031 0.0152139 0.0119792 0.00932308 0.00719334 0.00550461
 1.01362e-16 2.92495e-05 0.000171658 0.000815955 0.00314143 0.0097962 0.0247445 0.0506314 0.0839303 0.112725 0.122692 0.108281 0.077638 0.0455657 0.0225916 0.0107657 0.0069414 0.00739118 0.0098108 0.0131382 0.0168501 0.0205348 0.0237719 0.0261661 0.0274248 0.0274234 0.0262301 0.0240793 0.0213058 0.0182637 0.015255 0.0124887 0.0100728 0.00803296 0.0063432 0.00495534
 1.01047e-16 2.87307e-05 0.000168609 0.000801454 0.00308558 0.00962204 0.0243047 0.0497317 0.0824398 0.110727 0.120525 0.106389 0.076324 0.0448811 0.0224123 0.0109455 0.00740288 0.00813019 0.0108592 0.014525 0.0185736 0.0225452 0.0259658 0.0283931 0.0295075 0.0291857 0.0275282 0.024826 0.0214835 0.0179217 0.0144954 0.011443 0.0088787 0.00681372 0.00519474 0.00394104
 1.02454e-16 1.02946e-05 6.03408e-05 0.000286665 0.00110339 0.00344058 0.00869128 0.0177881 0.0295033 0.0396751 0.043314 0.0385381 0.0283114 0.0179848 0.011461 0.00970449 0.011852 0.0167656 0.0236514 0.0319191 0.0408955 0.0497044 0.0573327 0.0628131 0.0654389 0.0649281 0.0614841 0.0557254 0.0485198 0.0407759 0.0332632 0.0265055 0.0207609 0.0160693 0.012332 0.00939034
 1.06802e-16 1.26899e-05 7.44311e-05 0.000353713 0.00136165 0.00424601 0.0107254 0.0219478 0.0363895 0.0488964 0.0532785 0.0471608 0.034121 0.0206462 0.0113985 0.00739069 0.00739518 0.0099187 0.0140371 0.0192818 0.0253098 0.0317154 0.0380013 0.0436413 0.0481728 0.0512765 0.0528168 0.0528323 0.0514883 0.0490147 0.045652 0.0416236 0.0371322 0.0323693 0.0275259 0.0227918
pSPR Fmed_Fpbrs
0.522483   0.6 0.325
Fs Fmed_Fpbrs
0.68   0.484079 1.73799
SSBpbr Bo_Bmed_Bpbrs
495754  234235  272665 136332
Ro
22925.4
SPR SPRFo_SPRFmed_SPRFpbrs
473509 247400 153890
log_Ro
9.86
likeval ReclasPelacesDesembMPH_pf_preclas_ppelaces_ptallas_desvR_qrecl_qpela
 76.6053 13.3693 0.147375 0.000453469 338.376 205.197 88.6213 0 25.9381 5.37832e-05 0.000309716 5.36669e-14 0 0 0
q_reclas_q_pelaces
2.827 12.2285
M
0.7
N
 20449.7 16349.3 5016.53 637.007 0.15063
 44260.3 9606.25 5210.67 1247.84 155.287
 6037.17 20369.5 2599.42 1004.29 262.937
 10344.4 2553.85 2812.51 175.52 80.6171
 38546.1 4805.25 744.41 608.697 54.069
 17734.9 18852.4 2113.32 305.904 270.828
 64067.9 7750.79 3376.69 214.084 55.6792
 58780.9 28718.9 1699.66 468.946 36.0653
 72701.3 25444.9 4765.82 152.861 43.1751
 115480 30962.2 3707.51 349.956 13.5958
 67715.8 51891 6922.93 530.729 50.1613
 47718.3 29015.5 7938.38 548.467 43.5813
 52342 20859.2 5206.04 806.353 57.3737
 29374.2 21056 1927.95 188.028 28.8635
 12652.6 9915.99 479.966 7.8537 0.765893
 9958.6 4271.2 226.032 1.95519 0.0304478
 7539.66 4096.1 471.353 10.7626 0.0882149
 9125.66 3171.11 540.141 29.6248 0.641565
 8203.85 3991.1 571.234 55.2063 2.95216
 10722.2 3702.95 924.858 86.4578 8.49806
 16744.5 4732.53 717.683 105.95 10.4146
 19385.4 7841.3 1471.24 171.731 27.2475
 32757 9008.31 2292.27 319.857 42.209
 48387.8 14951.3 2281.91 398.602 61.0264
 13001.5 22173.7 3909.61 416.952 81.5228
 7540.33 6064.68 6681.03 890.984 110.994
pred_Ctot
 797.259 4319.92 1872.59 242.882 0.0574964
 2341.24 3254.48 2417.98 590.064 73.5016
 649.158 11349.8 1794.39 701.363 183.736
 482.126 781.988 1195.87 76.1292 35.0024
 418.896 397.988 93.3499 78.3989 6.97367
 1540.76 9176.54 1318.6 193.552 171.482
 4510.62 3259.58 1876.72 120.924 31.4762
 5466.43 14617.7 1097.27 306.774 23.6092
 7510.45 13837.6 3232.18 104.928 29.655
 7945.26 12805.4 2032.8 195.05 7.58413
 6735.11 27564.9 4614.58 358.209 33.8775
 4138.97 14108.3 4949.01 346.746 27.5724
 7235.99 13366.4 3960.31 618.86 44.0532
 6915.71 16766.9 1675.87 164.13 25.2005
 2978.86 7896.11 417.209 6.85551 0.668694
 1243.26 2593.02 165.776 1.44832 0.022566
 837.779 2327.32 329.979 7.61976 0.0624912
 788.619 1538.11 336.1 18.6943 0.405142
 540.206 1598.32 305.053 29.9818 1.60467
 863.129 1711.73 554.338 52.5926 5.17334
 688.488 1307.34 278.721 42.0133 4.13426
 898.725 2390.69 623.222 74.2095 11.7865
 1914.24 3297.41 1135.91 161.373 21.3149
 2698.86 5279.48 1096.94 195.165 29.9085
 569.318 6452.55 1589.8 173.038 33.8682
 456.421 2280.29 3386.06 459.595 57.3064
F
 0.0555518 0.443477 0.691322 0.711743 0.712824
 0.076051 0.607124 0.946427 0.974384 0.975864
 0.160333 1.27996 1.99529 2.05423 2.05735
 0.0667365 0.532766 0.830512 0.855044 0.856343
 0.015213 0.121447 0.18932 0.194913 0.195209
 0.127738 1.01975 1.58965 1.63661 1.63909
 0.102387 0.817365 1.27416 1.3118 1.31379
 0.1373 1.09609 1.70865 1.75913 1.7618
 0.153594 1.22616 1.91142 1.96788 1.97087
 0.0999517 0.797927 1.24386 1.28061 1.28255
 0.147491 1.17744 1.83547 1.88969 1.89256
 0.12752 1.01801 1.58694 1.63382 1.6363
 0.210612 1.68134 2.62098 2.69841 2.7025
 0.385968 3.08123 4.80323 4.94511 4.95263
 0.385968 3.08123 4.80323 4.94511 4.95263
 0.188403 1.50404 2.3446 2.41386 2.41753
 0.166095 1.32596 2.067 2.12806 2.13129
 0.127023 1.01404 1.58075 1.62745 1.62992
 0.0954742 0.762182 1.18814 1.22324 1.2251
 0.117856 0.940856 1.46667 1.51 1.51229
 0.0586678 0.468352 0.730099 0.751666 0.752808
 0.066373 0.529863 0.825987 0.850387 0.851678
 0.0843201 0.673137 1.04933 1.08033 1.08197
 0.0803394 0.641359 0.999795 1.02933 1.03089
 0.0625865 0.499636 0.778867 0.801874 0.803092
 0.0874595 0.698199 1.0884 1.12055 1.12225
Np
 14385.5 6879.19 1260.7 465.262 446.894
YTP_r0W_actual
 4107.79 57919.3 119528 19027.2 2578.79
YTP_p0W_proyectada
 3147.35 14099.9 13020.2 12694.4 2115.93
 3147.35 28271.7 10956 5286.4 5641.74
CTP_r0_actual
 456.421 2280.29 3386.06 459.595 57.3064
CTP_p0_proyectada
 383.823 652.774 414.655 316.57 47.5491
 383.823 1308.88 348.916 131.83 126.781
Wmedp
 8.2 21.6 31.4 40.1 44.5
nmprior
 10.6 11 7 0
nm_flota  nm_reclas  nm_pelaces    nm_pelaL
inf 28.7495 12.9229 35.9672
cv_recla  cv_pelaces  cv_mph
0.774287 0.400539 0.579571
 ------------------------------------------------
Talla a la edad & desviaci?n 
 7.2 14.2025 17.0495 18.207 18.6776
 1.08 2.13037 2.55742 2.73105 2.80164
