years
 1997 1998 1999 2000 2001 2002 2003 2004 2005 2006 2007 2008 2009 2010 2011 2012 2013 2014 2015 2016 2017 2018 2019 2020 2021 2022
reclasobs
 0 0 0 370054 412103 1.49427e+06 250295 1.28982e+06 931140 785840 897777 1.04006e+06 184774 17550 25797 100020 73551 82996 120727 218422 84188 347160 605670 569463 516374 1.08416e+06
reclaspred
 457061 130151 418791 297388 413720 494135 1.06493e+06 689911 736429 652625 510003 340070 206991 91881.1 62309.9 64564.2 83197.5 115465 124598 177525 255826 233577 408098 562240 696316 661102
pelacesobs
 0 0 0 0 0 0 0 0 0 2.06254e+06 1.5e+06 0 1.87456e+06 323000 250000 174000 83755 137374 0 501740 490994 745055 786931 1.00524e+06 1.33801e+06 1.41789e+06
pelacespred
 1.88269e+06 455916 903074 977279 1.16621e+06 1.14366e+06 2.80833e+06 2.27723e+06 2.13972e+06 1.91128e+06 1.31978e+06 905746 546542 195793 134503 150587 203991 289040 317758 445594 718252 633518 907269 1.40522e+06 1.72049e+06 1.80137e+06
mphobs
 0 0 0 0 0 112323 0 153150 637223 0 255016 313432 73983 77613 109348 50772 17779 17303 59886 28197 0 207744 136588 643089 65757 0
mphpred
 137222 88674.6 112938 143350 144086 215176 320753 372549 307562 298106 271473 186540 114027 58947.4 26914.5 23322.9 29374 41547.9 52514.4 61237.7 91428.8 107741 135147 196079 294695 314729
desembarqueobs
 350755 77701 442110 56441 14545 235359 269955 359681 431902 328805 639364 411747 362871 311530 167758 66681 60226 58785 57116 73181 50977 67692 138656 160484 209506 203330
desembarquepred
 350767 77705.2 442161 56443.5 14545.2 235408 269992 359715 431985 328865 639680 412042 363271 312010 167787 66695.6 60251.1 58788 57113.1 73184.4 50978.9 67688.6 138663 160494 209504 203328
Reclutas
 57690.7 71169 43859.8 64054.2 107512 80025.8 124361 111238 129587 128562 65546.4 41793.5 43079.4 23684 17213.7 19910.7 16103.1 18289.2 21043.9 35796.9 44683.2 57150.2 96184.4 135392 59583.3 74047.1
log_desv_Rt
 0.0828519 0.292813 -0.191247 0.187486 0.705361 0.410105 0.850947 0.739425 0.892107 0.884166 0.210513 -0.239503 -0.209201 -0.807445 -1.12654 -0.980987 -1.19323 -1.06593 -0.925633 -0.394383 -0.172646 0.0734382 0.594022 0.935927 0.11513 0.332457
SSB
 693717 448291 570951 724700 728418 1.08781e+06 1.62155e+06 1.8834e+06 1.55487e+06 1.50706e+06 1.37242e+06 943046 576459 298006 136065 117908 148499 210043 265484 309584 462214 544678 683231 991271 1.48982e+06 1.5911e+06
BT
 2.39495e+06 640088 1.24891e+06 1.15075e+06 1.31278e+06 1.46314e+06 3.31752e+06 2.95186e+06 2.78471e+06 2.45233e+06 2.05424e+06 1.3912e+06 965567 515340 290670 222690 276442 369600 403575 556727 843392 770875 1.10888e+06 1.69849e+06 2.08157e+06 2.18826e+06
Ftot
 0.443965 0.339326 0.480524 0.0915921 0.0189954 0.193925 0.122503 0.245655 0.286354 0.237696 0.507081 0.480732 0.771696 1.4062 1.4015 0.544573 0.373541 0.249964 0.20684 0.2125 0.0989538 0.130635 0.156112 0.144641 0.120746 0.124732
BD_Bspro_t
 0.947464 0.763657 0.730991 0.61694 0.730879 0.841989 0.811641 0.816358 0.759561 0.716625 0.674622 0.515433 0.399709 0.286115 0.170894 0.181122 0.283822 0.441904 0.557863 0.649684 0.752827 0.824715 0.83145 0.839269 0.85348 0.82316
BD_Bspro
 0.63248 0.408718 0.520551 0.660728 0.664118 0.991788 1.47841 1.71715 1.41761 1.37403 1.25127 0.8598 0.525573 0.2717 0.124054 0.1075 0.13539 0.191502 0.242049 0.282256 0.421413 0.496597 0.62292 0.903768 1.3583 1.45065
BD_Bo
 0.328451 0.21225 0.270325 0.34312 0.34488 0.515041 0.767747 0.891725 0.736174 0.713539 0.649792 0.446499 0.272933 0.141095 0.0644221 0.0558251 0.0703089 0.0994481 0.125697 0.146577 0.218842 0.257886 0.323486 0.469332 0.705375 0.753329
BD_Brms
 0.597183 0.385909 0.4915 0.623854 0.627055 0.936438 1.3959 1.62132 1.3385 1.29734 1.18144 0.811816 0.496242 0.256537 0.117131 0.1015 0.127834 0.180815 0.228541 0.266504 0.397895 0.468883 0.588156 0.85333 1.2825 1.36969
S_f
 0.181511 1 1 1 1
 0.181511 1 1 1 1
 0.181511 1 1 1 1
 0.181511 1 1 1 1
 0.181511 1 1 1 1
 0.181511 1 1 1 1
 0.181511 1 1 1 1
 0.181511 1 1 1 1
 0.181511 1 1 1 1
 0.181511 1 1 1 1
 0.181511 1 1 1 1
 0.181511 1 1 1 1
 0.181511 1 1 1 1
 0.181511 1 1 1 1
 0.181511 1 1 1 1
 0.181511 1 1 1 1
 0.181511 1 1 1 1
 0.181511 1 1 1 1
 0.181511 1 1 1 1
 0.181511 1 1 1 1
 0.181511 1 1 1 1
 0.181511 1 1 1 1
 0.181511 1 1 1 1
 0.181511 1 1 1 1
 0.181511 1 1 1 1
 0.181511 1 1 1 1
Scru_reclas
 0.934716 1 1 1 1
 0.934716 1 1 1 1
 0.934716 1 1 1 1
 0.934716 1 1 1 1
 0.934716 1 1 1 1
 0.934716 1 1 1 1
 0.934716 1 1 1 1
 0.934716 1 1 1 1
 0.934716 1 1 1 1
 0.934716 1 1 1 1
 0.934716 1 1 1 1
 0.934716 1 1 1 1
 0.934716 1 1 1 1
 0.934716 1 1 1 1
 0.934716 1 1 1 1
 0.934716 1 1 1 1
 0.934716 1 1 1 1
 0.934716 1 1 1 1
 0.934716 1 1 1 1
 0.934716 1 1 1 1
 0.934716 1 1 1 1
 0.934716 1 1 1 1
 0.934716 1 1 1 1
 0.934716 1 1 1 1
 0.934716 1 1 1 1
 0.934716 1 1 1 1
Scru_pelaces
 1 1 1 1 1
 1 1 1 1 1
 1 1 1 1 1
 1 1 1 1 1
 1 1 1 1 1
 1 1 1 1 1
 1 1 1 1 1
 1 1 1 1 1
 1 1 1 1 1
 1 1 1 1 1
 1 1 1 1 1
 1 1 1 1 1
 1 1 1 1 1
 1 1 1 1 1
 1 1 1 1 1
 1 1 1 1 1
 1 1 1 1 1
 1 1 1 1 1
 1 1 1 1 1
 1 1 1 1 1
 1 1 1 1 1
 1 1 1 1 1
 1 1 1 1 1
 1 1 1 1 1
 1 1 1 1 1
 1 1 1 1 1
pf_obs 
 0.256992 0.487395 0.22802 0.0275931 0
 0.321318 0.546541 0.124235 0.00734118 0.000564706
 0.182869 0.594174 0.210203 0.0122559 0.00049798
 0.330522 0.361315 0.267642 0.0388342 0.00168674
 0.649043 0.306663 0.0425973 0.00169635 0
 0.582887 0.30429 0.105238 0.00758474 0
 0.465427 0.430635 0.0974691 0.00646863 0
 0.296916 0.608066 0.0921331 0.00288517 0
 0.311714 0.524322 0.152257 0.0117073 0
 0.15457 0.633149 0.183074 0.0267441 0.00246327
 0.131901 0.49318 0.331252 0.0422183 0.00144891
 0.196976 0.569456 0.194076 0.0375587 0.00193317
 0.518974 0.381816 0.0799577 0.0180837 0.00116848
 0.0928022 0.601141 0.25162 0.0475244 0.00691264
 0.122501 0.610282 0.24278 0.0234846 0.000952079
 0.383417 0.481906 0.127806 0.00687128 0
 0.0376549 0.599619 0.316969 0.0457579 0
 0.0361596 0.667082 0.258105 0.0386534 0
 0.158088 0.579412 0.248529 0.0139706 0
 0.0477256 0.309471 0.559284 0.082774 0.000745712
 0.0406174 0.521527 0.379366 0.0568643 0.0016247
 0.151134 0.462217 0.34131 0.0453401 0
 0.294876 0.26143 0.354403 0.0886775 0.000613685
 0.281977 0.475581 0.204845 0.0348837 0.00271318
 0.0841818 0.532909 0.334909 0.0458182 0.00218182
 0.115287 0.27431 0.454777 0.147771 0.00785563
pf_pred 
 0.365776 0.448113 0.166498 0.0196028 1.04544e-05
 0.30476 0.55397 0.0998149 0.0370866 0.00436876
 0.172739 0.611403 0.171997 0.0309906 0.0128711
 0.262414 0.435979 0.222908 0.0627074 0.0159913
 0.296656 0.472319 0.136556 0.0698185 0.0246497
 0.170109 0.581717 0.166657 0.0481835 0.0333329
 0.253584 0.412548 0.234027 0.0670466 0.0327943
 0.194988 0.534924 0.149279 0.0846817 0.036127
 0.227842 0.462847 0.205535 0.0573577 0.0464186
 0.212639 0.511931 0.165098 0.0733147 0.0370172
 0.126259 0.545528 0.213399 0.0688216 0.0459921
 0.13172 0.437071 0.269229 0.105317 0.0566629
 0.213927 0.402679 0.192991 0.11888 0.0715231
 0.196691 0.550861 0.129321 0.0619792 0.061148
 0.279719 0.528759 0.131334 0.0308322 0.0293555
 0.34817 0.530386 0.0891523 0.0221438 0.010148
 0.227448 0.612175 0.130497 0.0219352 0.00794512
 0.242306 0.499459 0.204627 0.0436202 0.00998784
 0.239309 0.505399 0.168284 0.0689454 0.0180623
 0.313477 0.450447 0.156847 0.0522259 0.0270023
 0.265363 0.540128 0.127623 0.0444389 0.0224474
 0.252012 0.505358 0.178389 0.0421504 0.0220907
 0.306431 0.460171 0.15769 0.0556637 0.0200455
 0.287337 0.515601 0.130747 0.0448038 0.021511
 0.108199 0.627556 0.191178 0.0484791 0.0245886
 0.167372 0.344774 0.3433 0.104582 0.0399712
pobs_RECLAS
 0 0 0 0 0
 0 0 0 0 0
 0 0 0 0 0
 0 0 0 0 0
 0.835266 0.146461 0.0176864 0.000547809 3.91292e-05
 0.385257 0.428462 0.181853 0.0044286 0
 0.867414 0.0963971 0.0333333 0.00285562 0
 0.441836 0.489002 0.0689373 0.000224442 0
 0.779404 0.147425 0.0564933 0.0165055 0.000172143
 0.814271 0.122319 0.05973 0.00367925 0
 0.40263 0.566651 0.0304383 0.000280538 0
 0.475488 0.404961 0.113038 0.00651328 0
 0.955842 0.0263864 0.0167828 0.000988607 0
 0.975058 0.0227948 0.00214734 0 0
 0.738997 0.206755 0.0527124 0.00153531 0
 0.850938 0.134255 0.0134407 0.00136685 0
 0.542534 0.407297 0.0501686 0 0
 0.764087 0.199537 0.0359546 0.000420521 0
 0.470689 0.182191 0.310203 0.0369168 0
 0.84361 0.089868 0.0606195 0.00523954 0.000663233
 0.607945 0.314616 0.071237 0.00620181 0
 0.523733 0.453247 0.0230204 0 0
 0.530135 0.295979 0.169645 0.0042399 0
 0.562478 0.366248 0.0663022 0.0049721 0
 0.250443 0.683176 0.0655157 0.000865301 0
 0.195077 0.31981 0.436473 0.0351445 0.0134964
ppred_RECLAS
 0.753475 0.174183 0.0647183 0.00761967 4.06366e-06
 0.697359 0.241146 0.0434499 0.016144 0.00190174
 0.526053 0.350279 0.0985389 0.0177548 0.00737398
 0.647972 0.20808 0.106387 0.0299284 0.00763217
 0.684941 0.211573 0.0611696 0.0312749 0.0110417
 0.516177 0.339139 0.0971602 0.0280908 0.0194329
 0.637778 0.200202 0.113569 0.0325365 0.0159145
 0.558482 0.293386 0.0818738 0.0464447 0.0198143
 0.607104 0.23551 0.104582 0.0291853 0.0236191
 0.584992 0.269832 0.0870211 0.0386432 0.0195113
 0.434987 0.352771 0.137997 0.0445041 0.0297412
 0.446414 0.278662 0.171652 0.0671466 0.0361264
 0.597955 0.205955 0.0987071 0.0608022 0.0365812
 0.592072 0.279732 0.0656704 0.0314736 0.0310515
 0.697006 0.222428 0.055247 0.0129699 0.0123487
 0.740604 0.211067 0.0354781 0.00881211 0.00403841
 0.608086 0.310555 0.0662009 0.0111277 0.00403054
 0.62554 0.246838 0.101129 0.0215576 0.00493609
 0.621031 0.251785 0.0838376 0.0343479 0.00899847
 0.704089 0.194156 0.0676057 0.0225109 0.0116388
 0.651518 0.256214 0.0605392 0.02108 0.0106481
 0.635961 0.245953 0.0868204 0.0205142 0.0107513
 0.696443 0.201405 0.0690165 0.0243625 0.00877338
 0.676612 0.233966 0.0593294 0.0203308 0.00976112
 0.386025 0.432051 0.131619 0.0333762 0.0169284
 0.510268 0.202788 0.201921 0.0615129 0.0235101
pobs_PELACES
 0 0 0 0 0
 0 0 0 0 0
 0 0 0 0 0
 0 0 0 0 0
 0 0 0 0 0
 0 0 0 0 0
 0 0 0 0 0
 0 0 0 0 0
 0 0 0 0 0
 0 0 0 0 0
 0.450072 0.473896 0.0757376 0.000293798 0
 0 0 0 0 0
 0.463077 0.371075 0.160297 0.00555027 0
 0.529543 0.364841 0.0842815 0.0213345 0
 0.631943 0.363953 0.00410389 0 0
 0.735681 0.248677 0.0153453 0.000297389 0
 0.695825 0.281241 0.0229344 0 0
 0.275771 0.60734 0.115278 0.00161068 0
 0 0 0 0 0
 0.896147 0.0623911 0.0374545 0.00400742 0
 0.803859 0.145111 0.0509908 3.86294e-05 0
 0.739449 0.233085 0.0266225 0.000797448 4.60066e-05
 0.878498 0.100942 0.0204185 0.000141795 0
 0.694673 0.275183 0.0284847 0.00165964 0
 0.469039 0.446079 0.0841089 0.000773354 0
 0.822795 0.102175 0.0682046 0.00682512 0
ppred_PELACES
 0.786618 0.150765 0.0560174 0.00659527 3.51734e-06
 0.729861 0.215248 0.0387836 0.0144102 0.0016975
 0.574836 0.314225 0.0883963 0.0159273 0.00661498
 0.668717 0.195818 0.100118 0.0281647 0.0071824
 0.700402 0.20119 0.0581677 0.02974 0.0104999
 0.546025 0.318217 0.0911662 0.0263578 0.0182341
 0.660682 0.187543 0.106388 0.0304792 0.0149082
 0.591185 0.271654 0.0758093 0.0430045 0.0183467
 0.64107 0.21515 0.0955409 0.0266622 0.0215772
 0.61657 0.2493 0.0803997 0.0357028 0.0180266
 0.48574 0.321083 0.125601 0.0405065 0.0270697
 0.495547 0.253929 0.156417 0.061187 0.03292
 0.662152 0.173068 0.0829459 0.0510935 0.03074
 0.694209 0.209693 0.0492279 0.0235933 0.0232769
 0.782304 0.159811 0.0396941 0.00931865 0.00887234
 0.779665 0.179284 0.0301357 0.00748515 0.00343029
 0.647412 0.279393 0.0595581 0.0100111 0.00362611
 0.656595 0.226367 0.0927416 0.0197697 0.00452672
 0.649606 0.2328 0.0775161 0.0317581 0.00831997
 0.729435 0.177526 0.0618151 0.0205828 0.0106419
 0.672598 0.240716 0.0568772 0.0198048 0.010004
 0.659411 0.23011 0.0812276 0.0191927 0.0100588
 0.719119 0.186359 0.063861 0.0225426 0.008118
 0.699481 0.217421 0.0551339 0.0188931 0.00907086
 0.41001 0.415173 0.126478 0.0320724 0.0162671
 0.535511 0.192336 0.191513 0.0583423 0.0222983
pobs_pel_tallas
 0 0 0 0 0 0 0 0 0 0 0 0 0 0 0 0 0 0 0 0 0 0 0 0 0 0 0 0 0 0 0 0 0 0 0 0
 0 0 0 0 0 0 0 0 0 0 0 0 0 0 0 0 0 0 0 0 0 0 0 0 0 0 0 0 0 0 0 0 0 0 0 0
 0 0 0 0 0 0 0 0 0 0 0 0 0 0 0 0 0 0 0 0 0 0 0 0 0 0 0 0 0 0 0 0 0 0 0 0
 0 0 0 0 0 0 0 0 0 0 0 0 0 0 0 0 0 0 0 0 0 0 0 0 0 0 0 0 0 0 0 0 0 0 0 0
 0 0 0 0 0 0 0 0 0 0 0 0 0 0 0 0 0 0 0 0 0 0 0 0 0 0 0 0 0 0 0 0 0 0 0 0
 0 0 0 0 0 0 0 0 0 0 0 0 0 0 0 0 0 0 0 0 0 0 0 0 0 0 0 0 0 0 0 0 0 0 0 0
 0 0 0 0 0 0 0 0 0 0 0 0 0 0 0 0 0 0 0 0 0 0 0 0 0 0 0 0 0 0 0 0 0 0 0 0
 0 0 0 0 0 0 0 0 0 0 0 0 0 0 0 0 0 0 0 0 0 0 0 0 0 0 0 0 0 0 0 0 0 0 0 0
 0 0 0 0 0 0 0 0 0 0 0 0 0 0 0 0 0 0 0 0 0 0 0 0 0 0 0 0 0 0 0 0 0 0 0 0
 0 0 0 0 0 0 0 0 0 0 0 0 0 0 0 0 0 0 0 0 0 0 0 0 0 0 0 0 0 0 0 0 0 0 0 0
 0 0 0 0 0 0 0 0 1.78061e-05 0.00172719 0.00360574 0.0105946 0.0120993 0.0124554 0.0147524 0.0171206 0.0266825 0.0428682 0.0675386 0.121331 0.153587 0.119568 0.100827 0.0573624 0.0630603 0.0341343 0.0324427 0.0444173 0.0211091 0.0280891 0.0125444 0.00206551 0 0 0 0
 0 0 0 0 0 0 0 0 0 0 0 0 0 0 0 0 0 0 0 0 0 0 0 0 0 0 0 0 0 0 0 0 0 0 0 0
 0 0 0 0 0 0 0.0133647 0.0140871 0.0187388 0.0205184 0.03894 0.0496705 0.03968 0.0493445 0.0407372 0.0367815 0.0215668 0.0243155 0.0234873 0.0199281 0.019796 0.0243948 0.0301388 0.0376714 0.0412746 0.0863199 0.0771752 0.113111 0.0741005 0.0525337 0.0229764 0.00759418 0.00175318 0 0 0
 0 0 0 0 0 0 0 0 0 0 0.00219441 0.00772107 0.0458388 0.0604681 0.0671733 0.0775358 0.0609151 0.0617685 0.073594 0.0568108 0.0755445 0.0548602 0.0670107 0.0636378 0.0643287 0.046367 0.0373049 0.0286899 0.0247887 0.0153202 0.00654259 0.00121912 0.000365735 0 0 0
 0 0 0 0 0 0 0 0 0 0 0 0 0.000112435 0.00938835 0.0111873 0.0202946 0.0414886 0.0713402 0.111592 0.104902 0.108894 0.110636 0.117776 0.105296 0.107544 0.0401394 0.0192827 0.0124803 0.00416011 0.0028671 0.000618394 0 0 0 0 0
 0 0 0 0 0 0 0 0 0 0 0.00291406 0.0102884 0.027416 0.0768956 0.0749926 0.110853 0.0956884 0.0897413 0.0766577 0.0534642 0.0500743 0.0551293 0.0594112 0.0620874 0.0668451 0.0424026 0.0208742 0.0120726 0.0048766 0.00582813 0.00118941 0.000297354 0 0 0 0
 0 0.00264628 0.0354308 0.0461629 0.0458689 0.0383711 0.0214643 0.0164657 0.0346957 0.0420465 0.0363128 0.0245516 0.0311673 0.0291091 0.0169068 0.0133784 0.00837989 0.0085269 0.0148486 0.0160247 0.0276389 0.0546898 0.0760071 0.122758 0.109233 0.0665981 0.0333725 0.0166128 0.00676272 0.00308733 0.000882094 0 0 0 0 0
 0 0 0 0 0 0 0 0.000805153 0.000690131 0.00759144 0.0133425 0.0154129 0.00931677 0.000345066 0.00356568 0.00563607 0.00851162 0.0253048 0.0502646 0.0516448 0.0657925 0.0565908 0.0611916 0.0827007 0.0866115 0.110766 0.145733 0.0935128 0.0569358 0.0249597 0.0138026 0.00621118 0.00161031 0.00115022 0 0
 0 0 0 0 0 0 0 0 0 0 0 0 0 0 0 0 0 0 0 0 0 0 0 0 0 0 0 0 0 0 0 0 0 0 0 0
 0.00147267 0.00158595 0.00478618 0.00569244 0.00954404 0.0108468 0.00647125 0.017049 0.0510054 0.094081 0.124002 0.0959785 0.0687766 0.0820023 0.061753 0.0591476 0.0492212 0.0479892 0.0443925 0.0268479 0.0217502 0.0140895 0.0121071 0.0120363 0.00920419 0.00665534 0.0049561 0.00860946 0.00930331 0.0156896 0.0114698 0.00855282 0.00243557 0.00046729 0 2.83206e-05
 0 0 0 0 0.000772559 0.00158375 0.000888443 0.00281984 0.00712685 0.0440552 0.0773331 0.111326 0.0921469 0.0852325 0.0710754 0.0886704 0.0786465 0.0553345 0.0373146 0.0185414 0.00753245 0.00457741 0.012979 0.0271748 0.0457355 0.0583668 0.034881 0.0177882 0.00938659 0.00492506 0.0015258 0.00185414 0.000309023 5.79419e-05 3.86279e-05 0
 0 0.00173294 0.00326652 0 0.00397197 0.00683976 0.00946217 0.0152591 0.00757587 0.0136028 0.0228656 0.0392903 0.0559909 0.0764795 0.0681675 0.0726916 0.0566044 0.0477403 0.0527397 0.0444891 0.0609904 0.0582453 0.0661739 0.0445044 0.0529084 0.0360697 0.0280645 0.0235558 0.0158879 0.00826598 0.00280645 0.00217768 0.000904811 0.00058276 9.20147e-05 0
 0 0 0 0 0 0 0 0 0 0 0 0 0 0 0 0 0 0 0 0 0 0 0 0 0 0 0 0 0 0 0 0 0 0 0 0
 0 0 0 0 0 0 0 0 0 0 0 0 0 0 0 0 0 0 0 0 0 0 0 0 0 0 0 0 0 0 0 0 0 0 0 0
 0 0 0 0 0 0 0 0 0 0 0 0 0 0 0 0 0 0 0 0 0 0 0 0 0 0 0 0 0 0 0 0 0 0 0 0
 0 0 0 0 0 0 0 0 0 0 0 0 0 0 0 0 0 0 0 0 0 0 0 0 0 0 0 0 0 0 0 0 0 0 0 0
ppred_pel_tallas
 1.01072e-16 3.43191e-05 0.000201431 0.000957521 0.00368652 0.0114961 0.0290382 0.0594158 0.0984873 0.132263 0.143921 0.126931 0.0908239 0.0529291 0.025545 0.0110103 0.0055668 0.00479414 0.00598533 0.00795542 0.0102266 0.0125181 0.0145752 0.0161607 0.0170951 0.0172933 0.0167807 0.0156784 0.0141676 0.0124438 0.0106774 0.00899075 0.00745365 0.00609326 0.00491006 0.00389267
 1.01196e-16 3.18468e-05 0.00018691 0.000888475 0.00342066 0.010667 0.026944 0.0551315 0.0913879 0.122736 0.133571 0.117845 0.0844137 0.0493774 0.0241744 0.0110068 0.00641763 0.00632537 0.00821564 0.0109538 0.0140242 0.0170621 0.0197115 0.0216422 0.0226134 0.0225279 0.0214521 0.0195925 0.0172383 0.0146919 0.0122077 0.00995721 0.00802333 0.00641706 0.00510535 0.00403777
 1.02214e-16 2.50911e-05 0.000147239 0.000699853 0.00269438 0.0084021 0.0212232 0.043427 0.0719907 0.0966985 0.105272 0.0929633 0.0667776 0.0394391 0.0200144 0.010307 0.00766381 0.00892246 0.0121148 0.0162981 0.0209441 0.0255764 0.0296857 0.0327863 0.0345154 0.0347124 0.0334501 0.0310025 0.0277659 0.0241609 0.0205468 0.017173 0.0141708 0.0115755 0.00936405 0.00748975
 1.02789e-16 2.918e-05 0.000171255 0.000814052 0.00313412 0.00977343 0.024687 0.0505132 0.0837327 0.112455 0.122385 0.107981 0.0773575 0.0452708 0.0222049 0.0101848 0.00605356 0.00608561 0.00799496 0.0107622 0.0139351 0.0171961 0.0202272 0.0227205 0.0244325 0.0252322 0.0251218 0.0242201 0.0227205 0.0208368 0.0187583 0.0166243 0.0145217 0.0124978 0.010579 0.00878577
 1.02404e-16 3.05617e-05 0.000179367 0.000852616 0.0032826 0.0102365 0.0258565 0.0529062 0.0876992 0.117781 0.12818 0.113088 0.0810043 0.0473806 0.0231931 0.0105563 0.00615562 0.00607939 0.00792328 0.0106105 0.0136614 0.0167419 0.0195245 0.0217004 0.0230366 0.0234255 0.0229036 0.0216311 0.0198427 0.0177861 0.0156703 0.0136373 0.0117591 0.0100545 0.00851294 0.00711639
 1.03156e-16 2.3835e-05 0.000139864 0.000664791 0.00255938 0.00798111 0.0201599 0.0412513 0.0683846 0.0918567 0.100006 0.0883255 0.0634732 0.037542 0.0191526 0.0100289 0.0076618 0.00905674 0.012349 0.0166401 0.021416 0.0262031 0.0304906 0.0337896 0.0357327 0.0361537 0.0351186 0.0328927 0.0298616 0.0264333 0.0229539 0.0196601 0.0166738 0.0140258 0.0116949 0.00964239
 1.03316e-16 2.88293e-05 0.000169197 0.000804269 0.00309645 0.00965598 0.0243903 0.0499061 0.0827262 0.111103 0.120913 0.106679 0.0764196 0.0447112 0.021911 0.0100181 0.00591308 0.00591596 0.00777145 0.0104787 0.0136004 0.0168345 0.0198786 0.0224379 0.0242756 0.0252589 0.0253783 0.024733 0.0234917 0.0218433 0.0199556 0.0179531 0.0159161 0.0138929 0.0119174 0.0100217
 1.035e-16 2.58022e-05 0.000151418 0.000719729 0.00277092 0.00864081 0.0218261 0.0446603 0.0740336 0.0994379 0.108242 0.0955576 0.0685787 0.0403774 0.0202593 0.0100575 0.00702291 0.00789033 0.0106389 0.0143254 0.0184603 0.0226308 0.0264028 0.0293617 0.0311944 0.0317564 0.0310973 0.0294324 0.0270763 0.02436 0.0215612 0.0188667 0.0163691 0.0140897 0.0120122 0.0101119
 1.03351e-16 2.79752e-05 0.00016418 0.000780414 0.0030046 0.00936951 0.0236667 0.0484258 0.0802735 0.107812 0.117339 0.103544 0.0742134 0.0435004 0.0214663 0.0100648 0.00628192 0.00655516 0.00869441 0.0117124 0.0151525 0.0186752 0.0219346 0.0245966 0.0264004 0.0272108 0.0270401 0.0260284 0.0243956 0.02238 0.0201877 0.0179646 0.0157947 0.0137157 0.0117423 0.00988466
 1.03292e-16 2.69082e-05 0.000157913 0.000750613 0.00288984 0.00901166 0.0227629 0.0465767 0.0772095 0.1037 0.112874 0.0996272 0.071457 0.041987 0.0209093 0.0101206 0.00673887 0.00734827 0.00984036 0.0132453 0.0170825 0.0209669 0.0244984 0.0272945 0.0290637 0.0296676 0.029144 0.0276828 0.0255653 0.0230899 0.0205092 0.0179957 0.0156389 0.0134653 0.0114682 0.00963308
 1.04545e-16 2.12064e-05 0.000124432 0.000591423 0.0022769 0.00710019 0.0179347 0.0366986 0.0608386 0.0817247 0.0889857 0.0786179 0.0565526 0.0335609 0.0173301 0.00941603 0.00761141 0.00927432 0.0127595 0.0172665 0.022318 0.0274531 0.0321631 0.0359526 0.0384386 0.0394299 0.0389592 0.0372526 0.0346552 0.0315376 0.0282178 0.0249176 0.0217595 0.0187912 0.0160207 0.0134476
 1.05944e-16 2.16314e-05 0.000126933 0.000603326 0.00232275 0.0072432 0.0182959 0.037437 0.0620608 0.0833603 0.0907504 0.0801384 0.0575627 0.0339928 0.0172469 0.00888454 0.00662937 0.00777388 0.0106509 0.0144887 0.0188816 0.0234715 0.0278635 0.0316616 0.0345417 0.0363119 0.036939 0.0365297 0.0352797 0.0334108 0.0311194 0.0285506 0.0258006 0.0229352 0.0200127 0.0171
 1.04426e-16 2.88927e-05 0.000169571 0.00080605 0.00310332 0.00967739 0.0244443 0.0500166 0.0829089 0.111347 0.121175 0.106901 0.0765595 0.0447544 0.0218598 0.0098727 0.00565979 0.00552845 0.00721862 0.00973482 0.0126552 0.0157017 0.0186017 0.0210906 0.0229567 0.0240815 0.0244558 0.0241644 0.0233493 0.0221643 0.0207387 0.0191597 0.0174758 0.015712 0.0138891 0.0120377
 1.02666e-16 3.02919e-05 0.000177782 0.000845082 0.00325359 0.010146 0.025628 0.0524387 0.0869245 0.116742 0.127051 0.112097 0.0803063 0.0469958 0.0230482 0.0105633 0.00625919 0.00626074 0.00818362 0.010955 0.014089 0.0172406 0.02007 0.0222582 0.023568 0.0238946 0.0232852 0.0219159 0.0200391 0.0179177 0.01577 0.01374 0.0118943 0.0102412 0.00875744 0.00741296
 1.01351e-16 3.41313e-05 0.000200327 0.000952273 0.00366632 0.0114331 0.028879 0.0590902 0.0979479 0.131539 0.143136 0.126244 0.0903421 0.0526693 0.0254584 0.0110387 0.00567514 0.00497263 0.00623689 0.00828319 0.0106257 0.0129716 0.0150535 0.0166251 0.0175038 0.0176108 0.0169856 0.015769 0.0141632 0.0123805 0.0106004 0.00894493 0.00747509 0.00620316 0.00511263 0.00417667
 1.00904e-16 3.4017e-05 0.000199654 0.000949071 0.00365398 0.0113946 0.0287819 0.0588915 0.0976192 0.1311 0.142661 0.125836 0.0900728 0.0525577 0.0254889 0.0111953 0.00596065 0.00540793 0.0068484 0.0090888 0.0116224 0.0141264 0.0163007 0.0178698 0.0186342 0.0185149 0.0175703 0.0159758 0.0139765 0.0118277 0.00974424 0.00787047 0.00627536 0.00496648 0.00391344 0.00307053
 1.0145e-16 2.82543e-05 0.000165813 0.000788163 0.00303441 0.00946248 0.0239016 0.0489069 0.0810726 0.10889 0.118525 0.104622 0.0750541 0.0441291 0.0220276 0.0107439 0.00725188 0.0079604 0.0106432 0.0142601 0.0182753 0.0222466 0.0257165 0.0282552 0.029547 0.0294616 0.0280809 0.0256689 0.0225987 0.0192622 0.0159918 0.0130145 0.0104436 0.00829998 0.00654667 0.0051226
 1.02282e-16 2.86526e-05 0.000168156 0.000799315 0.00307737 0.00959644 0.0242399 0.0495988 0.0822179 0.110424 0.120182 0.106055 0.0760183 0.0445678 0.0220101 0.0103469 0.00649129 0.00679236 0.00900219 0.0121012 0.0156097 0.0191654 0.0223991 0.0249566 0.0265653 0.0270903 0.0265579 0.0251349 0.0230761 0.0206579 0.018121 0.015639 0.0133124 0.0111843 0.00926424 0.00754827
 1.02657e-16 2.83481e-05 0.000166368 0.000790811 0.00304462 0.00949433 0.023982 0.0490711 0.0813434 0.10925 0.118907 0.104934 0.0752246 0.0441223 0.0218268 0.0103218 0.006556 0.00691922 0.00918647 0.0123446 0.0159108 0.0195157 0.0227824 0.0253515 0.0269493 0.0274458 0.026877 0.0254224 0.0233489 0.020941 0.0184417 0.0160196 0.0137651 0.0117081 0.00984499 0.00816204
 1.0214e-16 3.18267e-05 0.000186796 0.000887938 0.00341861 0.0106606 0.0269278 0.055098 0.0913314 0.122657 0.133478 0.117744 0.0842994 0.0492274 0.0239471 0.010646 0.00585813 0.0054998 0.00706608 0.00944821 0.0121748 0.0149404 0.0174533 0.0194386 0.020687 0.021098 0.0206974 0.0196199 0.0180667 0.0162527 0.0143616 0.0125209 0.0107992 0.00922003 0.00778158 0.00647497
 1.02034e-16 2.93509e-05 0.000172255 0.000818797 0.00315237 0.00983034 0.0248308 0.0508077 0.0842221 0.113116 0.123113 0.108644 0.0778792 0.0456689 0.0225716 0.010638 0.00670421 0.00702638 0.00929364 0.0124492 0.0159856 0.0195146 0.0226436 0.0250034 0.0263202 0.026476 0.0255311 0.0236987 0.0212833 0.0186046 0.0159324 0.0134494 0.0112461 0.00933963 0.0077042 0.00629886
 1.02358e-16 2.87755e-05 0.000168878 0.000802743 0.00309056 0.0096376 0.0243439 0.0498115 0.0825706 0.110898 0.120698 0.106512 0.0763472 0.0447642 0.0221136 0.0104057 0.00654009 0.00684935 0.00907378 0.0121861 0.0157002 0.0192476 0.0224537 0.0249614 0.0264988 0.0269366 0.026311 0.0248014 0.0226756 0.0202198 0.0176808 0.0152316 0.0129671 0.0109208 0.00909043 0.00746117
 1.02122e-16 3.13773e-05 0.000184156 0.000875388 0.00337028 0.0105099 0.0265472 0.0543193 0.0900409 0.120925 0.131596 0.11609 0.0831298 0.0485735 0.0236833 0.0106211 0.00597512 0.00572313 0.00739615 0.00989674 0.0127501 0.0156398 0.01826 0.0203221 0.0216065 0.0220083 0.0215558 0.0203921 0.0187304 0.0167985 0.0147913 0.0128445 0.0110313 0.00937679 0.00787873 0.00652672
 1.01927e-16 3.05222e-05 0.000179133 0.000851503 0.00327831 0.0102231 0.0258227 0.0528372 0.0875852 0.11763 0.128018 0.112954 0.0809273 0.0473733 0.0232596 0.0107039 0.0064015 0.00644849 0.00844084 0.0112928 0.0145062 0.0177217 0.0205833 0.0227566 0.0239929 0.0241831 0.0233783 0.0217673 0.0196209 0.0172247 0.0148198 0.0125706 0.0105595 0.00880431 0.00728503 0.00596853
 1.03793e-16 1.79081e-05 0.000105059 0.000499302 0.00192218 0.00599398 0.0151407 0.0309824 0.0513668 0.0690143 0.0751805 0.0665033 0.048017 0.0288547 0.0155597 0.00950957 0.00890357 0.0115547 0.0160754 0.0217287 0.0279777 0.0342353 0.039839 0.0441492 0.0466832 0.0472205 0.0458437 0.0428969 0.0388828 0.0343359 0.0297126 0.0253288 0.0213516 0.0178297 0.0147418 0.0120415
 1.05828e-16 2.33716e-05 0.000137154 0.000651935 0.00250993 0.00782691 0.0197702 0.0404532 0.0670584 0.0900658 0.0980313 0.0865227 0.06205 0.0364449 0.0181264 0.00874568 0.00580994 0.00637255 0.00863523 0.0118025 0.0155146 0.0194972 0.0234518 0.0270677 0.0300713 0.0322706 0.0335787 0.0340055 0.0336294 0.0325603 0.0309103 0.0287808 0.0262655 0.0234602 0.020473 0.017425
pSPR Fmed_Fpbrs
0.431696   0.6 0.325
Fs Fmed_Fpbrs
0.68   0.348724 1.07413
SSBpbr Bo_Bmed_Bpbrs
2.11209e+06  806177  1.16165e+06 580825
Ro
53103.6
SPR SPRFo_SPRFmed_SPRFpbrs
1.09682e+06 473493 356467
log_Ro
10.7
likeval ReclasPelacesDesembMPH_pf_preclas_ppelaces_ptallas_desvR_qrecl_qpela
 62.1828 22.1155 0.0238476 0.000528996 330.198 213.46 83.1543 0 16.2049 5.74452e-05 1.10421e-05 6.78677e-16 0 0 0
q_reclas_q_pelaces
0.341635 1.60441
M
0.7
N
 57690.7 14949.6 5554.58 653.973 0.348772
 71169 26430.3 4762.25 1769.43 208.437
 43859.8 33230.4 9348.22 1684.37 699.557
 64054.2 19960.9 10205.7 2871 732.147
 107512 31284 9044.76 4624.41 1632.67
 80025.8 53205.3 15242.8 4406.98 3048.71
 124361 38365.2 21763.5 6235.04 3049.73
 111238 60398 16855 9561.36 4079.08
 129587 52830.1 23460.1 6546.9 5298.29
 128562 61091.6 19702.1 8749.07 4417.47
 65546.4 61146.1 23919.1 7713.95 5155.08
 41793.5 29687.2 18286.9 7153.47 3848.73
 43079.4 19019.9 9115.58 5615.07 3378.27
 23684 18596.5 4365.74 2092.35 2064.29
 17213.7 9111.7 2263.18 531.307 505.86
 19910.7 6628.11 1114.11 276.725 126.817
 16103.1 8956.79 1909.32 320.936 116.246
 18289.2 7472.36 3061.4 652.597 149.427
 21043.9 8679.29 2889.97 1184.01 310.187
 35796.9 10065 3504.68 1166.97 603.355
 44683.2 17103.6 4041.31 1407.2 710.817
 57150.2 21794.1 7693.2 1817.78 952.681
 96184.4 27714.9 9497.25 3352.48 1207.29
 135392 46429.3 11773.6 4034.53 1937.04
 59583.3 65491.4 19951.2 5059.25 2566.05
 74047.1 28946.8 28823 8780.59 3355.92
pred_Ctot
 3227.2 3953.64 1468.99 172.953 0.0922378
 3068.16 5577.08 1004.88 373.368 43.9823
 2647.88 9372.08 2636.51 475.049 197.298
 760.236 1263.07 645.784 181.669 46.3281
 266.18 423.796 122.527 62.6458 22.1174
 1994.6 6820.87 1954.12 564.971 390.842
 1969.26 3203.72 1817.38 520.663 254.671
 3497.69 9595.45 2677.76 1519.02 648.045
 4734.36 9617.56 4270.84 1191.84 964.538
 3913.93 9422.85 3038.88 1349.47 681.357
 4167.08 18004.7 7043.06 2271.4 1517.93
 2524.19 8375.7 5159.31 2018.22 1085.85
 4082.2 7684.01 3682.69 2268.48 1364.82
 3893.73 10904.9 2560.06 1226.95 1210.49
 2821.54 5333.63 1324.77 311.006 296.11
 1355.39 2064.75 347.062 86.2036 39.5053
 762.148 2051.32 437.279 73.5019 26.6231
 584.959 1205.76 493.996 105.305 24.112
 558.864 1180.27 392.998 161.01 42.1813
 976.235 1402.79 488.456 162.643 84.0909
 572.616 1165.52 275.394 95.893 48.4384
 964.415 1933.93 682.67 161.304 84.5379
 1935.72 2906.89 996.124 351.627 126.627
 2526.88 4534.27 1149.8 394.011 189.171
 930.096 5394.57 1643.39 416.734 211.368
 1193.65 2458.82 2448.31 745.85 285.062
F
 0.0805843 0.443965 0.443965 0.443965 0.443965
 0.0615913 0.339326 0.339326 0.339326 0.339326
 0.0872203 0.480524 0.480524 0.480524 0.480524
 0.0166249 0.0915921 0.0915921 0.0915921 0.0915921
 0.00344787 0.0189954 0.0189954 0.0189954 0.0189954
 0.0351994 0.193925 0.193925 0.193925 0.193925
 0.0222357 0.122503 0.122503 0.122503 0.122503
 0.044589 0.245655 0.245655 0.245655 0.245655
 0.0519763 0.286354 0.286354 0.286354 0.286354
 0.0431444 0.237696 0.237696 0.237696 0.237696
 0.0920406 0.507081 0.507081 0.507081 0.507081
 0.087258 0.480732 0.480732 0.480732 0.480732
 0.140071 0.771696 0.771696 0.771696 0.771696
 0.255241 1.4062 1.4062 1.4062 1.4062
 0.254387 1.4015 1.4015 1.4015 1.4015
 0.0988458 0.544573 0.544573 0.544573 0.544573
 0.0678016 0.373541 0.373541 0.373541 0.373541
 0.0453711 0.249964 0.249964 0.249964 0.249964
 0.0375436 0.20684 0.20684 0.20684 0.20684
 0.038571 0.2125 0.2125 0.2125 0.2125
 0.0179612 0.0989538 0.0989538 0.0989538 0.0989538
 0.0237116 0.130635 0.130635 0.130635 0.130635
 0.0283359 0.156112 0.156112 0.156112 0.156112
 0.0262539 0.144641 0.144641 0.144641 0.144641
 0.0219167 0.120746 0.120746 0.120746 0.120746
 0.0226401 0.124732 0.124732 0.124732 0.124732
Np
 37232.5 17355.1 12595.5 4445.99 5978.12
YTP_r0W_actual
 10742.8 62454.1 86425.3 30878.2 12827.8
YTP_p0W_proyectada
 13516.5 167726 86065.8 109442 53217
 13516.5 80976.2 85432.1 38511.5 57464.8
CTP_r0_actual
 1193.65 2458.82 2448.31 745.85 285.062
CTP_p0_proyectada
 1648.35 7765.1 2740.95 2729.23 1195.89
 1648.35 3748.9 2720.77 960.386 1291.34
Wmedp
 8.2 21.6 31.4 40.1 44.5
nmprior
 10.6 11 7 0
nm_flota  nm_reclas  nm_pelaces    nm_pelaL
inf 13.5436 18.2675 58.3917
cv_recla  cv_pelaces  cv_mph
0.697601 0.515156 0.625978
 ------------------------------------------------
Talla a la edad & desviaci?n 
 7.2 14.2025 17.0495 18.207 18.6776
 1.08 2.13037 2.55742 2.73105 2.80164
