years
 1997 1998 1999 2000 2001 2002 2003 2004 2005 2006 2007 2008 2009 2010 2011 2012 2013 2014 2015 2016 2017 2018 2019 2020 2021 2022
reclasobs
 0 0 0 370054 412103 1.49427e+06 250295 1.28982e+06 931140 785840 897777 1.04006e+06 184774 17550 25797 100020 73551 82996 120727 218422 84188 347160 605670 569463 516374 1.08416e+06
reclaspred
 626205 151065 371618 221019 340377 425872 925256 651766 738295 800664 706391 486507 294713 119595 69365.2 66929.6 80267.1 107493 116751 153984 235281 225838 382691 509638 655191 564800
pelacesobs
 0 0 0 0 0 0 0 0 0 2.06254e+06 1.5e+06 0 1.87456e+06 323000 250000 174000 83755 137374 0 501740 490994 745055 786931 1.00524e+06 1.33801e+06 1.41789e+06
pelacespred
 2.31784e+06 546330 695529 711413 990275 902016 2.53052e+06 2.02031e+06 2.12672e+06 2.33297e+06 1.71263e+06 1.2155e+06 751587 240280 149098 151301 189917 263037 280541 371615 664585 593364 813536 1.24943e+06 1.52429e+06 1.39881e+06
mphobs
 0 0 0 0 0 112323 0 153150 637223 0 255016 313432 73983 77613 109348 50772 17779 17303 59886 28197 0 207744 136588 643089 65757 0
mphpred
 208970 111055 115560 100815 105873 179112 247930 321726 280767 307908 340272 232848 143840 76478.5 33294.8 26505 29222.8 37848.8 46712.1 52354.2 78451.9 97872.6 119977 171375 257133 247449
desembarqueobs
 350755 77701 442110 56441 14545 235359 269955 359681 431902 328805 639364 411747 362871 311530 167758 66681 60226 58785 57116 73181 50977 67692 138656 160484 209506 203330
desembarquepred
 350753 77694.3 442029 56442.7 14545.2 235429 270007 359611 431883 328774 639146 411693 362838 311527 167533 66670 60248 58768.7 57094.4 73171.8 50977.8 67676.4 138653 160484 209476 203308
Reclutas
 35639.9 44814.8 19008 26941.6 53089.4 36444.7 74075.7 71306.2 94240 119534 64217.5 45825.7 49760.1 26807.6 14506.7 12671.2 9526.92 10765.6 11494.8 18030 24132.4 29374 49162.8 68514.4 26809.3 29329.1
log_desv_Rt
 0.0812203 0.310294 -0.547385 -0.198572 0.479732 0.103551 0.812843 0.774738 1.0536 1.29135 0.670031 0.332599 0.414969 -0.203561 -0.817636 -0.952912 -1.23812 -1.11589 -1.05035 -0.600208 -0.30869 -0.112135 0.402892 0.734799 -0.203494 -0.113666
SSB
 513241 272756 283820 247606 260031 439910 608929 790176 689579 756238 835727 571888 353279 187835 81773.9 65097.7 71772.7 92958.6 114727 128585 192682 240380 294669 420907 631533 607748
BT
 1.59518e+06 405765 617651 427279 537888 628321 1.59037e+06 1.45933e+06 1.55747e+06 1.56339e+06 1.45352e+06 1.00551e+06 760266 419552 220892 136389 150446 187775 191498 256123 395415 358569 515595 782198 912002 865193
Ftot
 0.626508 0.612655 1.10542 0.283555 0.0538321 0.514179 0.350095 0.61815 0.701958 0.491241 0.875667 0.83849 1.36648 2.47455 2.63643 1.10673 0.842141 0.616576 0.502125 0.543485 0.244942 0.30675 0.3774 0.353722 0.29454 0.344244
BD_Bspro_t
 0.92357 0.662199 0.569894 0.362188 0.499977 0.683399 0.61992 0.647205 0.578138 0.553595 0.546292 0.381627 0.278518 0.188712 0.102621 0.100503 0.148489 0.244018 0.338457 0.423339 0.552266 0.668159 0.675919 0.686744 0.70955 0.637422
BD_Bspro
 0.756218 0.401884 0.418186 0.364828 0.383134 0.648171 0.897207 1.16426 1.01604 1.11426 1.23137 0.842631 0.520528 0.27676 0.120487 0.0959161 0.105751 0.136967 0.169041 0.189459 0.283901 0.354181 0.434171 0.620171 0.930512 0.895466
BD_Bo
 0.535917 0.284807 0.29636 0.258546 0.271519 0.459346 0.635833 0.825088 0.720046 0.789651 0.872651 0.597156 0.368888 0.196134 0.0853869 0.0679738 0.0749437 0.0970658 0.119796 0.134266 0.201195 0.251001 0.307689 0.439503 0.659436 0.634599
BD_Brms
 0.974394 0.517832 0.538837 0.470084 0.493672 0.835175 1.15606 1.50016 1.30918 1.43573 1.58664 1.08574 0.670705 0.356608 0.155249 0.123589 0.136261 0.176483 0.217811 0.24412 0.365809 0.456365 0.559434 0.799097 1.19897 1.15382
S_f
 0.144815 1 1 1 1
 0.144815 1 1 1 1
 0.144815 1 1 1 1
 0.144815 1 1 1 1
 0.144815 1 1 1 1
 0.144815 1 1 1 1
 0.144815 1 1 1 1
 0.144815 1 1 1 1
 0.144815 1 1 1 1
 0.144815 1 1 1 1
 0.144815 1 1 1 1
 0.144815 1 1 1 1
 0.144815 1 1 1 1
 0.144815 1 1 1 1
 0.144815 1 1 1 1
 0.144815 1 1 1 1
 0.144815 1 1 1 1
 0.144815 1 1 1 1
 0.144815 1 1 1 1
 0.144815 1 1 1 1
 0.144815 1 1 1 1
 0.144815 1 1 1 1
 0.144815 1 1 1 1
 0.144815 1 1 1 1
 0.144815 1 1 1 1
 0.144815 1 1 1 1
Scru_reclas
 0.534206 0.852329 0.96672 0.993206 0.998643
 0.534206 0.852329 0.96672 0.993206 0.998643
 0.534206 0.852329 0.96672 0.993206 0.998643
 0.534206 0.852329 0.96672 0.993206 0.998643
 0.534206 0.852329 0.96672 0.993206 0.998643
 0.534206 0.852329 0.96672 0.993206 0.998643
 0.534206 0.852329 0.96672 0.993206 0.998643
 0.534206 0.852329 0.96672 0.993206 0.998643
 0.534206 0.852329 0.96672 0.993206 0.998643
 0.534206 0.852329 0.96672 0.993206 0.998643
 0.534206 0.852329 0.96672 0.993206 0.998643
 0.534206 0.852329 0.96672 0.993206 0.998643
 0.534206 0.852329 0.96672 0.993206 0.998643
 0.534206 0.852329 0.96672 0.993206 0.998643
 0.534206 0.852329 0.96672 0.993206 0.998643
 0.534206 0.852329 0.96672 0.993206 0.998643
 0.534206 0.852329 0.96672 0.993206 0.998643
 0.534206 0.852329 0.96672 0.993206 0.998643
 0.534206 0.852329 0.96672 0.993206 0.998643
 0.534206 0.852329 0.96672 0.993206 0.998643
 0.534206 0.852329 0.96672 0.993206 0.998643
 0.534206 0.852329 0.96672 0.993206 0.998643
 0.534206 0.852329 0.96672 0.993206 0.998643
 0.534206 0.852329 0.96672 0.993206 0.998643
 0.534206 0.852329 0.96672 0.993206 0.998643
 0.534206 0.852329 0.96672 0.993206 0.998643
Scru_pelaces
 0.758952 1 1 1 1
 0.758952 1 1 1 1
 0.758952 1 1 1 1
 0.758952 1 1 1 1
 0.758952 1 1 1 1
 0.758952 1 1 1 1
 0.758952 1 1 1 1
 0.758952 1 1 1 1
 0.758952 1 1 1 1
 0.758952 1 1 1 1
 0.758952 1 1 1 1
 0.758952 1 1 1 1
 0.758952 1 1 1 1
 0.758952 1 1 1 1
 0.758952 1 1 1 1
 0.758952 1 1 1 1
 0.758952 1 1 1 1
 0.758952 1 1 1 1
 0.758952 1 1 1 1
 0.758952 1 1 1 1
 0.758952 1 1 1 1
 0.758952 1 1 1 1
 0.758952 1 1 1 1
 0.758952 1 1 1 1
 0.758952 1 1 1 1
 0.758952 1 1 1 1
pf_obs 
 0.256992 0.487395 0.22802 0.0275931 0
 0.321318 0.546541 0.124235 0.00734118 0.000564706
 0.182869 0.594174 0.210203 0.0122559 0.00049798
 0.330522 0.361315 0.267642 0.0388342 0.00168674
 0.649043 0.306663 0.0425973 0.00169635 0
 0.582887 0.30429 0.105238 0.00758474 0
 0.465427 0.430635 0.0974691 0.00646863 0
 0.296916 0.608066 0.0921331 0.00288517 0
 0.311714 0.524322 0.152257 0.0117073 0
 0.15457 0.633149 0.183074 0.0267441 0.00246327
 0.131901 0.49318 0.331252 0.0422183 0.00144891
 0.196976 0.569456 0.194076 0.0375587 0.00193317
 0.518974 0.381816 0.0799577 0.0180837 0.00116848
 0.0928022 0.601141 0.25162 0.0475244 0.00691264
 0.122501 0.610282 0.24278 0.0234846 0.000952079
 0.383417 0.481906 0.127806 0.00687128 0
 0.0376549 0.599619 0.316969 0.0457579 0
 0.0361596 0.667082 0.258105 0.0386534 0
 0.158088 0.579412 0.248529 0.0139706 0
 0.0477256 0.309471 0.559284 0.082774 0.000745712
 0.0406174 0.521527 0.379366 0.0568643 0.0016247
 0.151134 0.462217 0.34131 0.0453401 0
 0.294876 0.26143 0.354403 0.0886775 0.000613685
 0.281977 0.475581 0.204845 0.0348837 0.00271318
 0.0841818 0.532909 0.334909 0.0458182 0.00218182
 0.115287 0.27431 0.454777 0.147771 0.00785563
pf_pred 
 0.272618 0.509075 0.194785 0.0235121 9.13534e-06
 0.280071 0.561483 0.110892 0.0424302 0.00512365
 0.133275 0.680396 0.14532 0.0287006 0.0123077
 0.26022 0.483425 0.201244 0.0429821 0.0121292
 0.310229 0.507758 0.11894 0.0495133 0.0135594
 0.155834 0.642546 0.148418 0.0347663 0.0184362
 0.31095 0.42865 0.198206 0.0457826 0.0164114
 0.224414 0.610587 0.102644 0.0474624 0.014893
 0.282834 0.524576 0.151618 0.0254882 0.0154838
 0.279707 0.572707 0.107953 0.0312015 0.00843162
 0.149633 0.658064 0.152901 0.0288212 0.0105812
 0.17138 0.542974 0.22105 0.051361 0.0132356
 0.277077 0.496276 0.148516 0.060462 0.0176686
 0.248548 0.635007 0.0799375 0.0239221 0.0125849
 0.301131 0.630844 0.057484 0.00723634 0.00330479
 0.33486 0.619004 0.0416456 0.00379485 0.00069588
 0.228576 0.663962 0.100008 0.00672837 0.000725533
 0.259978 0.56141 0.153731 0.0231554 0.00172585
 0.238323 0.584723 0.134244 0.0367602 0.00594961
 0.305022 0.51077 0.141412 0.0324663 0.0103291
 0.269668 0.583491 0.10792 0.0298789 0.00904223
 0.233847 0.568314 0.158061 0.0292344 0.0105433
 0.293555 0.501614 0.151939 0.0422576 0.0106346
 0.274652 0.562526 0.115612 0.0350189 0.0121906
 0.0919399 0.687158 0.171315 0.0352093 0.0143775
 0.144284 0.382266 0.358274 0.0893214 0.0258539
pobs_RECLAS
 0 0 0 0 0
 0 0 0 0 0
 0 0 0 0 0
 0 0 0 0 0
 0.835266 0.146461 0.0176864 0.000547809 3.91292e-05
 0.385257 0.428462 0.181853 0.0044286 0
 0.867414 0.0963971 0.0333333 0.00285562 0
 0.441836 0.489002 0.0689373 0.000224442 0
 0.779404 0.147425 0.0564933 0.0165055 0.000172143
 0.814271 0.122319 0.05973 0.00367925 0
 0.40263 0.566651 0.0304383 0.000280538 0
 0.475488 0.404961 0.113038 0.00651328 0
 0.955842 0.0263864 0.0167828 0.000988607 0
 0.975058 0.0227948 0.00214734 0 0
 0.738997 0.206755 0.0527124 0.00153531 0
 0.850938 0.134255 0.0134407 0.00136685 0
 0.542534 0.407297 0.0501686 0 0
 0.764087 0.199537 0.0359546 0.000420521 0
 0.470689 0.182191 0.310203 0.0369168 0
 0.84361 0.089868 0.0606195 0.00523954 0.000663233
 0.607945 0.314616 0.071237 0.00620181 0
 0.523733 0.453247 0.0230204 0 0
 0.530135 0.295979 0.169645 0.0042399 0
 0.562478 0.366248 0.0663022 0.0049721 0
 0.250443 0.683176 0.0655157 0.000865301 0
 0.195077 0.31981 0.436473 0.0351445 0.0134964
ppred_RECLAS
 0.620019 0.255395 0.110835 0.0137453 5.36979e-06
 0.630616 0.279254 0.0625542 0.0245906 0.00298569
 0.416906 0.44423 0.107613 0.0218358 0.00941508
 0.596216 0.251554 0.118773 0.0260627 0.00739496
 0.652756 0.246167 0.0654025 0.0279722 0.00770219
 0.444674 0.408733 0.107082 0.0257707 0.0137407
 0.654596 0.203926 0.10695 0.0253806 0.00914783
 0.55967 0.336174 0.0640981 0.0304508 0.00960728
 0.634454 0.257604 0.0844478 0.0145853 0.00890891
 0.62811 0.287278 0.061418 0.018238 0.00495546
 0.442583 0.418039 0.110167 0.021335 0.00787568
 0.47761 0.326385 0.150707 0.0359762 0.00932176
 0.645691 0.232623 0.0789577 0.033025 0.00970363
 0.663678 0.277976 0.0396891 0.0122028 0.00645474
 0.728797 0.24153 0.0249625 0.00322849 0.0014825
 0.704993 0.271954 0.0207522 0.0019428 0.000358211
 0.574228 0.359627 0.0614378 0.00424669 0.000460435
 0.606233 0.289057 0.0897757 0.0138927 0.00104114
 0.575791 0.315261 0.0820936 0.0230956 0.00375847
 0.655477 0.244035 0.0766311 0.0180755 0.0057822
 0.611823 0.301472 0.0632425 0.0179891 0.00547383
 0.565025 0.311335 0.0982104 0.0186623 0.00676735
 0.638928 0.246204 0.0845837 0.0241692 0.00611572
 0.618847 0.286357 0.0667517 0.020773 0.00727099
 0.301339 0.511094 0.144522 0.0305164 0.0125294
 0.408776 0.244859 0.260291 0.066671 0.0194034
pobs_PELACES
 0 0 0 0 0
 0 0 0 0 0
 0 0 0 0 0
 0 0 0 0 0
 0 0 0 0 0
 0 0 0 0 0
 0 0 0 0 0
 0 0 0 0 0
 0 0 0 0 0
 0 0 0 0 0
 0.450072 0.473896 0.0757376 0.000293798 0
 0 0 0 0 0
 0.463077 0.371075 0.160297 0.00555027 0
 0.529543 0.364841 0.0842815 0.0213345 0
 0.631943 0.363953 0.00410389 0 0
 0.735681 0.248677 0.0153453 0.000297389 0
 0.695825 0.281241 0.0229344 0 0
 0.275771 0.60734 0.115278 0.00161068 0
 0 0 0 0 0
 0.896147 0.0623911 0.0374545 0.00400742 0
 0.803859 0.145111 0.0509908 3.86294e-05 0
 0.739449 0.233085 0.0266225 0.000797448 4.60066e-05
 0.878498 0.100942 0.0204185 0.000141795 0
 0.694673 0.275183 0.0284847 0.00165964 0
 0.469039 0.446079 0.0841089 0.000773354 0
 0.822795 0.102175 0.0682046 0.00682512 0
ppred_PELACES
 0.710593 0.202548 0.0775001 0.00935487 3.63472e-06
 0.717132 0.220613 0.0435708 0.0166713 0.00201314
 0.549292 0.353815 0.0755685 0.0149247 0.00640015
 0.670155 0.215544 0.0897283 0.0191643 0.00540802
 0.705869 0.216517 0.0507182 0.0211133 0.00578195
 0.536896 0.352497 0.0814213 0.0190726 0.010114
 0.727458 0.169545 0.0783972 0.0181086 0.00649125
 0.653926 0.272449 0.0458009 0.0211782 0.00664537
 0.72673 0.199885 0.0577726 0.00971203 0.00589996
 0.707441 0.232614 0.0438467 0.012673 0.00342464
 0.559513 0.340874 0.0792024 0.0149293 0.00548105
 0.595325 0.265173 0.107954 0.0250833 0.00646391
 0.77237 0.156265 0.0467638 0.0190379 0.0055634
 0.830843 0.142945 0.0179945 0.00538504 0.00283295
 0.874067 0.113675 0.0103584 0.00130396 0.00059551
 0.799693 0.186413 0.0125416 0.00114282 0.000209565
 0.678521 0.276696 0.0416767 0.00280394 0.000302355
 0.696311 0.230391 0.063088 0.00950249 0.000708251
 0.661736 0.259678 0.0596185 0.0163254 0.00264225
 0.735915 0.194088 0.0537352 0.0123369 0.00392498
 0.677825 0.257398 0.0476074 0.0131806 0.00398884
 0.63997 0.267062 0.0742759 0.0137378 0.0049545
 0.712815 0.203917 0.0617662 0.0171786 0.00432317
 0.691598 0.239174 0.0491557 0.0148892 0.00518317
 0.369918 0.476803 0.118872 0.0244309 0.0099762
 0.498797 0.223898 0.209846 0.0523166 0.0151429
pobs_pel_tallas
 0 0 0 0 0 0 0 0 0 0 0 0 0 0 0 0 0 0 0 0 0 0 0 0 0 0 0 0 0 0 0 0 0 0 0 0
 0 0 0 0 0 0 0 0 0 0 0 0 0 0 0 0 0 0 0 0 0 0 0 0 0 0 0 0 0 0 0 0 0 0 0 0
 0 0 0 0 0 0 0 0 0 0 0 0 0 0 0 0 0 0 0 0 0 0 0 0 0 0 0 0 0 0 0 0 0 0 0 0
 0 0 0 0 0 0 0 0 0 0 0 0 0 0 0 0 0 0 0 0 0 0 0 0 0 0 0 0 0 0 0 0 0 0 0 0
 0 0 0 0 0 0 0 0 0 0 0 0 0 0 0 0 0 0 0 0 0 0 0 0 0 0 0 0 0 0 0 0 0 0 0 0
 0 0 0 0 0 0 0 0 0 0 0 0 0 0 0 0 0 0 0 0 0 0 0 0 0 0 0 0 0 0 0 0 0 0 0 0
 0 0 0 0 0 0 0 0 0 0 0 0 0 0 0 0 0 0 0 0 0 0 0 0 0 0 0 0 0 0 0 0 0 0 0 0
 0 0 0 0 0 0 0 0 0 0 0 0 0 0 0 0 0 0 0 0 0 0 0 0 0 0 0 0 0 0 0 0 0 0 0 0
 0 0 0 0 0 0 0 0 0 0 0 0 0 0 0 0 0 0 0 0 0 0 0 0 0 0 0 0 0 0 0 0 0 0 0 0
 0 0 0 0 0 0 0 0 0 0 0 0 0 0 0 0 0 0 0 0 0 0 0 0 0 0 0 0 0 0 0 0 0 0 0 0
 0 0 0 0 0 0 0 0 1.78061e-05 0.00172719 0.00360574 0.0105946 0.0120993 0.0124554 0.0147524 0.0171206 0.0266825 0.0428682 0.0675386 0.121331 0.153587 0.119568 0.100827 0.0573624 0.0630603 0.0341343 0.0324427 0.0444173 0.0211091 0.0280891 0.0125444 0.00206551 0 0 0 0
 0 0 0 0 0 0 0 0 0 0 0 0 0 0 0 0 0 0 0 0 0 0 0 0 0 0 0 0 0 0 0 0 0 0 0 0
 0 0 0 0 0 0 0.0133647 0.0140871 0.0187388 0.0205184 0.03894 0.0496705 0.03968 0.0493445 0.0407372 0.0367815 0.0215668 0.0243155 0.0234873 0.0199281 0.019796 0.0243948 0.0301388 0.0376714 0.0412746 0.0863199 0.0771752 0.113111 0.0741005 0.0525337 0.0229764 0.00759418 0.00175318 0 0 0
 0 0 0 0 0 0 0 0 0 0 0.00219441 0.00772107 0.0458388 0.0604681 0.0671733 0.0775358 0.0609151 0.0617685 0.073594 0.0568108 0.0755445 0.0548602 0.0670107 0.0636378 0.0643287 0.046367 0.0373049 0.0286899 0.0247887 0.0153202 0.00654259 0.00121912 0.000365735 0 0 0
 0 0 0 0 0 0 0 0 0 0 0 0 0.000112435 0.00938835 0.0111873 0.0202946 0.0414886 0.0713402 0.111592 0.104902 0.108894 0.110636 0.117776 0.105296 0.107544 0.0401394 0.0192827 0.0124803 0.00416011 0.0028671 0.000618394 0 0 0 0 0
 0 0 0 0 0 0 0 0 0 0 0.00291406 0.0102884 0.027416 0.0768956 0.0749926 0.110853 0.0956884 0.0897413 0.0766577 0.0534642 0.0500743 0.0551293 0.0594112 0.0620874 0.0668451 0.0424026 0.0208742 0.0120726 0.0048766 0.00582813 0.00118941 0.000297354 0 0 0 0
 0 0.00264628 0.0354308 0.0461629 0.0458689 0.0383711 0.0214643 0.0164657 0.0346957 0.0420465 0.0363128 0.0245516 0.0311673 0.0291091 0.0169068 0.0133784 0.00837989 0.0085269 0.0148486 0.0160247 0.0276389 0.0546898 0.0760071 0.122758 0.109233 0.0665981 0.0333725 0.0166128 0.00676272 0.00308733 0.000882094 0 0 0 0 0
 0 0 0 0 0 0 0 0.000805153 0.000690131 0.00759144 0.0133425 0.0154129 0.00931677 0.000345066 0.00356568 0.00563607 0.00851162 0.0253048 0.0502646 0.0516448 0.0657925 0.0565908 0.0611916 0.0827007 0.0866115 0.110766 0.145733 0.0935128 0.0569358 0.0249597 0.0138026 0.00621118 0.00161031 0.00115022 0 0
 0 0 0 0 0 0 0 0 0 0 0 0 0 0 0 0 0 0 0 0 0 0 0 0 0 0 0 0 0 0 0 0 0 0 0 0
 0.00147267 0.00158595 0.00478618 0.00569244 0.00954404 0.0108468 0.00647125 0.017049 0.0510054 0.094081 0.124002 0.0959785 0.0687766 0.0820023 0.061753 0.0591476 0.0492212 0.0479892 0.0443925 0.0268479 0.0217502 0.0140895 0.0121071 0.0120363 0.00920419 0.00665534 0.0049561 0.00860946 0.00930331 0.0156896 0.0114698 0.00855282 0.00243557 0.00046729 0 2.83206e-05
 0 0 0 0 0.000772559 0.00158375 0.000888443 0.00281984 0.00712685 0.0440552 0.0773331 0.111326 0.0921469 0.0852325 0.0710754 0.0886704 0.0786465 0.0553345 0.0373146 0.0185414 0.00753245 0.00457741 0.012979 0.0271748 0.0457355 0.0583668 0.034881 0.0177882 0.00938659 0.00492506 0.0015258 0.00185414 0.000309023 5.79419e-05 3.86279e-05 0
 0 0.00173294 0.00326652 0 0.00397197 0.00683976 0.00946217 0.0152591 0.00757587 0.0136028 0.0228656 0.0392903 0.0559909 0.0764795 0.0681675 0.0726916 0.0566044 0.0477403 0.0527397 0.0444891 0.0609904 0.0582453 0.0661739 0.0445044 0.0529084 0.0360697 0.0280645 0.0235558 0.0158879 0.00826598 0.00280645 0.00217768 0.000904811 0.00058276 9.20147e-05 0
 0 0 0 0 0 0 0 0 0 0 0 0 0 0 0 0 0 0 0 0 0 0 0 0 0 0 0 0 0 0 0 0 0 0 0 0
 0 0 0 0 0 0 0 0 0 0 0 0 0 0 0 0 0 0 0 0 0 0 0 0 0 0 0 0 0 0 0 0 0 0 0 0
 0 0 0 0 0 0 0 0 0 0 0 0 0 0 0 0 0 0 0 0 0 0 0 0 0 0 0 0 0 0 0 0 0 0 0 0
 0 0 0 0 0 0 0 0 0 0 0 0 0 0 0 0 0 0 0 0 0 0 0 0 0 0 0 0 0 0 0 0 0 0 0 0
ppred_pel_tallas
 1.01488e-16 3.10062e-05 0.000181976 0.000865021 0.00333036 0.0103854 0.0262327 0.053676 0.0889751 0.119495 0.130044 0.114732 0.0821806 0.0480657 0.0235231 0.0106974 0.00622537 0.00613788 0.00799508 0.0107039 0.0137767 0.0168728 0.0196569 0.0218112 0.0230934 0.0233881 0.022727 0.021271 0.019261 0.0169578 0.014589 0.0123185 0.0102407 0.00839346 0.00677933 0.00538528
 1.01358e-16 3.1292e-05 0.000183652 0.000872986 0.00336102 0.010481 0.0264743 0.0541703 0.0897949 0.120597 0.131247 0.1158 0.0829607 0.0485523 0.0238168 0.0109227 0.0064781 0.00647658 0.00844915 0.0112787 0.0144519 0.017599 0.0203564 0.0223854 0.0234377 0.023411 0.0223697 0.0205206 0.0181555 0.0155798 0.0130511 0.0107435 0.00874229 0.00706083 0.00566876 0.00451878
 1.02e-16 2.39788e-05 0.000140705 0.000668783 0.00257474 0.008029 0.0202809 0.0414992 0.0687964 0.0924126 0.100618 0.0888833 0.063911 0.0378749 0.019458 0.0104058 0.00820446 0.00984507 0.0134442 0.0180746 0.0231787 0.0282258 0.0326426 0.0358859 0.0375562 0.0374878 0.0357832 0.0327743 0.0289308 0.024746 0.0206374 0.0168894 0.0136437 0.0109257 0.00868898 0.0068577
 1.02256e-16 2.92435e-05 0.000171626 0.000815812 0.00314089 0.00979454 0.0247403 0.0506225 0.0839143 0.112701 0.122657 0.10823 0.0775571 0.04543 0.0223616 0.0103876 0.00635001 0.00651742 0.00859451 0.0115464 0.0148968 0.0182969 0.0213943 0.0238519 0.0254094 0.0259375 0.0254597 0.024133 0.0221977 0.019915 0.0175126 0.0151542 0.0129356 0.0108981 0.0090518 0.00739471
 1.01787e-16 3.08007e-05 0.000180768 0.000859277 0.00330824 0.0103164 0.0260585 0.0533196 0.0883848 0.118703 0.129186 0.113982 0.0816595 0.0477931 0.0234491 0.0107628 0.00639729 0.00641122 0.00837743 0.0112001 0.014378 0.0175514 0.0203652 0.0224867 0.0236697 0.0238077 0.022955 0.0213031 0.0191259 0.0167109 0.014301 0.0120607 0.010072 0.00835085 0.0068746 0.00560699
 1.02399e-16 2.34382e-05 0.000137532 0.000653696 0.00251665 0.00784785 0.0198233 0.040563 0.0672446 0.0903288 0.0983514 0.0868854 0.0624844 0.0370496 0.0190713 0.0102599 0.00816257 0.00984272 0.0134621 0.018115 0.0232532 0.028352 0.0328422 0.0361827 0.0379733 0.0380443 0.0364905 0.0336331 0.0299297 0.025861 0.0218344 0.0181274 0.014879 0.0121164 0.00979873 0.00785887
 1.02094e-16 3.17402e-05 0.000186288 0.000885529 0.00340933 0.0106317 0.0268548 0.0549485 0.0910834 0.122323 0.133113 0.117419 0.0840598 0.0490734 0.0238462 0.0105582 0.00575133 0.00535342 0.00686928 0.00919943 0.0118833 0.0146279 0.0171534 0.0191937 0.020541 0.0210882 0.020846 0.0199281 0.0185134 0.0167978 0.0149531 0.0131041 0.0113259 0.00965494 0.00810583 0.00668597
 1.01778e-16 2.8538e-05 0.000167479 0.000796087 0.00306492 0.00955763 0.024142 0.0493986 0.0818874 0.109984 0.119713 0.105664 0.0757888 0.0445347 0.022181 0.010737 0.00714151 0.00776316 0.0103525 0.0138623 0.0177604 0.0216144 0.0249804 0.0274426 0.028698 0.0286247 0.0273074 0.0250065 0.0220863 0.0189261 0.0158433 0.0130497 0.0106451 0.00863905 0.00698708 0.00562468
 1.01495e-16 3.17097e-05 0.000186107 0.000884658 0.00340597 0.0106212 0.0268283 0.0548945 0.0909948 0.122207 0.132993 0.117328 0.0840283 0.0491223 0.0239948 0.010834 0.0061946 0.0060119 0.00778673 0.0104003 0.013357 0.0163167 0.0189485 0.0209427 0.0220678 0.0222206 0.0214462 0.0199168 0.0178826 0.0156091 0.0133233 0.0111828 0.00927054 0.00760953 0.00618611 0.00497205
 1.01294e-16 3.08699e-05 0.000181173 0.000861198 0.00331563 0.0103395 0.0261167 0.0534389 0.0885829 0.118971 0.12948 0.11425 0.0818684 0.0479498 0.0235899 0.0109339 0.00664227 0.00676654 0.00887069 0.0118458 0.0151706 0.0184597 0.0213297 0.0234235 0.0244805 0.0243948 0.0232376 0.0212309 0.018687 0.0159325 0.0132425 0.0108031 0.0087046 0.00695998 0.0055344 0.00437404
 1.02005e-16 2.4424e-05 0.00014332 0.000681217 0.00262262 0.0081783 0.020658 0.0422707 0.0700748 0.0941281 0.102481 0.0905184 0.0650631 0.0385102 0.0196972 0.0103939 0.00803149 0.00954011 0.0130018 0.0174813 0.0224293 0.0273322 0.0316375 0.0348206 0.0364941 0.0364944 0.0349151 0.0320704 0.0284072 0.0243964 0.0204377 0.0168053 0.0136378 0.010964 0.00874472 0.00691282
 1.02783e-16 2.59826e-05 0.000152477 0.000724766 0.00279032 0.00870129 0.0219789 0.0449728 0.0745515 0.100133 0.108997 0.0962206 0.0690469 0.0406379 0.0203623 0.0100642 0.00697371 0.00780311 0.0105201 0.0141808 0.0183009 0.0224748 0.0262738 0.0292843 0.0311869 0.0318239 0.0312256 0.0295864 0.0272033 0.024398 0.0214506 0.0185619 0.0158482 0.0133588 0.0111042 0.00908073
 1.01629e-16 3.3698e-05 0.000197784 0.000940182 0.00361977 0.0112879 0.0285123 0.0583399 0.0967042 0.129869 0.141318 0.12464 0.0891948 0.0520004 0.0251353 0.0109 0.00560765 0.00492103 0.00618284 0.00822729 0.0105794 0.0129546 0.015093 0.0167529 0.0177526 0.0180083 0.0175493 0.0165021 0.0150521 0.0133956 0.0116997 0.0100794 0.00859439 0.00726188 0.00607455 0.00501738
 1.0062e-16 3.62471e-05 0.00021275 0.00101134 0.00389374 0.0121423 0.0306704 0.0627553 0.104022 0.139694 0.152002 0.134047 0.0958888 0.0558272 0.0268422 0.0113931 0.00549736 0.00447412 0.00545525 0.00718669 0.00917013 0.0111254 0.0128087 0.0140008 0.0145448 0.0143816 0.0135628 0.0122337 0.0105954 0.008856 0.00718956 0.00571174 0.00447569 0.00348364 0.00270617 0.00210119
 1.00257e-16 3.81307e-05 0.000223811 0.00106393 0.00409624 0.0127738 0.0322655 0.0660187 0.109431 0.146954 0.159892 0.140983 0.100804 0.058594 0.0279948 0.0115763 0.00513171 0.00372399 0.00433346 0.005654 0.0071928 0.0087031 0.00998592 0.0108663 0.011221 0.0110058 0.0102664 0.00912449 0.00774632 0.00630381 0.00494064 0.00375215 0.00278163 0.00202938 0.00146833 0.00105971
 1.00288e-16 3.48906e-05 0.000204782 0.000973449 0.00374784 0.0116873 0.0295212 0.0604043 0.100127 0.134467 0.146326 0.129068 0.0923857 0.053906 0.0261397 0.011474 0.00609514 0.00550953 0.00695381 0.00919661 0.0117096 0.0141532 0.0162129 0.017604 0.0181262 0.01771 0.0164345 0.0145039 0.0121959 0.00979703 0.00754589 0.00560032 0.00403073 0.00283519 0.00196549 0.00135346
 1.00793e-16 2.96106e-05 0.000173776 0.000826023 0.00318018 0.00991706 0.0250498 0.0512562 0.0849665 0.114118 0.124212 0.10963 0.0786231 0.0461793 0.0229608 0.0110479 0.00725856 0.00781935 0.010391 0.0138834 0.0177432 0.0215236 0.0247684 0.0270531 0.0280714 0.0277064 0.0260563 0.0234034 0.0201393 0.0166721 0.0133463 0.0103943 0.00792795 0.005959 0.00443538 0.00327709
 1.01331e-16 3.03845e-05 0.000178324 0.000847651 0.00326347 0.0101768 0.0257059 0.0525982 0.0871895 0.1171 0.127445 0.112455 0.0805872 0.0472086 0.0232427 0.0108036 0.00660705 0.00677044 0.00889967 0.0119064 0.0152796 0.0186398 0.0216068 0.0238232 0.0250232 0.0250906 0.0240822 0.0222032 0.0197498 0.0170362 0.0143319 0.0118242 0.00961236 0.00772314 0.00613827 0.00482005
 1.01616e-16 2.88781e-05 0.000169477 0.000805587 0.0031015 0.0096717 0.0244301 0.049988 0.082864 0.111294 0.121136 0.106912 0.0766652 0.045013 0.0223515 0.0107079 0.0069789 0.00748681 0.00995718 0.0133391 0.0171102 0.0208553 0.0241495 0.0265929 0.0278904 0.027917 0.0267431 0.0246064 0.0218455 0.0188165 0.0158218 0.0130679 0.0106592 0.00861709 0.00691221 0.00549479
 1.01434e-16 3.211e-05 0.000188457 0.000895834 0.003449 0.0107554 0.0271672 0.055588 0.092144 0.123749 0.13467 0.118802 0.0850732 0.0497112 0.0242413 0.0108756 0.00612095 0.00585821 0.00755579 0.0100835 0.0129464 0.0158108 0.0183552 0.0202789 0.021358 0.0214933 0.0207296 0.0192355 0.017255 0.0150463 0.0128301 0.0107588 0.00891226 0.00731148 0.00594202 0.00477535
 1.014e-16 2.95795e-05 0.000173595 0.000825166 0.00317689 0.0099068 0.0250239 0.051203 0.0848777 0.113998 0.124076 0.109501 0.0785091 0.0460696 0.0228275 0.010854 0.00696449 0.00738676 0.00978775 0.0130911 0.0167664 0.0203976 0.0235625 0.0258664 0.0270212 0.0269105 0.0256139 0.0233786 0.0205513 0.0174943 0.0145133 0.0118143 0.00949745 0.00757637 0.00601164 0.00474251
 1.01845e-16 2.79293e-05 0.000163906 0.0007791 0.00299952 0.00935368 0.0236268 0.0483445 0.08014 0.107637 0.11716 0.103413 0.0741782 0.0435975 0.021732 0.0105508 0.00706187 0.00771598 0.010317 0.0138454 0.0177848 0.0217143 0.0251979 0.0278225 0.02928 0.0294343 0.0283481 0.0262552 0.0234935 0.0204212 0.0173446 0.0144759 0.0119267 0.00972692 0.00785624 0.00627415
 1.01736e-16 3.11031e-05 0.000182545 0.000867725 0.00334077 0.0104179 0.0263147 0.0538438 0.0892533 0.119869 0.130451 0.11509 0.0824366 0.048214 0.0235927 0.0107235 0.00623137 0.00613354 0.00798066 0.0106743 0.0137234 0.0167856 0.019525 0.0216258 0.0228505 0.023091 0.0223885 0.0209129 0.0189128 0.0166523 0.0143576 0.0121857 0.0102204 0.00848653 0.00697405 0.00565984
 1.0153e-16 3.01793e-05 0.000177118 0.00084192 0.0032414 0.010108 0.025532 0.0522426 0.0866003 0.116309 0.126586 0.111703 0.0800596 0.0469223 0.0231437 0.0108274 0.00671453 0.00695013 0.00915457 0.0122408 0.0156904 0.0191123 0.0221136 0.0243274 0.025484 0.0254718 0.0243595 0.0223703 0.0198192 0.0170365 0.0143007 0.0118004 0.00962809 0.00779873 0.00628009 0.00502168
 1.03149e-16 1.61624e-05 9.48043e-05 0.00045054 0.00173441 0.00540841 0.0136617 0.0279567 0.0463534 0.0622877 0.0678771 0.0601002 0.0435187 0.0264011 0.0146891 0.00966969 0.00976099 0.0130182 0.0181874 0.0245573 0.0315458 0.0384803 0.0445971 0.0491632 0.0516338 0.0517745 0.0497079 0.0458632 0.0408548 0.035331 0.0298432 0.0247703 0.0203062 0.0164947 0.0132883 0.0106024
 1.05557e-16 2.1772e-05 0.000127761 0.000607269 0.00233794 0.00729057 0.0184155 0.0376816 0.0624654 0.0839013 0.091333 0.0806379 0.0578889 0.0341204 0.0171926 0.00866586 0.00624097 0.00719081 0.00984571 0.0134509 0.0176344 0.0220821 0.0264432 0.0303552 0.0335036 0.0356768 0.0367921 0.0368863 0.0360795 0.0345294 0.0323926 0.0298063 0.0268885 0.023749 0.0205009 0.0172639
pSPR Fmed_Fpbrs
0.441723   0.6 0.325
Fs Fmed_Fpbrs
0.68   0.359352 1.13547
SSBpbr Bo_Bmed_Bpbrs
957687  375148  526728 263364
Ro
32859.6
SPR SPRFo_SPRFmed_SPRFpbrs
678694 299795 220576
log_Ro
10.22
likeval ReclasPelacesDesembMPH_pf_preclas_ppelaces_ptallas_desvR_qrecl_qpela
 66.2586 14.6313 0.0131914 0.000469331 329.977 204.51 84.5631 0 16.9129 1.67765e-07 9.0476e-05 8.04606e-16 0 0 0
q_reclas_q_pelaces
0.943611 3.87
M
0.7
N
 35639.9 12027.8 4602.15 555.516 0.215839
 44814.8 16163.2 3192.21 1221.42 147.493
 19008 20365 4349.59 859.039 368.382
 26941.6 8042.82 3348.12 715.099 201.795
 53089.4 12840.6 3007.85 1252.13 342.899
 36444.7 26158.7 6042.25 1415.37 750.556
 74075.7 16799.3 7767.92 1794.27 643.18
 71306.2 34966.5 5878.14 2718.03 852.875
 94240 32377.6 9358.07 1573.17 955.681
 119534 42274.8 7968.6 2303.16 622.386
 64217.5 55282.6 12844.9 2421.21 888.909
 45825.7 28091.5 11436.3 2657.23 684.763
 49760.1 20154.3 6031.38 2455.43 717.542
 26807.6 20273.7 2552.15 763.756 401.794
 14506.7 9302.97 847.709 106.713 48.7353
 12671.2 4917.57 330.847 30.1476 5.52831
 9526.92 5360.53 807.417 54.3218 5.85762
 10765.6 4187.76 1146.74 172.725 12.8737
 11494.8 4889.38 1122.54 307.385 49.7499
 18030 5307.83 1469.53 337.384 107.339
 24132.4 8275.77 1530.66 423.779 128.248
 29374 11566.2 3216.81 594.97 214.574
 49162.8 13952.9 4226.33 1175.44 295.811
 68514.4 23115 4750.68 1438.98 500.93
 26809.3 32324.3 8058.78 1656.27 676.325
 29329.1 12757.2 11956.5 2980.89 862.81
pred_Ctot
 2234.74 4173.04 1596.71 192.736 0.0748852
 2750.3 5513.76 1088.96 416.665 50.3143
 2040.87 10419.1 2225.32 439.498 188.47
 781.352 1451.56 604.268 129.061 36.4199
 296.615 485.476 113.721 47.3405 12.9643
 1888.81 7788.1 1798.93 421.392 223.459
 2641.27 3641.03 1683.6 388.886 139.401
 4413.81 12009.1 2018.83 933.499 292.917
 6589.45 12221.5 3532.38 593.821 360.74
 5927.26 12136.2 2287.62 661.189 178.674
 5540.71 24367.3 5661.76 1067.21 391.811
 3794.81 12022.9 4894.64 1137.27 293.073
 6498.54 11639.6 3483.27 1418.07 414.398
 5926.93 15142.5 1906.21 570.451 300.101
 3384.25 7089.73 646.033 81.3254 37.1408
 1362 2517.72 169.388 15.435 2.8304
 792.176 2301.09 346.596 23.3185 2.51448
 664.753 1435.5 393.084 59.2074 4.41292
 582.218 1428.47 327.957 89.8045 14.5348
 985.87 1650.87 457.061 104.935 33.3851
 606.058 1311.35 242.543 67.1505 20.3217
 920.222 2236.4 621.992 115.042 41.4893
 1886.41 3223.43 976.375 271.552 68.3389
 2467.71 5054.21 1038.76 314.639 109.531
 807.073 6032.06 1503.85 309.077 126.209
 1028.67 2725.36 2554.31 636.815 184.324
F
 0.0907274 0.626508 0.626508 0.626508 0.626508
 0.0887214 0.612655 0.612655 0.612655 0.612655
 0.160081 1.10542 1.10542 1.10542 1.10542
 0.0410629 0.283555 0.283555 0.283555 0.283555
 0.00779568 0.0538321 0.0538321 0.0538321 0.0538321
 0.0744606 0.514179 0.514179 0.514179 0.514179
 0.0506988 0.350095 0.350095 0.350095 0.350095
 0.0895171 0.61815 0.61815 0.61815 0.61815
 0.101654 0.701958 0.701958 0.701958 0.701958
 0.0711389 0.491241 0.491241 0.491241 0.491241
 0.126809 0.875667 0.875667 0.875667 0.875667
 0.121426 0.83849 0.83849 0.83849 0.83849
 0.197887 1.36648 1.36648 1.36648 1.36648
 0.35835 2.47455 2.47455 2.47455 2.47455
 0.381794 2.63643 2.63643 2.63643 2.63643
 0.160271 1.10673 1.10673 1.10673 1.10673
 0.121954 0.842141 0.842141 0.842141 0.842141
 0.0892892 0.616576 0.616576 0.616576 0.616576
 0.072715 0.502125 0.502125 0.502125 0.502125
 0.0787045 0.543485 0.543485 0.543485 0.543485
 0.0354711 0.244942 0.244942 0.244942 0.244942
 0.0444218 0.30675 0.30675 0.30675 0.30675
 0.054653 0.3774 0.3774 0.3774 0.3774
 0.0512241 0.353722 0.353722 0.353722 0.353722
 0.0426537 0.29454 0.29454 0.29454 0.29454
 0.0498515 0.344244 0.344244 0.344244 0.344244
Np
 21393.6 10085 4803.65 1556.6 1964.67
YTP_r0W_actual
 9258.02 69224 90167.1 26364.1 8294.59
YTP_p0W_proyectada
 6416.73 66328.7 31245.1 37397.9 13988.3
 6416.73 48276.7 33427.7 13833.3 19375.6
CTP_r0_actual
 1028.67 2725.36 2554.31 636.815 184.324
CTP_p0_proyectada
 782.528 3070.77 995.067 932.615 314.344
 782.528 2235.03 1064.58 344.97 435.408
Wmedp
 8.2 21.6 31.4 40.1 44.5
nmprior
 10.6 11 7 0
nm_flota  nm_reclas  nm_pelaces    nm_pelaL
inf 21.556 14.7903 43.4478
cv_recla  cv_pelaces  cv_mph
0.720101 0.419017 0.589621
 ------------------------------------------------
Talla a la edad & desviaci?n 
 7.2 14.2025 17.0495 18.207 18.6776
 1.08 2.13037 2.55742 2.73105 2.80164
