years
 1997 1998 1999 2000 2001 2002 2003 2004 2005 2006 2007 2008 2009 2010 2011 2012 2013 2014 2015 2016 2017 2018 2019 2020 2021 2022
reclasobs
 0 0 0 370054 412103 1.49427e+06 250295 1.28982e+06 931140 785840 897777 1.04006e+06 184774 17550 25797 100020 73551 82996 120727 218422 84188 347160 605670 569463 516374 1.08416e+06
reclaspred
 452907 131714 436964 313406 425802 501834 1.07782e+06 687821 722570 619070 475777 316793 193368 88763.4 62872.4 65937.7 85236.4 118725 127412 182355 259678 235393 412544 571409 702349 674094
pelacesobs
 0 0 0 0 0 0 0 0 0 2.06254e+06 1.5e+06 0 1.87456e+06 323000 250000 174000 83755 137374 0 501740 490994 745055 786931 1.00524e+06 1.33801e+06 1.41789e+06
pelacespred
 1.82796e+06 462557 936764 1.02476e+06 1.18274e+06 1.173e+06 2.79045e+06 2.27917e+06 2.0849e+06 1.81272e+06 1.24731e+06 853933 514728 194862 136801 154311 208922 295702 326653 455103 720910 638880 914455 1.41608e+06 1.74346e+06 1.84519e+06
mphobs
 0 0 0 0 0 112323 0 153150 637223 0 255016 313432 73983 77613 109348 50772 17779 17303 59886 28197 0 207744 136588 643089 65757 0
mphpred
 131554 88217.3 115174 152676 150131 218722 327700 375310 306744 291004 256985 177007 108542 56602.9 27075.9 23838.3 30052.4 42727.8 54055.6 62879.4 93214.3 108731 136503 198397 298354 321731
desembarqueobs
 350755 77701 442110 56441 14545 235359 269955 359681 431902 328805 639364 411747 362871 311530 167758 66681 60226 58785 57116 73181 50977 67692 138656 160484 209506 203330
desembarquepred
 350767 77705.3 442161 56443.2 14545.1 235401 269987 359717 431986 328871 639742 412084 363332 312090 167829 66697.7 60249.1 58788.9 57114.5 73184.7 50978.8 67689.5 138663 160493 209505 203329
Reclutas
 66532.9 82723.1 52506.9 76526.7 126191 94811.8 142128 124600 140114 132539 66601.3 41443.1 42372.4 23735.9 18220.3 22534.1 18711.9 21309.7 24507.8 42151.1 52152 66954.8 113099 159647 70753.7 88627.5
log_desv_Rt
 0.105452 0.323255 -0.1313 0.245395 0.745553 0.459649 0.864481 0.73286 0.850209 0.794634 0.10648 -0.367923 -0.345748 -0.925256 -1.18971 -0.977214 -1.16308 -1.03308 -0.893253 -0.350985 -0.138082 0.111773 0.636017 0.980722 0.16696 0.392198
SSB
 792812 531641 694094 920102 904763 1.31813e+06 1.97488e+06 2.2618e+06 1.84859e+06 1.75373e+06 1.54872e+06 1.06673e+06 654126 341117 163173 143661 181111 257499 325766 378943 561756 655264 822632 1.19564e+06 1.79803e+06 1.93891e+06
BT
 2.74627e+06 750848 1.49666e+06 1.43329e+06 1.59616e+06 1.75897e+06 3.92286e+06 3.46639e+06 3.19151e+06 2.75005e+06 2.25669e+06 1.52671e+06 1.0472e+06 560760 325614 261781 329153 443328 486909 669609 1.008e+06 920081 1.32207e+06 2.0282e+06 2.49804e+06 2.65062e+06
Ftot
 0.380631 0.281288 0.385585 0.0717593 0.0152808 0.158809 0.0997864 0.20313 0.23848 0.203534 0.44612 0.421696 0.670217 1.19736 1.13413 0.439346 0.303156 0.201349 0.167564 0.172362 0.0810612 0.108006 0.128869 0.119098 0.0995526 0.101734
BD_Bspro_t
 0.954825 0.793011 0.768007 0.670667 0.77091 0.866084 0.840076 0.842671 0.790256 0.747072 0.702247 0.54817 0.433153 0.318414 0.200965 0.215776 0.331066 0.498478 0.612266 0.69724 0.788801 0.850805 0.856401 0.863194 0.875562 0.850204
BD_Bspro
 0.641091 0.429901 0.561264 0.744021 0.731617 1.06587 1.59695 1.82896 1.49483 1.41812 1.25234 0.86259 0.528945 0.275837 0.131946 0.116169 0.146451 0.208221 0.263424 0.306424 0.454252 0.529865 0.665204 0.966828 1.45394 1.56786
BD_Bo
 0.312346 0.209452 0.273454 0.362495 0.356452 0.519306 0.77805 0.89109 0.728296 0.690924 0.610155 0.420264 0.257708 0.134391 0.0642856 0.0565987 0.0713528 0.101448 0.128343 0.149293 0.221317 0.258156 0.324095 0.471049 0.708374 0.763879
BD_Brms
 0.567903 0.380822 0.497189 0.659082 0.648095 0.944193 1.41464 1.62016 1.32417 1.25622 1.10937 0.764115 0.46856 0.244347 0.116883 0.102907 0.129732 0.18445 0.233351 0.271442 0.402394 0.469375 0.589264 0.856454 1.28795 1.38887
S_f
 0.190304 1 1 1 1
 0.190304 1 1 1 1
 0.190304 1 1 1 1
 0.190304 1 1 1 1
 0.190304 1 1 1 1
 0.190304 1 1 1 1
 0.190304 1 1 1 1
 0.190304 1 1 1 1
 0.190304 1 1 1 1
 0.190304 1 1 1 1
 0.190304 1 1 1 1
 0.190304 1 1 1 1
 0.190304 1 1 1 1
 0.190304 1 1 1 1
 0.190304 1 1 1 1
 0.190304 1 1 1 1
 0.190304 1 1 1 1
 0.190304 1 1 1 1
 0.190304 1 1 1 1
 0.190304 1 1 1 1
 0.190304 1 1 1 1
 0.190304 1 1 1 1
 0.190304 1 1 1 1
 0.190304 1 1 1 1
 0.190304 1 1 1 1
 0.190304 1 1 1 1
Scru_reclas
 1 1 1 1 1
 1 1 1 1 1
 1 1 1 1 1
 1 1 1 1 1
 1 1 1 1 1
 1 1 1 1 1
 1 1 1 1 1
 1 1 1 1 1
 1 1 1 1 1
 1 1 1 1 1
 1 1 1 1 1
 1 1 1 1 1
 1 1 1 1 1
 1 1 1 1 1
 1 1 1 1 1
 1 1 1 1 1
 1 1 1 1 1
 1 1 1 1 1
 1 1 1 1 1
 1 1 1 1 1
 1 1 1 1 1
 1 1 1 1 1
 1 1 1 1 1
 1 1 1 1 1
 1 1 1 1 1
 1 1 1 1 1
Scru_pelaces
 1 1 1 1 1
 1 1 1 1 1
 1 1 1 1 1
 1 1 1 1 1
 1 1 1 1 1
 1 1 1 1 1
 1 1 1 1 1
 1 1 1 1 1
 1 1 1 1 1
 1 1 1 1 1
 1 1 1 1 1
 1 1 1 1 1
 1 1 1 1 1
 1 1 1 1 1
 1 1 1 1 1
 1 1 1 1 1
 1 1 1 1 1
 1 1 1 1 1
 1 1 1 1 1
 1 1 1 1 1
 1 1 1 1 1
 1 1 1 1 1
 1 1 1 1 1
 1 1 1 1 1
 1 1 1 1 1
 1 1 1 1 1
pf_obs 
 0.256992 0.487395 0.22802 0.0275931 0
 0.321318 0.546541 0.124235 0.00734118 0.000564706
 0.182869 0.594174 0.210203 0.0122559 0.00049798
 0.330522 0.361315 0.267642 0.0388342 0.00168674
 0.649043 0.306663 0.0425973 0.00169635 0
 0.582887 0.30429 0.105238 0.00758474 0
 0.465427 0.430635 0.0974691 0.00646863 0
 0.296916 0.608066 0.0921331 0.00288517 0
 0.311714 0.524322 0.152257 0.0117073 0
 0.15457 0.633149 0.183074 0.0267441 0.00246327
 0.131901 0.49318 0.331252 0.0422183 0.00144891
 0.196976 0.569456 0.194076 0.0375587 0.00193317
 0.518974 0.381816 0.0799577 0.0180837 0.00116848
 0.0928022 0.601141 0.25162 0.0475244 0.00691264
 0.122501 0.610282 0.24278 0.0234846 0.000952079
 0.383417 0.481906 0.127806 0.00687128 0
 0.0376549 0.599619 0.316969 0.0457579 0
 0.0361596 0.667082 0.258105 0.0386534 0
 0.158088 0.579412 0.248529 0.0139706 0
 0.0477256 0.309471 0.559284 0.082774 0.000745712
 0.0406174 0.521527 0.379366 0.0568643 0.0016247
 0.151134 0.462217 0.34131 0.0453401 0
 0.294876 0.26143 0.354403 0.0886775 0.000613685
 0.281977 0.475581 0.204845 0.0348837 0.00271318
 0.0841818 0.532909 0.334909 0.0458182 0.00218182
 0.115287 0.27431 0.454777 0.147771 0.00785563
pf_pred 
 0.377127 0.440109 0.163503 0.0192508 1.02783e-05
 0.308978 0.54705 0.101728 0.0377924 0.00445205
 0.175755 0.600028 0.177502 0.0330077 0.0137071
 0.261032 0.423355 0.229758 0.0679677 0.0178877
 0.297439 0.461769 0.13795 0.0748664 0.0279759
 0.174316 0.570851 0.167493 0.0500371 0.037303
 0.250204 0.407898 0.236377 0.0693551 0.0361656
 0.192222 0.522852 0.155004 0.0898245 0.0400984
 0.21974 0.451425 0.212846 0.0630997 0.0528898
 0.202388 0.496834 0.174017 0.0820487 0.0447122
 0.121625 0.521907 0.222045 0.0777718 0.0566519
 0.124164 0.414122 0.274338 0.116717 0.0706592
 0.201507 0.379883 0.197932 0.131121 0.0895572
 0.186463 0.525681 0.136948 0.0713543 0.0795544
 0.265928 0.503471 0.149006 0.0388183 0.0427756
 0.344521 0.504291 0.103694 0.030689 0.0168049
 0.22887 0.595612 0.135034 0.0277662 0.0127175
 0.241626 0.48703 0.209583 0.0475157 0.0142454
 0.23925 0.492552 0.172238 0.0741189 0.0218417
 0.316616 0.437956 0.158903 0.055566 0.0309581
 0.267682 0.53084 0.12912 0.0468486 0.0255094
 0.256872 0.49483 0.179985 0.0437792 0.0245335
 0.312115 0.451339 0.15751 0.0572912 0.0217446
 0.292964 0.506674 0.131463 0.0458783 0.023021
 0.111439 0.619214 0.193019 0.0500812 0.0262474
 0.171495 0.338149 0.341715 0.106518 0.0421222
pobs_RECLAS
 0 0 0 0 0
 0 0 0 0 0
 0 0 0 0 0
 0 0 0 0 0
 0.835266 0.146461 0.0176864 0.000547809 3.91292e-05
 0.385257 0.428462 0.181853 0.0044286 0
 0.867414 0.0963971 0.0333333 0.00285562 0
 0.441836 0.489002 0.0689373 0.000224442 0
 0.779404 0.147425 0.0564933 0.0165055 0.000172143
 0.814271 0.122319 0.05973 0.00367925 0
 0.40263 0.566651 0.0304383 0.000280538 0
 0.475488 0.404961 0.113038 0.00651328 0
 0.955842 0.0263864 0.0167828 0.000988607 0
 0.975058 0.0227948 0.00214734 0 0
 0.738997 0.206755 0.0527124 0.00153531 0
 0.850938 0.134255 0.0134407 0.00136685 0
 0.542534 0.407297 0.0501686 0 0
 0.764087 0.199537 0.0359546 0.000420521 0
 0.470689 0.182191 0.310203 0.0369168 0
 0.84361 0.089868 0.0606195 0.00523954 0.000663233
 0.607945 0.314616 0.071237 0.00620181 0
 0.523733 0.453247 0.0230204 0 0
 0.530135 0.295979 0.169645 0.0042399 0
 0.562478 0.366248 0.0663022 0.0049721 0
 0.250443 0.683176 0.0655157 0.000865301 0
 0.195077 0.31981 0.436473 0.0351445 0.0134964
ppred_RECLAS
 0.765096 0.165978 0.0616619 0.00726007 3.87626e-06
 0.704847 0.233659 0.0434505 0.0161421 0.00190158
 0.534343 0.338986 0.10028 0.0186477 0.00774382
 0.650691 0.200119 0.108606 0.0321282 0.00845546
 0.690046 0.203722 0.0608603 0.0330294 0.0123423
 0.528024 0.326309 0.095742 0.0286021 0.0213231
 0.637994 0.196936 0.114124 0.033485 0.017461
 0.558387 0.285844 0.0847406 0.0491071 0.0219219
 0.599969 0.231441 0.109124 0.0323506 0.027116
 0.57416 0.265257 0.0929069 0.0438053 0.0238715
 0.428152 0.339777 0.144558 0.0506317 0.036882
 0.433447 0.267883 0.177461 0.0755007 0.0457073
 0.581978 0.198874 0.10362 0.0686437 0.0468845
 0.573487 0.275599 0.0717975 0.0374089 0.041708
 0.678193 0.220715 0.0653223 0.0170174 0.0187523
 0.739617 0.200325 0.0411915 0.0121909 0.00667561
 0.613537 0.2985 0.0676744 0.0139154 0.00637356
 0.628633 0.238493 0.10263 0.0232679 0.00697579
 0.625107 0.242727 0.0848778 0.0365254 0.0107635
 0.710744 0.185374 0.0672591 0.0235194 0.0131036
 0.658534 0.247521 0.0602063 0.0218446 0.0118946
 0.646195 0.23559 0.0856915 0.0208434 0.0116805
 0.705903 0.192965 0.0673413 0.0244942 0.00929666
 0.686591 0.224594 0.0582737 0.0203365 0.0102045
 0.398446 0.419207 0.130674 0.0339049 0.0177694
 0.522294 0.194973 0.197029 0.0614171 0.0242872
pobs_PELACES
 0 0 0 0 0
 0 0 0 0 0
 0 0 0 0 0
 0 0 0 0 0
 0 0 0 0 0
 0 0 0 0 0
 0 0 0 0 0
 0 0 0 0 0
 0 0 0 0 0
 0 0 0 0 0
 0.450072 0.473896 0.0757376 0.000293798 0
 0 0 0 0 0
 0.463077 0.371075 0.160297 0.00555027 0
 0.529543 0.364841 0.0842815 0.0213345 0
 0.631943 0.363953 0.00410389 0 0
 0.735681 0.248677 0.0153453 0.000297389 0
 0.695825 0.281241 0.0229344 0 0
 0.275771 0.60734 0.115278 0.00161068 0
 0 0 0 0 0
 0.896147 0.0623911 0.0374545 0.00400742 0
 0.803859 0.145111 0.0509908 3.86294e-05 0
 0.739449 0.233085 0.0266225 0.000797448 4.60066e-05
 0.878498 0.100942 0.0204185 0.000141795 0
 0.694673 0.275183 0.0284847 0.00165964 0
 0.469039 0.446079 0.0841089 0.000773354 0
 0.822795 0.102175 0.0682046 0.00682512 0
ppred_PELACES
 0.78288 0.153413 0.0569936 0.00671043 3.5828e-06
 0.720239 0.221474 0.0411846 0.0153003 0.00180242
 0.559866 0.320406 0.0947833 0.0176256 0.00731938
 0.655037 0.197629 0.107255 0.0317285 0.00835027
 0.690919 0.203149 0.0606889 0.0329364 0.0123076
 0.538585 0.319007 0.0935996 0.0279621 0.0208459
 0.644129 0.193598 0.11219 0.0329176 0.017165
 0.571725 0.27721 0.0821811 0.0476239 0.0212597
 0.61516 0.222652 0.10498 0.031122 0.0260863
 0.5874 0.257009 0.0900182 0.0424433 0.0231293
 0.457554 0.322306 0.137125 0.0480284 0.0349857
 0.461297 0.254715 0.168738 0.0717894 0.0434605
 0.624802 0.178501 0.0930048 0.0616116 0.0420815
 0.649314 0.226602 0.059033 0.0307582 0.034293
 0.74049 0.177988 0.0526769 0.0137231 0.0151221
 0.761582 0.183426 0.0377167 0.0111626 0.00611248
 0.632558 0.283808 0.0643435 0.0132305 0.00605986
 0.641104 0.230484 0.0991841 0.0224865 0.00674154
 0.635539 0.235972 0.0825158 0.035509 0.010464
 0.72012 0.179365 0.065079 0.0227571 0.0126789
 0.663388 0.244002 0.0593505 0.0215341 0.0117255
 0.652764 0.231215 0.0841003 0.0204563 0.0114636
 0.713001 0.188308 0.0657162 0.023903 0.0090723
 0.693398 0.219716 0.0570081 0.0198948 0.00998292
 0.404838 0.414752 0.129285 0.0335446 0.0175806
 0.529072 0.192207 0.194233 0.0605457 0.0239426
pobs_pel_tallas
 0 0 0 0 0 0 0 0 0 0 0 0 0 0 0 0 0 0 0 0 0 0 0 0 0 0 0 0 0 0 0 0 0 0 0 0
 0 0 0 0 0 0 0 0 0 0 0 0 0 0 0 0 0 0 0 0 0 0 0 0 0 0 0 0 0 0 0 0 0 0 0 0
 0 0 0 0 0 0 0 0 0 0 0 0 0 0 0 0 0 0 0 0 0 0 0 0 0 0 0 0 0 0 0 0 0 0 0 0
 0 0 0 0 0 0 0 0 0 0 0 0 0 0 0 0 0 0 0 0 0 0 0 0 0 0 0 0 0 0 0 0 0 0 0 0
 0 0 0 0 0 0 0 0 0 0 0 0 0 0 0 0 0 0 0 0 0 0 0 0 0 0 0 0 0 0 0 0 0 0 0 0
 0 0 0 0 0 0 0 0 0 0 0 0 0 0 0 0 0 0 0 0 0 0 0 0 0 0 0 0 0 0 0 0 0 0 0 0
 0 0 0 0 0 0 0 0 0 0 0 0 0 0 0 0 0 0 0 0 0 0 0 0 0 0 0 0 0 0 0 0 0 0 0 0
 0 0 0 0 0 0 0 0 0 0 0 0 0 0 0 0 0 0 0 0 0 0 0 0 0 0 0 0 0 0 0 0 0 0 0 0
 0 0 0 0 0 0 0 0 0 0 0 0 0 0 0 0 0 0 0 0 0 0 0 0 0 0 0 0 0 0 0 0 0 0 0 0
 0 0 0 0 0 0 0 0 0 0 0 0 0 0 0 0 0 0 0 0 0 0 0 0 0 0 0 0 0 0 0 0 0 0 0 0
 0 0 0 0 0 0 0 0 1.78061e-05 0.00172719 0.00360574 0.0105946 0.0120993 0.0124554 0.0147524 0.0171206 0.0266825 0.0428682 0.0675386 0.121331 0.153587 0.119568 0.100827 0.0573624 0.0630603 0.0341343 0.0324427 0.0444173 0.0211091 0.0280891 0.0125444 0.00206551 0 0 0 0
 0 0 0 0 0 0 0 0 0 0 0 0 0 0 0 0 0 0 0 0 0 0 0 0 0 0 0 0 0 0 0 0 0 0 0 0
 0 0 0 0 0 0 0.0133647 0.0140871 0.0187388 0.0205184 0.03894 0.0496705 0.03968 0.0493445 0.0407372 0.0367815 0.0215668 0.0243155 0.0234873 0.0199281 0.019796 0.0243948 0.0301388 0.0376714 0.0412746 0.0863199 0.0771752 0.113111 0.0741005 0.0525337 0.0229764 0.00759418 0.00175318 0 0 0
 0 0 0 0 0 0 0 0 0 0 0.00219441 0.00772107 0.0458388 0.0604681 0.0671733 0.0775358 0.0609151 0.0617685 0.073594 0.0568108 0.0755445 0.0548602 0.0670107 0.0636378 0.0643287 0.046367 0.0373049 0.0286899 0.0247887 0.0153202 0.00654259 0.00121912 0.000365735 0 0 0
 0 0 0 0 0 0 0 0 0 0 0 0 0.000112435 0.00938835 0.0111873 0.0202946 0.0414886 0.0713402 0.111592 0.104902 0.108894 0.110636 0.117776 0.105296 0.107544 0.0401394 0.0192827 0.0124803 0.00416011 0.0028671 0.000618394 0 0 0 0 0
 0 0 0 0 0 0 0 0 0 0 0.00291406 0.0102884 0.027416 0.0768956 0.0749926 0.110853 0.0956884 0.0897413 0.0766577 0.0534642 0.0500743 0.0551293 0.0594112 0.0620874 0.0668451 0.0424026 0.0208742 0.0120726 0.0048766 0.00582813 0.00118941 0.000297354 0 0 0 0
 0 0.00264628 0.0354308 0.0461629 0.0458689 0.0383711 0.0214643 0.0164657 0.0346957 0.0420465 0.0363128 0.0245516 0.0311673 0.0291091 0.0169068 0.0133784 0.00837989 0.0085269 0.0148486 0.0160247 0.0276389 0.0546898 0.0760071 0.122758 0.109233 0.0665981 0.0333725 0.0166128 0.00676272 0.00308733 0.000882094 0 0 0 0 0
 0 0 0 0 0 0 0 0.000805153 0.000690131 0.00759144 0.0133425 0.0154129 0.00931677 0.000345066 0.00356568 0.00563607 0.00851162 0.0253048 0.0502646 0.0516448 0.0657925 0.0565908 0.0611916 0.0827007 0.0866115 0.110766 0.145733 0.0935128 0.0569358 0.0249597 0.0138026 0.00621118 0.00161031 0.00115022 0 0
 0 0 0 0 0 0 0 0 0 0 0 0 0 0 0 0 0 0 0 0 0 0 0 0 0 0 0 0 0 0 0 0 0 0 0 0
 0.00147267 0.00158595 0.00478618 0.00569244 0.00954404 0.0108468 0.00647125 0.017049 0.0510054 0.094081 0.124002 0.0959785 0.0687766 0.0820023 0.061753 0.0591476 0.0492212 0.0479892 0.0443925 0.0268479 0.0217502 0.0140895 0.0121071 0.0120363 0.00920419 0.00665534 0.0049561 0.00860946 0.00930331 0.0156896 0.0114698 0.00855282 0.00243557 0.00046729 0 2.83206e-05
 0 0 0 0 0.000772559 0.00158375 0.000888443 0.00281984 0.00712685 0.0440552 0.0773331 0.111326 0.0921469 0.0852325 0.0710754 0.0886704 0.0786465 0.0553345 0.0373146 0.0185414 0.00753245 0.00457741 0.012979 0.0271748 0.0457355 0.0583668 0.034881 0.0177882 0.00938659 0.00492506 0.0015258 0.00185414 0.000309023 5.79419e-05 3.86279e-05 0
 0 0.00173294 0.00326652 0 0.00397197 0.00683976 0.00946217 0.0152591 0.00757587 0.0136028 0.0228656 0.0392903 0.0559909 0.0764795 0.0681675 0.0726916 0.0566044 0.0477403 0.0527397 0.0444891 0.0609904 0.0582453 0.0661739 0.0445044 0.0529084 0.0360697 0.0280645 0.0235558 0.0158879 0.00826598 0.00280645 0.00217768 0.000904811 0.00058276 9.20147e-05 0
 0 0 0 0 0 0 0 0 0 0 0 0 0 0 0 0 0 0 0 0 0 0 0 0 0 0 0 0 0 0 0 0 0 0 0 0
 0 0 0 0 0 0 0 0 0 0 0 0 0 0 0 0 0 0 0 0 0 0 0 0 0 0 0 0 0 0 0 0 0 0 0 0
 0 0 0 0 0 0 0 0 0 0 0 0 0 0 0 0 0 0 0 0 0 0 0 0 0 0 0 0 0 0 0 0 0 0 0 0
 0 0 0 0 0 0 0 0 0 0 0 0 0 0 0 0 0 0 0 0 0 0 0 0 0 0 0 0 0 0 0 0 0 0 0 0
ppred_pel_tallas
 1.0109e-16 3.41562e-05 0.000200474 0.000952972 0.00366901 0.0114415 0.0289002 0.0591335 0.0980196 0.131635 0.143239 0.126332 0.090399 0.0526903 0.0254461 0.0109959 0.00560065 0.00486238 0.00608716 0.0080945 0.0104059 0.0127377 0.0148308 0.0164442 0.0173949 0.0175965 0.0170748 0.015953 0.0144156 0.0126616 0.0108642 0.00914792 0.00758387 0.00619966 0.00499576 0.00396059
 1.01267e-16 3.14275e-05 0.000184448 0.000876768 0.00337558 0.0105264 0.026589 0.054405 0.0901839 0.121119 0.131815 0.116301 0.0833191 0.0487607 0.0239164 0.0109637 0.0064955 0.00648725 0.00845844 0.0112863 0.0144542 0.0175904 0.0203295 0.0223314 0.0233481 0.0232786 0.0221902 0.0202936 0.0178852 0.0152747 0.012723 0.0104061 0.00840947 0.00674524 0.00538051 0.00426479
 1.02398e-16 2.44386e-05 0.000143407 0.000681637 0.00262424 0.00818337 0.0206708 0.0422967 0.0701173 0.0941835 0.102537 0.0905575 0.0650687 0.0384684 0.0195933 0.0102073 0.00773374 0.00909865 0.0123873 0.0166778 0.0214444 0.0262055 0.0304426 0.0336603 0.0354867 0.035755 0.0345351 0.0321011 0.028852 0.0252117 0.0215433 0.0180996 0.0150148 0.0123277 0.0100189 0.00804564
 1.03068e-16 2.85835e-05 0.000167753 0.000797404 0.00307002 0.00957353 0.024182 0.0494801 0.0820204 0.110156 0.119885 0.105779 0.0757891 0.0443712 0.021798 0.0100568 0.00605951 0.00616073 0.00812404 0.0109515 0.0141979 0.0175468 0.0206785 0.023282 0.0251092 0.0260235 0.0260206 0.0252127 0.0237863 0.0219498 0.0198879 0.0177381 0.0155881 0.0134887 0.0114723 0.00956677
 1.02635e-16 3.01482e-05 0.000176939 0.000841075 0.00323816 0.0100979 0.0255065 0.0521901 0.0865122 0.116188 0.126447 0.111562 0.079918 0.0467587 0.0229141 0.0104726 0.00616743 0.00614245 0.00802738 0.0107598 0.0138638 0.0170054 0.0198549 0.022101 0.0235078 0.0239646 0.0235055 0.022288 0.0205444 0.0185196 0.0164204 0.0143869 0.0124901 0.010749 0.00915517 0.00769374
 1.03368e-16 2.35105e-05 0.000137959 0.000655736 0.00252452 0.00787239 0.0198852 0.0406894 0.0674533 0.0906063 0.0986459 0.0871276 0.0626196 0.0370516 0.0189294 0.00995603 0.00765974 0.00908942 0.0124072 0.0167263 0.0215366 0.0263655 0.0307021 0.0340564 0.0360595 0.0365431 0.0355702 0.033403 0.0304237 0.0270363 0.0235837 0.0203002 0.0173065 0.0146336 0.0122622 0.0101564
 1.03589e-16 2.81077e-05 0.00016496 0.000784127 0.0030189 0.00941413 0.0237794 0.0486562 0.0806547 0.108322 0.117889 0.104018 0.0745284 0.043635 0.0214402 0.00989908 0.00597643 0.00608974 0.00804283 0.0108582 0.0141025 0.0174688 0.0206466 0.0233315 0.0252786 0.0263488 0.0265295 0.0259193 0.0246884 0.0230275 0.0211065 0.0190514 0.0169442 0.0148352 0.0127616 0.0107598
 1.03887e-16 2.49539e-05 0.000146437 0.000696048 0.00267974 0.00835646 0.0211079 0.0431908 0.0715982 0.0961682 0.104687 0.0924279 0.0663525 0.0391068 0.0196964 0.00990182 0.00707258 0.00805774 0.0109061 0.014703 0.0189652 0.0232769 0.0271972 0.030303 0.0322733 0.0329567 0.0323981 0.0308097 0.0285042 0.0258111 0.023007 0.0202777 0.0177162 0.0153458 0.0131544 0.0111233
 1.03852e-16 2.68457e-05 0.000157548 0.000748884 0.0028832 0.00899094 0.0227105 0.0464694 0.0770308 0.103458 0.112605 0.0993771 0.0712497 0.0418092 0.0207178 0.00985914 0.00635066 0.00678202 0.00905599 0.0122232 0.0158352 0.0195485 0.0230075 0.0258667 0.0278541 0.0288253 0.0287859 0.027872 0.0263009 0.0243095 0.0221028 0.0198264 0.0175654 0.0153607 0.0132328 0.0112002
 1.03901e-16 2.56366e-05 0.000150447 0.000715115 0.00275317 0.00858543 0.0216862 0.044374 0.0735586 0.098799 0.107544 0.0949352 0.0681188 0.0400802 0.0200618 0.00988108 0.00680363 0.00758478 0.0102207 0.0137845 0.0178061 0.0218966 0.0256469 0.0286629 0.0306419 0.0314353 0.0310735 0.0297406 0.0277137 0.0252876 0.0227119 0.0201568 0.0177118 0.0154061 0.0132394 0.0112067
 1.05337e-16 1.99774e-05 0.000117216 0.000557121 0.00214482 0.00668832 0.0168944 0.03457 0.0573106 0.0769875 0.0838332 0.0740788 0.0533161 0.031698 0.0164751 0.00912448 0.0075795 0.00936277 0.0129312 0.0175301 0.0226991 0.0279839 0.0328777 0.0368838 0.0396138 0.0408674 0.040664 0.0392133 0.0368423 0.0339035 0.0306998 0.0274424 0.0242501 0.0211735 0.0182306 0.0154357
 1.06976e-16 2.01379e-05 0.000118165 0.000561643 0.00216226 0.0067427 0.0170317 0.0348504 0.0577735 0.0776037 0.0844888 0.0746219 0.0536284 0.0317264 0.016203 0.00852202 0.00657747 0.00786156 0.0108314 0.0147708 0.0192959 0.0240577 0.0286651 0.0327221 0.0358997 0.0379956 0.0389609 0.0388817 0.0379304 0.0363052 0.0341817 0.0316904 0.0289204 0.0259398 0.0228179 0.0196393
 1.05462e-16 2.72642e-05 0.00016001 0.000760595 0.0029283 0.00913161 0.0230658 0.0471959 0.0782339 0.10507 0.114348 0.100889 0.0722769 0.0422973 0.0207471 0.00951998 0.00566998 0.00572272 0.00755257 0.0102218 0.0133267 0.016592 0.0197418 0.0225048 0.0246604 0.0260798 0.0267416 0.0267173 0.0261344 0.0251315 0.0238234 0.0222862 0.0205619 0.0186758 0.0166561 0.0145472
 1.03572e-16 2.8335e-05 0.000166292 0.000790452 0.00304324 0.00949003 0.0239711 0.0490488 0.0813062 0.109199 0.11885 0.10488 0.0751772 0.0440769 0.0217714 0.0102402 0.00643002 0.00672949 0.00891398 0.0119733 0.0154315 0.0189303 0.0221075 0.0246199 0.0262095 0.026758 0.0263077 0.025037 0.0232042 0.0210783 0.0188818 0.0167591 0.0147765 0.0129421 0.0112358 0.0096345
 1.01984e-16 3.23088e-05 0.000189626 0.000901393 0.00347041 0.0108222 0.0273359 0.055933 0.0927153 0.124515 0.135499 0.119524 0.0855698 0.0499599 0.0242854 0.0107651 0.00587757 0.00547433 0.00700972 0.00935609 0.0120341 0.0147344 0.0171639 0.0190482 0.0201816 0.0204698 0.0199477 0.0187608 0.0171211 0.0152527 0.0133454 0.0115286 0.00986816 0.00838073 0.00705505 0.00587145
 1.01265e-16 3.32287e-05 0.000195026 0.000927066 0.00356925 0.0111304 0.0281145 0.057526 0.095356 0.128061 0.139357 0.122927 0.0880025 0.0513739 0.0249605 0.0110418 0.00599302 0.00554327 0.00706888 0.00940375 0.0120483 0.0146785 0.0169893 0.0186988 0.0196003 0.0196082 0.0187747 0.0172701 0.0153351 0.0132215 0.0111414 0.00923786 0.00758071 0.00618058 0.00501248 0.00403801
 1.01744e-16 2.76068e-05 0.000162011 0.000770088 0.00296482 0.00924544 0.0233534 0.0477853 0.0792136 0.106394 0.115812 0.102233 0.0733551 0.0431598 0.021599 0.0106267 0.00729234 0.00809194 0.0108524 0.0145552 0.018669 0.0227492 0.0263329 0.0289833 0.0303787 0.0303836 0.0290765 0.0267193 0.0236841 0.0203622 0.0170853 0.01408 0.0114599 0.00924737 0.00740826 0.00588597
 1.02571e-16 2.79773e-05 0.000164191 0.000780463 0.00300478 0.00937008 0.0236682 0.0484289 0.080279 0.107821 0.117352 0.103564 0.0742456 0.0435555 0.0215607 0.010221 0.00652779 0.00692132 0.00920929 0.0123951 0.0160043 0.0196728 0.0230262 0.0257038 0.0274264 0.0280531 0.0276056 0.0262473 0.0242305 0.0218298 0.019285 0.0167693 0.0143843 0.0121759 0.0101579 0.00833198
 1.02958e-16 2.77348e-05 0.000162767 0.000773692 0.00297871 0.00928878 0.0234628 0.0480088 0.0795828 0.106886 0.116336 0.102671 0.0736138 0.043201 0.0214151 0.0102012 0.00657932 0.00702159 0.00935366 0.0125835 0.0162339 0.0199346 0.0233052 0.0259814 0.0276847 0.0282799 0.0277989 0.0264173 0.0243985 0.0220241 0.0195346 0.017097 0.0148014 0.0126796 0.0107315 0.00894868
 1.02357e-16 3.14206e-05 0.000184411 0.000876602 0.00337496 0.0105245 0.026584 0.0543946 0.0901656 0.121091 0.131775 0.116245 0.0832323 0.0486165 0.0236728 0.0105635 0.00586931 0.00556122 0.0071678 0.00959443 0.0123737 0.0152001 0.0177799 0.0198357 0.0211551 0.0216344 0.0212966 0.0202733 0.0187631 0.0169783 0.0151004 0.0132552 0.011511 0.0098921 0.00839909 0.00702665
 1.0221e-16 2.89494e-05 0.000169897 0.000807589 0.00310922 0.00969576 0.0244908 0.0501122 0.0830694 0.111568 0.121431 0.107164 0.0768266 0.0450696 0.0223088 0.0105703 0.00673714 0.0071195 0.0094394 0.012653 0.0162552 0.0198552 0.0230561 0.0254839 0.0268604 0.0270647 0.0261557 0.0243463 0.0219419 0.0192631 0.0165801 0.014076 0.0118412 0.00989367 0.0082086 0.00674704
 1.02508e-16 2.84858e-05 0.000167176 0.000794654 0.00305942 0.00954048 0.0240986 0.0493096 0.0817387 0.109781 0.119484 0.105442 0.0755854 0.0443277 0.0219169 0.0103451 0.00654552 0.00688949 0.00914137 0.0122842 0.0158347 0.019425 0.0226791 0.0252383 0.0268286 0.0273183 0.026741 0.0252735 0.023181 0.0207476 0.0182182 0.0157646 0.0134818 0.0114044 0.00953209 0.00785311
 1.0224e-16 3.11105e-05 0.00018259 0.000867943 0.00334161 0.0104205 0.0263214 0.0538573 0.0892752 0.119897 0.130478 0.115106 0.0824302 0.0481746 0.0235074 0.010574 0.00599367 0.00578009 0.00748618 0.0100233 0.0129185 0.0158539 0.0185213 0.0206292 0.0219553 0.0223926 0.0219681 0.0208244 0.0191745 0.0172462 0.0152346 0.0132751 0.0114412 0.00975829 0.00822545 0.00683385
 1.02031e-16 3.0257e-05 0.000177576 0.000844101 0.00324981 0.0101342 0.0255982 0.0523779 0.086824 0.116608 0.126907 0.111976 0.0802324 0.0469779 0.0230869 0.0106606 0.00642553 0.00651341 0.00854199 0.011434 0.0146927 0.0179568 0.0208671 0.0230859 0.0243615 0.0245825 0.0237991 0.0222 0.0200569 0.0176561 0.0152396 0.0129722 0.0109367 0.00915166 0.0075979 0.00624367
 1.03945e-16 1.76825e-05 0.000103735 0.000493008 0.00189794 0.00591841 0.0149498 0.0305919 0.0507194 0.068145 0.0742349 0.0656699 0.0474221 0.0285109 0.0153993 0.00945024 0.0088886 0.0115575 0.0160883 0.0217529 0.0280182 0.0342994 0.0399353 0.044287 0.0468712 0.0474654 0.0461491 0.0432618 0.0393016 0.0347979 0.0302033 0.0258313 0.0218485 0.0183043 0.0151803 0.0124338
 1.06019e-16 2.30908e-05 0.000135506 0.000644098 0.00247975 0.00773281 0.0195325 0.0399669 0.0662523 0.0889835 0.0968541 0.0854854 0.0613099 0.036018 0.0179287 0.00867514 0.00579648 0.00638361 0.0086617 0.0118459 0.015581 0.0195946 0.0235895 0.0272554 0.0303175 0.0325821 0.0339586 0.0344526 0.0341373 0.0331175 0.0315009 0.0293862 0.0268657 0.0240362 0.0210083 0.017907
pSPR Fmed_Fpbrs
0.42933   0.6 0.325
Fs Fmed_Fpbrs
0.68   0.346287 1.0607
SSBpbr Bo_Bmed_Bpbrs
2.53825e+06  962832  1.39603e+06 698017
Ro
59874.1
SPR SPRFo_SPRFmed_SPRFpbrs
1.23666e+06 530935 401915
log_Ro
10.82
likeval ReclasPelacesDesembMPH_pf_preclas_ppelaces_ptallas_desvR_qrecl_qpela
 63.0753 23.544 0.0320981 0.000535549 332.055 216.104 83.454 0 16.6838 8.01666e-05 4.14346e-06 7.48301e-16 0 0 0
q_reclas_q_pelaces
0.28118 1.33589
M
0.7
N
 66532.9 16838.2 6255.49 736.521 0.393239
 82723.1 30730.7 5714.57 2123 250.095
 52506.9 38937.9 11518.7 2141.98 889.501
 76526.7 24229.4 13149.5 3889.92 1023.74
 126191 37486.6 11198.8 6077.69 2271.09
 94811.8 62482.7 18333 5476.83 4083.01
 142128 45680.5 26471.8 7767.07 4050.18
 124600 69250.9 20530 11897.1 5310.97
 140114 59528.1 28067.3 8320.77 6974.42
 132539 66491.2 23288.7 10980.6 5983.82
 66601.3 63316.5 26937.9 9435.09 6872.87
 41443.1 30381.3 20126.3 8562.7 5183.77
 42372.4 18993 9896 6555.66 4477.6
 23735.9 18521.8 4825.21 2514.1 2803.02
 18220.3 9385.12 2777.6 723.605 797.373
 22534.1 7291.48 1499.3 443.729 242.981
 18711.9 10292.6 2333.48 479.818 219.766
 21309.7 8771.16 3774.49 855.733 256.552
 24507.8 10184.3 3561.28 1532.52 451.612
 42151.1 11788.2 4277.12 1495.64 833.283
 52152 20256.1 4927.05 1787.68 973.405
 66954.8 25501.5 9275.69 2256.19 1264.35
 113099 32572.4 11367.2 4134.6 1569.27
 159647 54802.6 14219.2 4962.26 2489.99
 70753.7 77501.8 24158.6 6268.25 3285.17
 88627.5 34475.9 34839.4 10860 4294.55
pred_Ctot
 3357.38 3918.08 1455.59 171.381 0.0915028
 3110.47 5507.14 1024.09 380.455 44.8186
 2682.99 9159.7 2709.65 503.877 209.245
 747.048 1211.6 657.547 194.517 51.1928
 263.568 409.185 122.241 66.341 24.7901
 2033.42 6659.05 1953.83 583.689 435.144
 1924.8 3137.94 1818.43 533.545 278.22
 3405.42 9262.91 2746.06 1591.34 710.388
 4482.6 9208.89 4341.97 1287.21 1078.93
 3629.5 8909.93 3120.73 1471.41 801.841
 3917.75 16811.5 7152.45 2505.16 1824.86
 2309.05 7701.33 5101.8 2170.56 1314.03
 3675.95 6929.93 3610.72 2391.95 1633.73
 3524.25 9935.68 2588.39 1348.64 1503.63
 2575.54 4876.17 1443.14 375.96 414.287
 1306.15 1911.87 393.125 116.348 63.7109
 756.907 1969.78 446.578 91.8269 42.0586
 577.394 1163.82 500.825 113.544 34.041
 554.189 1140.93 398.964 171.686 50.5933
 980.049 1355.64 491.866 171.998 95.8272
 574.65 1139.59 277.191 100.573 54.7627
 980.769 1889.33 687.208 167.155 93.6722
 1973.25 2853.46 995.806 362.206 137.474
 2576.32 4455.69 1156.08 403.453 202.447
 955.976 5311.92 1655.81 429.621 225.163
 1223.49 2412.45 2437.89 759.929 300.511
F
 0.0724357 0.380631 0.380631 0.380631 0.380631
 0.0535303 0.281288 0.281288 0.281288 0.281288
 0.0733785 0.385585 0.385585 0.385585 0.385585
 0.0136561 0.0717593 0.0717593 0.0717593 0.0717593
 0.002908 0.0152808 0.0152808 0.0152808 0.0152808
 0.0302221 0.158809 0.158809 0.158809 0.158809
 0.0189898 0.0997864 0.0997864 0.0997864 0.0997864
 0.0386565 0.20313 0.20313 0.20313 0.20313
 0.0453837 0.23848 0.23848 0.23848 0.23848
 0.0387334 0.203534 0.203534 0.203534 0.203534
 0.0848986 0.44612 0.44612 0.44612 0.44612
 0.0802506 0.421696 0.421696 0.421696 0.421696
 0.127545 0.670217 0.670217 0.670217 0.670217
 0.227864 1.19736 1.19736 1.19736 1.19736
 0.215829 1.13413 1.13413 1.13413 1.13413
 0.0836096 0.439346 0.439346 0.439346 0.439346
 0.057692 0.303156 0.303156 0.303156 0.303156
 0.0383177 0.201349 0.201349 0.201349 0.201349
 0.0318883 0.167564 0.167564 0.167564 0.167564
 0.0328013 0.172362 0.172362 0.172362 0.172362
 0.0154263 0.0810612 0.0810612 0.0810612 0.0810612
 0.020554 0.108006 0.108006 0.108006 0.108006
 0.0245242 0.128869 0.128869 0.128869 0.128869
 0.0226649 0.119098 0.119098 0.119098 0.119098
 0.0189453 0.0995526 0.0995526 0.0995526 0.0995526
 0.0193605 0.101734 0.101734 0.101734 0.101734
Np
 42738.1 19869.6 15162 5431.62 7416.82
YTP_r0W_actual
 11011.5 61276.2 86057.4 31461.1 13523
YTP_p0W_proyectada
 16134.8 200206 104262 134554 67422.4
 16134.8 92153.6 102225 46767.4 70867.5
CTP_r0_actual
 1223.49 2412.45 2437.89 759.929 300.511
CTP_p0_proyectada
 1967.66 9268.8 3320.44 3355.45 1515.11
 1967.66 4266.37 3255.57 1166.27 1592.53
Wmedp
 8.2 21.6 31.4 40.1 44.5
nmprior
 10.6 11 7 0
nm_flota  nm_reclas  nm_pelaces    nm_pelaL
inf 12.3001 19.2506 62.8377
cv_recla  cv_pelaces  cv_mph
0.70259 0.531534 0.629844
 ------------------------------------------------
Talla a la edad & desviaci?n 
 7.2 14.2025 17.0495 18.207 18.6776
 1.08 2.13037 2.55742 2.73105 2.80164
