years
 1997 1998 1999 2000 2001 2002 2003 2004 2005 2006 2007 2008 2009 2010 2011 2012 2013 2014 2015 2016 2017 2018 2019 2020 2021 2022
reclasobs
 0 0 0 370054 412103 1.49427e+06 250295 1.28982e+06 931140 785840 897777 1.04006e+06 184774 17550 25797 100020 73551 82996 120727 218422 84188 347160 605670 569463 516374 1.08416e+06
reclaspred
 477708 129851 388553 267502 388940 474839 1.02611e+06 683268 748533 707395 572111 383727 233593 99814.5 63481.2 64224.2 81245.6 111111 120433 169256 249239 230571 400292 546159 684186 631059
pelacesobs
 0 0 0 0 0 0 0 0 0 2.06254e+06 1.5e+06 0 1.87456e+06 323000 250000 174000 83755 137374 0 501740 490994 745055 786931 1.00524e+06 1.33801e+06 1.41789e+06
pelacespred
 1.98533e+06 450416 828232 877249 1.11353e+06 1.06474e+06 2.76955e+06 2.21535e+06 2.1858e+06 2.06416e+06 1.44148e+06 999058 610926 205939 137250 148504 197569 277540 300952 423591 704925 616905 882177 1.36568e+06 1.65335e+06 1.68226e+06
mphobs
 0 0 0 0 0 112323 0 153150 637223 0 255016 313432 73983 77613 109348 50772 17779 17303 59886 28197 0 207744 136588 643089 65757 0
mphpred
 150968 91049.3 109448 126065 131258 205162 301164 359587 302326 305269 295164 202635 123964 64054.5 27918.2 23540.7 28862.2 39845.1 49950.4 58122.7 87577.9 105120 131467 190051 285189 297453
desembarqueobs
 350755 77701 442110 56441 14545 235359 269955 359681 431902 328805 639364 411747 362871 311530 167758 66681 60226 58785 57116 73181 50977 67692 138656 160484 209506 203330
desembarquepred
 350765 77703.6 442144 56443.8 14545.2 235419 269999 359701 431970 328845 639533 411944 363141 311847 167705 66689.3 60252.5 58784.5 57109.3 73182.6 50978.9 67686 138662 160493 209499 203325
Reclutas
 46977.8 57431.5 32811.5 47879.9 83591.1 60674.1 101485 93698.9 115521 124491 64719.2 42968.3 45040.7 24345.6 16059.6 16696.9 12971 14645.5 16744.7 27887.5 35439.3 44899.6 75203.2 105262 45190 54523.2
log_desv_Rt
 0.0574298 0.258348 -0.301466 0.0764517 0.633693 0.313272 0.82767 0.747841 0.957203 1.03199 0.377814 -0.0317816 0.0153217 -0.599896 -1.01593 -0.97702 -1.22953 -1.10811 -0.974164 -0.464068 -0.224423 0.012184 0.527949 0.86421 0.0186309 0.206382
SSB
 585552 353148 424509 488963 509102 795752 1.16811e+06 1.39471e+06 1.17262e+06 1.18403e+06 1.14484e+06 785949 480815 248445 108285 91306.1 111946 154545 193740 225438 339684 407724 509913 737140 1.10615e+06 1.15372e+06
BT
 1.98312e+06 513234 945705 804154 957151 1.08676e+06 2.53979e+06 2.28584e+06 2.25296e+06 2.06866e+06 1.79669e+06 1.2239e+06 871627 467467 255083 180551 216196 282711 303647 418732 640416 585857 844048 1.2887e+06 1.56014e+06 1.60108e+06
Ftot
 0.540185 0.444478 0.677451 0.137352 0.0271993 0.269424 0.172872 0.33633 0.387462 0.304807 0.615924 0.585246 0.947953 1.75114 1.84396 0.728115 0.506935 0.348245 0.287065 0.296047 0.135701 0.176201 0.211472 0.196714 0.164137 0.174224
BD_Bspro_t
 0.935928 0.717891 0.667766 0.522994 0.656467 0.795585 0.756229 0.765941 0.703065 0.663642 0.63021 0.466238 0.352664 0.244947 0.137497 0.1422 0.223761 0.360396 0.472675 0.569726 0.688559 0.77685 0.785235 0.794609 0.811805 0.771042
BD_Bspro
 0.63915 0.385474 0.463367 0.53372 0.555703 0.868591 1.27503 1.52238 1.27995 1.29241 1.24963 0.857891 0.524826 0.271186 0.118197 0.0996638 0.122193 0.168691 0.211474 0.246073 0.370777 0.445045 0.556587 0.804614 1.2074 1.25932
BD_Bo
 0.369408 0.222791 0.267811 0.308473 0.321178 0.502017 0.736926 0.879883 0.73977 0.746971 0.722245 0.495833 0.303332 0.156737 0.0683138 0.0576024 0.0706236 0.0974981 0.122225 0.142222 0.214297 0.257221 0.321689 0.46504 0.697837 0.727845
BD_Brms
 0.67165 0.405075 0.486928 0.56086 0.58396 0.912758 1.33987 1.59979 1.34504 1.35813 1.31317 0.901514 0.551513 0.284976 0.124207 0.104732 0.128407 0.177269 0.222227 0.258586 0.38963 0.467675 0.584889 0.845528 1.2688 1.32336
S_f
 0.168501 1 1 1 1
 0.168501 1 1 1 1
 0.168501 1 1 1 1
 0.168501 1 1 1 1
 0.168501 1 1 1 1
 0.168501 1 1 1 1
 0.168501 1 1 1 1
 0.168501 1 1 1 1
 0.168501 1 1 1 1
 0.168501 1 1 1 1
 0.168501 1 1 1 1
 0.168501 1 1 1 1
 0.168501 1 1 1 1
 0.168501 1 1 1 1
 0.168501 1 1 1 1
 0.168501 1 1 1 1
 0.168501 1 1 1 1
 0.168501 1 1 1 1
 0.168501 1 1 1 1
 0.168501 1 1 1 1
 0.168501 1 1 1 1
 0.168501 1 1 1 1
 0.168501 1 1 1 1
 0.168501 1 1 1 1
 0.168501 1 1 1 1
 0.168501 1 1 1 1
Scru_reclas
 0.822366 1 1 1 1
 0.822366 1 1 1 1
 0.822366 1 1 1 1
 0.822366 1 1 1 1
 0.822366 1 1 1 1
 0.822366 1 1 1 1
 0.822366 1 1 1 1
 0.822366 1 1 1 1
 0.822366 1 1 1 1
 0.822366 1 1 1 1
 0.822366 1 1 1 1
 0.822366 1 1 1 1
 0.822366 1 1 1 1
 0.822366 1 1 1 1
 0.822366 1 1 1 1
 0.822366 1 1 1 1
 0.822366 1 1 1 1
 0.822366 1 1 1 1
 0.822366 1 1 1 1
 0.822366 1 1 1 1
 0.822366 1 1 1 1
 0.822366 1 1 1 1
 0.822366 1 1 1 1
 0.822366 1 1 1 1
 0.822366 1 1 1 1
 0.822366 1 1 1 1
Scru_pelaces
 0.984214 1 1 1 1
 0.984214 1 1 1 1
 0.984214 1 1 1 1
 0.984214 1 1 1 1
 0.984214 1 1 1 1
 0.984214 1 1 1 1
 0.984214 1 1 1 1
 0.984214 1 1 1 1
 0.984214 1 1 1 1
 0.984214 1 1 1 1
 0.984214 1 1 1 1
 0.984214 1 1 1 1
 0.984214 1 1 1 1
 0.984214 1 1 1 1
 0.984214 1 1 1 1
 0.984214 1 1 1 1
 0.984214 1 1 1 1
 0.984214 1 1 1 1
 0.984214 1 1 1 1
 0.984214 1 1 1 1
 0.984214 1 1 1 1
 0.984214 1 1 1 1
 0.984214 1 1 1 1
 0.984214 1 1 1 1
 0.984214 1 1 1 1
 0.984214 1 1 1 1
pf_obs 
 0.256992 0.487395 0.22802 0.0275931 0
 0.321318 0.546541 0.124235 0.00734118 0.000564706
 0.182869 0.594174 0.210203 0.0122559 0.00049798
 0.330522 0.361315 0.267642 0.0388342 0.00168674
 0.649043 0.306663 0.0425973 0.00169635 0
 0.582887 0.30429 0.105238 0.00758474 0
 0.465427 0.430635 0.0974691 0.00646863 0
 0.296916 0.608066 0.0921331 0.00288517 0
 0.311714 0.524322 0.152257 0.0117073 0
 0.15457 0.633149 0.183074 0.0267441 0.00246327
 0.131901 0.49318 0.331252 0.0422183 0.00144891
 0.196976 0.569456 0.194076 0.0375587 0.00193317
 0.518974 0.381816 0.0799577 0.0180837 0.00116848
 0.0928022 0.601141 0.25162 0.0475244 0.00691264
 0.122501 0.610282 0.24278 0.0234846 0.000952079
 0.383417 0.481906 0.127806 0.00687128 0
 0.0376549 0.599619 0.316969 0.0457579 0
 0.0361596 0.667082 0.258105 0.0386534 0
 0.158088 0.579412 0.248529 0.0139706 0
 0.0477256 0.309471 0.559284 0.082774 0.000745712
 0.0406174 0.521527 0.379366 0.0568643 0.0016247
 0.151134 0.462217 0.34131 0.0453401 0
 0.294876 0.26143 0.354403 0.0886775 0.000613685
 0.281977 0.475581 0.204845 0.0348837 0.00271318
 0.0841818 0.532909 0.334909 0.0458182 0.00218182
 0.115287 0.27431 0.454777 0.147771 0.00785563
pf_pred 
 0.341447 0.464695 0.173368 0.02048 1.04205e-05
 0.298092 0.561481 0.0990897 0.0369683 0.00436929
 0.166261 0.631447 0.161821 0.028558 0.0119136
 0.266415 0.456708 0.209697 0.0537391 0.0134402
 0.299091 0.488434 0.132281 0.0607366 0.0194578
 0.163873 0.601567 0.163455 0.0442679 0.0268371
 0.264637 0.418633 0.227877 0.0619177 0.026935
 0.20244 0.557096 0.136893 0.0745158 0.0290548
 0.244831 0.482399 0.19053 0.0468182 0.0354218
 0.233048 0.535695 0.147726 0.0583464 0.0251845
 0.134268 0.585086 0.196024 0.0540564 0.030566
 0.144913 0.473858 0.257646 0.08632 0.0372639
 0.235147 0.437591 0.181356 0.098607 0.0472984
 0.214212 0.585922 0.114348 0.0473907 0.0381269
 0.295584 0.565861 0.103313 0.0201624 0.0150789
 0.348809 0.565967 0.0684603 0.0124992 0.00426364
 0.225655 0.634784 0.121296 0.0146721 0.00359255
 0.245273 0.519605 0.192746 0.0368303 0.00554589
 0.240512 0.527766 0.159533 0.0591784 0.0130107
 0.310392 0.470963 0.151936 0.0459272 0.0207821
 0.264309 0.55515 0.123299 0.039777 0.0174646
 0.245551 0.523893 0.173977 0.0386402 0.0179388
 0.299633 0.474342 0.156953 0.0521216 0.0169505
 0.2803 0.530584 0.128084 0.0423811 0.0186511
 0.102812 0.643462 0.187055 0.0451553 0.0215166
 0.159533 0.355952 0.347494 0.101017 0.0360053
pobs_RECLAS
 0 0 0 0 0
 0 0 0 0 0
 0 0 0 0 0
 0 0 0 0 0
 0.835266 0.146461 0.0176864 0.000547809 3.91292e-05
 0.385257 0.428462 0.181853 0.0044286 0
 0.867414 0.0963971 0.0333333 0.00285562 0
 0.441836 0.489002 0.0689373 0.000224442 0
 0.779404 0.147425 0.0564933 0.0165055 0.000172143
 0.814271 0.122319 0.05973 0.00367925 0
 0.40263 0.566651 0.0304383 0.000280538 0
 0.475488 0.404961 0.113038 0.00651328 0
 0.955842 0.0263864 0.0167828 0.000988607 0
 0.975058 0.0227948 0.00214734 0 0
 0.738997 0.206755 0.0527124 0.00153531 0
 0.850938 0.134255 0.0134407 0.00136685 0
 0.542534 0.407297 0.0501686 0 0
 0.764087 0.199537 0.0359546 0.000420521 0
 0.470689 0.182191 0.310203 0.0369168 0
 0.84361 0.089868 0.0606195 0.00523954 0.000663233
 0.607945 0.314616 0.071237 0.00620181 0
 0.523733 0.453247 0.0230204 0 0
 0.530135 0.295979 0.169645 0.0042399 0
 0.562478 0.366248 0.0663022 0.0049721 0
 0.250443 0.683176 0.0655157 0.000865301 0
 0.195077 0.31981 0.436473 0.0351445 0.0134964
ppred_RECLAS
 0.724269 0.194564 0.0725878 0.00857481 4.36297e-06
 0.680906 0.255255 0.0450471 0.0168061 0.00198632
 0.505813 0.374281 0.095917 0.0169274 0.00706164
 0.640999 0.223503 0.102621 0.0262988 0.00657736
 0.67589 0.225858 0.0611684 0.0280854 0.00899755
 0.492841 0.364885 0.0991447 0.026851 0.0162783
 0.639393 0.205289 0.111746 0.0303632 0.0132084
 0.558417 0.308446 0.0757931 0.0412569 0.0160867
 0.618546 0.243671 0.0962416 0.023649 0.0178924
 0.601656 0.278232 0.0767266 0.0303043 0.0130805
 0.441732 0.377293 0.126406 0.0348583 0.0197105
 0.462977 0.297598 0.16181 0.0542118 0.0234029
 0.619131 0.217905 0.090309 0.0491028 0.0235529
 0.61857 0.284413 0.0555059 0.023004 0.0185073
 0.717292 0.227101 0.0414633 0.00809194 0.00605173
 0.734291 0.230935 0.0279343 0.00510013 0.00173972
 0.595472 0.331619 0.0633665 0.00766491 0.00187679
 0.6184 0.262719 0.097455 0.0186219 0.00280408
 0.611213 0.270167 0.0816662 0.0302938 0.00666026
 0.690965 0.211053 0.0680872 0.0205814 0.00931313
 0.638488 0.272796 0.0605879 0.0195461 0.00858195
 0.615965 0.266676 0.0885589 0.0196689 0.00913131
 0.678771 0.217561 0.0719877 0.023906 0.00777447
 0.657743 0.252322 0.0609109 0.0201545 0.00886965
 0.360737 0.458478 0.13328 0.0321739 0.0153309
 0.483283 0.218838 0.213638 0.0621047 0.022136
pobs_PELACES
 0 0 0 0 0
 0 0 0 0 0
 0 0 0 0 0
 0 0 0 0 0
 0 0 0 0 0
 0 0 0 0 0
 0 0 0 0 0
 0 0 0 0 0
 0 0 0 0 0
 0 0 0 0 0
 0.450072 0.473896 0.0757376 0.000293798 0
 0 0 0 0 0
 0.463077 0.371075 0.160297 0.00555027 0
 0.529543 0.364841 0.0842815 0.0213345 0
 0.631943 0.363953 0.00410389 0 0
 0.735681 0.248677 0.0153453 0.000297389 0
 0.695825 0.281241 0.0229344 0 0
 0.275771 0.60734 0.115278 0.00161068 0
 0 0 0 0 0
 0.896147 0.0623911 0.0374545 0.00400742 0
 0.803859 0.145111 0.0509908 3.86294e-05 0
 0.739449 0.233085 0.0266225 0.000797448 4.60066e-05
 0.878498 0.100942 0.0204185 0.000141795 0
 0.694673 0.275183 0.0284847 0.00165964 0
 0.469039 0.446079 0.0841089 0.000773354 0
 0.822795 0.102175 0.0682046 0.00682512 0
ppred_PELACES
 0.784759 0.15188 0.0566634 0.00669366 3.40582e-06
 0.742606 0.205898 0.0363368 0.0135565 0.00160225
 0.595994 0.305981 0.0784137 0.0138384 0.00577301
 0.689343 0.193406 0.088802 0.0227573 0.00569164
 0.715464 0.198281 0.0536998 0.0246562 0.00789895
 0.556001 0.319443 0.0867975 0.0235071 0.014251
 0.689937 0.176515 0.0960837 0.0261074 0.0113571
 0.624029 0.262616 0.0645314 0.0351268 0.0136965
 0.683382 0.202254 0.0798834 0.0196294 0.0148512
 0.662771 0.235545 0.064955 0.025655 0.0110736
 0.528601 0.318584 0.106737 0.0294342 0.0166434
 0.547825 0.250579 0.136245 0.0456466 0.0197054
 0.716188 0.162376 0.0672954 0.0365898 0.0175509
 0.758348 0.180188 0.0351653 0.014574 0.0117251
 0.834339 0.133076 0.0242965 0.00474169 0.00354618
 0.801541 0.172486 0.0208642 0.00380931 0.0012994
 0.669383 0.27103 0.051789 0.00626447 0.00153389
 0.680914 0.21968 0.0814898 0.0155712 0.00234471
 0.670587 0.228908 0.0691944 0.0256675 0.00564313
 0.743745 0.175007 0.0564586 0.0170663 0.00772254
 0.686907 0.236259 0.052473 0.0169281 0.00743252
 0.668291 0.23034 0.0764926 0.016989 0.00788715
 0.72826 0.184043 0.0608971 0.020223 0.00657671
 0.708247 0.215089 0.0519227 0.0171805 0.00756081
 0.413996 0.420281 0.122176 0.0294934 0.0140537
 0.540057 0.194793 0.190165 0.055281 0.0197038
pobs_pel_tallas
 0 0 0 0 0 0 0 0 0 0 0 0 0 0 0 0 0 0 0 0 0 0 0 0 0 0 0 0 0 0 0 0 0 0 0 0
 0 0 0 0 0 0 0 0 0 0 0 0 0 0 0 0 0 0 0 0 0 0 0 0 0 0 0 0 0 0 0 0 0 0 0 0
 0 0 0 0 0 0 0 0 0 0 0 0 0 0 0 0 0 0 0 0 0 0 0 0 0 0 0 0 0 0 0 0 0 0 0 0
 0 0 0 0 0 0 0 0 0 0 0 0 0 0 0 0 0 0 0 0 0 0 0 0 0 0 0 0 0 0 0 0 0 0 0 0
 0 0 0 0 0 0 0 0 0 0 0 0 0 0 0 0 0 0 0 0 0 0 0 0 0 0 0 0 0 0 0 0 0 0 0 0
 0 0 0 0 0 0 0 0 0 0 0 0 0 0 0 0 0 0 0 0 0 0 0 0 0 0 0 0 0 0 0 0 0 0 0 0
 0 0 0 0 0 0 0 0 0 0 0 0 0 0 0 0 0 0 0 0 0 0 0 0 0 0 0 0 0 0 0 0 0 0 0 0
 0 0 0 0 0 0 0 0 0 0 0 0 0 0 0 0 0 0 0 0 0 0 0 0 0 0 0 0 0 0 0 0 0 0 0 0
 0 0 0 0 0 0 0 0 0 0 0 0 0 0 0 0 0 0 0 0 0 0 0 0 0 0 0 0 0 0 0 0 0 0 0 0
 0 0 0 0 0 0 0 0 0 0 0 0 0 0 0 0 0 0 0 0 0 0 0 0 0 0 0 0 0 0 0 0 0 0 0 0
 0 0 0 0 0 0 0 0 1.78061e-05 0.00172719 0.00360574 0.0105946 0.0120993 0.0124554 0.0147524 0.0171206 0.0266825 0.0428682 0.0675386 0.121331 0.153587 0.119568 0.100827 0.0573624 0.0630603 0.0341343 0.0324427 0.0444173 0.0211091 0.0280891 0.0125444 0.00206551 0 0 0 0
 0 0 0 0 0 0 0 0 0 0 0 0 0 0 0 0 0 0 0 0 0 0 0 0 0 0 0 0 0 0 0 0 0 0 0 0
 0 0 0 0 0 0 0.0133647 0.0140871 0.0187388 0.0205184 0.03894 0.0496705 0.03968 0.0493445 0.0407372 0.0367815 0.0215668 0.0243155 0.0234873 0.0199281 0.019796 0.0243948 0.0301388 0.0376714 0.0412746 0.0863199 0.0771752 0.113111 0.0741005 0.0525337 0.0229764 0.00759418 0.00175318 0 0 0
 0 0 0 0 0 0 0 0 0 0 0.00219441 0.00772107 0.0458388 0.0604681 0.0671733 0.0775358 0.0609151 0.0617685 0.073594 0.0568108 0.0755445 0.0548602 0.0670107 0.0636378 0.0643287 0.046367 0.0373049 0.0286899 0.0247887 0.0153202 0.00654259 0.00121912 0.000365735 0 0 0
 0 0 0 0 0 0 0 0 0 0 0 0 0.000112435 0.00938835 0.0111873 0.0202946 0.0414886 0.0713402 0.111592 0.104902 0.108894 0.110636 0.117776 0.105296 0.107544 0.0401394 0.0192827 0.0124803 0.00416011 0.0028671 0.000618394 0 0 0 0 0
 0 0 0 0 0 0 0 0 0 0 0.00291406 0.0102884 0.027416 0.0768956 0.0749926 0.110853 0.0956884 0.0897413 0.0766577 0.0534642 0.0500743 0.0551293 0.0594112 0.0620874 0.0668451 0.0424026 0.0208742 0.0120726 0.0048766 0.00582813 0.00118941 0.000297354 0 0 0 0
 0 0.00264628 0.0354308 0.0461629 0.0458689 0.0383711 0.0214643 0.0164657 0.0346957 0.0420465 0.0363128 0.0245516 0.0311673 0.0291091 0.0169068 0.0133784 0.00837989 0.0085269 0.0148486 0.0160247 0.0276389 0.0546898 0.0760071 0.122758 0.109233 0.0665981 0.0333725 0.0166128 0.00676272 0.00308733 0.000882094 0 0 0 0 0
 0 0 0 0 0 0 0 0.000805153 0.000690131 0.00759144 0.0133425 0.0154129 0.00931677 0.000345066 0.00356568 0.00563607 0.00851162 0.0253048 0.0502646 0.0516448 0.0657925 0.0565908 0.0611916 0.0827007 0.0866115 0.110766 0.145733 0.0935128 0.0569358 0.0249597 0.0138026 0.00621118 0.00161031 0.00115022 0 0
 0 0 0 0 0 0 0 0 0 0 0 0 0 0 0 0 0 0 0 0 0 0 0 0 0 0 0 0 0 0 0 0 0 0 0 0
 0.00147267 0.00158595 0.00478618 0.00569244 0.00954404 0.0108468 0.00647125 0.017049 0.0510054 0.094081 0.124002 0.0959785 0.0687766 0.0820023 0.061753 0.0591476 0.0492212 0.0479892 0.0443925 0.0268479 0.0217502 0.0140895 0.0121071 0.0120363 0.00920419 0.00665534 0.0049561 0.00860946 0.00930331 0.0156896 0.0114698 0.00855282 0.00243557 0.00046729 0 2.83206e-05
 0 0 0 0 0.000772559 0.00158375 0.000888443 0.00281984 0.00712685 0.0440552 0.0773331 0.111326 0.0921469 0.0852325 0.0710754 0.0886704 0.0786465 0.0553345 0.0373146 0.0185414 0.00753245 0.00457741 0.012979 0.0271748 0.0457355 0.0583668 0.034881 0.0177882 0.00938659 0.00492506 0.0015258 0.00185414 0.000309023 5.79419e-05 3.86279e-05 0
 0 0.00173294 0.00326652 0 0.00397197 0.00683976 0.00946217 0.0152591 0.00757587 0.0136028 0.0228656 0.0392903 0.0559909 0.0764795 0.0681675 0.0726916 0.0566044 0.0477403 0.0527397 0.0444891 0.0609904 0.0582453 0.0661739 0.0445044 0.0529084 0.0360697 0.0280645 0.0235558 0.0158879 0.00826598 0.00280645 0.00217768 0.000904811 0.00058276 9.20147e-05 0
 0 0 0 0 0 0 0 0 0 0 0 0 0 0 0 0 0 0 0 0 0 0 0 0 0 0 0 0 0 0 0 0 0 0 0 0
 0 0 0 0 0 0 0 0 0 0 0 0 0 0 0 0 0 0 0 0 0 0 0 0 0 0 0 0 0 0 0 0 0 0 0 0
 0 0 0 0 0 0 0 0 0 0 0 0 0 0 0 0 0 0 0 0 0 0 0 0 0 0 0 0 0 0 0 0 0 0 0 0
 0 0 0 0 0 0 0 0 0 0 0 0 0 0 0 0 0 0 0 0 0 0 0 0 0 0 0 0 0 0 0 0 0 0 0 0
ppred_pel_tallas
 1.01085e-16 3.42381e-05 0.000200955 0.000955258 0.00367781 0.0114689 0.0289696 0.0592754 0.0982547 0.131951 0.143582 0.126633 0.0906122 0.0528097 0.0254947 0.0110013 0.00558071 0.00482376 0.00602997 0.00801675 0.0103062 0.0126163 0.0146907 0.0162905 0.0172346 0.0174372 0.0169236 0.0158157 0.0142957 0.0125605 0.0107815 0.00908187 0.00753208 0.0061596 0.00496513 0.00393741
 1.01124e-16 3.24022e-05 0.000190171 0.000903982 0.00348037 0.0108532 0.0274144 0.0560937 0.0929825 0.124876 0.135898 0.11989 0.0858616 0.0501907 0.0245099 0.0110535 0.0062983 0.00608703 0.00786074 0.0104699 0.0134013 0.0163012 0.0188281 0.0206662 0.0215854 0.0214932 0.0204539 0.0186657 0.0164062 0.0139653 0.0115869 0.00943529 0.00758957 0.00605983 0.00481378 0.00380238
 1.01959e-16 2.60133e-05 0.000152654 0.000725599 0.00279351 0.00871124 0.0220041 0.0450246 0.0746385 0.100253 0.109136 0.0963638 0.0691937 0.0408124 0.0206119 0.010452 0.00757138 0.00868282 0.0117425 0.015778 0.0202566 0.0247089 0.0286376 0.0315705 0.0331572 0.0332463 0.0319157 0.02944 0.0262136 0.0226529 0.019113 0.0158385 0.0129557 0.0104948 0.0084266 0.00669783
 1.02372e-16 3.00793e-05 0.000176535 0.000839154 0.00323077 0.0100748 0.0254483 0.0520708 0.0863144 0.115922 0.126155 0.111301 0.0797228 0.0466281 0.0228201 0.0103805 0.00604878 0.00597848 0.00780874 0.0104875 0.0135517 0.0166817 0.0195612 0.0218868 0.0234218 0.0240442 0.023766 0.0227173 0.0211021 0.0191438 0.0170383 0.0149282 0.0128989 0.010992 0.0092243 0.00760426
 1.02044e-16 3.12183e-05 0.000183222 0.000870945 0.00335317 0.0104565 0.0264124 0.0540436 0.0895843 0.120312 0.130932 0.115511 0.0827299 0.0483688 0.0236372 0.0106909 0.00613936 0.00598285 0.00776285 0.0103797 0.0133471 0.0163313 0.0190073 0.0210705 0.0222924 0.0225702 0.0219451 0.0205819 0.0187199 0.0166111 0.0144687 0.0124377 0.0105916 0.00894782 0.00749253 0.00620202
 1.0281e-16 2.427e-05 0.000142418 0.000676933 0.00260613 0.00812689 0.0205281 0.0420048 0.0696335 0.0935337 0.10183 0.0899336 0.0646217 0.0382068 0.0194651 0.0101484 0.00769875 0.00906355 0.0123416 0.0166172 0.0213684 0.0261166 0.0303473 0.0335697 0.0354161 0.0357237 0.0345643 0.0322118 0.0290622 0.0255333 0.0219802 0.0186459 0.0156547 0.0130367 0.0107666 0.00879894
 1.0285e-16 3.01044e-05 0.000176684 0.000839868 0.00323352 0.0100834 0.0254699 0.0521151 0.0863872 0.116018 0.126256 0.111381 0.0797613 0.0466122 0.0227411 0.0102252 0.0057959 0.00560103 0.00728085 0.00979344 0.012695 0.0156922 0.0184981 0.0208348 0.022481 0.0233146 0.0233316 0.0226314 0.0213799 0.0197616 0.0179403 0.0160372 0.0141291 0.0122604 0.0104593 0.00875096
 1.02849e-16 2.7234e-05 0.000159824 0.000759697 0.00292482 0.00912071 0.0230383 0.0471404 0.0781442 0.104957 0.114243 0.10084 0.0723366 0.0425229 0.0212111 0.0103232 0.0069436 0.00761443 0.010197 0.0136999 0.0176222 0.021556 0.0250781 0.0277876 0.0293849 0.0297371 0.0289023 0.027102 0.0246549 0.0218951 0.0191031 0.0164669 0.0140785 0.0119555 0.0100739 0.00839823
 1.02569e-16 2.98196e-05 0.00017501 0.000831902 0.00320284 0.00998775 0.0252283 0.0516209 0.0855688 0.114921 0.125069 0.110348 0.0790522 0.04626 0.0226847 0.010394 0.00615924 0.00616911 0.00808201 0.0108493 0.0140012 0.0172065 0.0201357 0.0224748 0.0239819 0.0245373 0.0241638 0.0230073 0.0212902 0.0192518 0.0170984 0.0149753 0.012964 0.0110964 0.00937754 0.00780452
 1.02398e-16 2.89222e-05 0.000169738 0.000806834 0.00310631 0.00968672 0.024468 0.0500654 0.0829915 0.111463 0.121315 0.107057 0.0767412 0.0450016 0.0222422 0.0104844 0.00661182 0.00693725 0.00918682 0.0123235 0.0158522 0.019396 0.0225721 0.0250188 0.0264645 0.026787 0.0260352 0.0244053 0.022182 0.0196658 0.0171109 0.0146905 0.0124929 0.0105394 0.00881362 0.00728702
 1.03409e-16 2.30752e-05 0.000135404 0.000643586 0.00247774 0.0077265 0.0195167 0.0399355 0.0662036 0.0889283 0.0968207 0.0855197 0.0614729 0.0363912 0.0186258 0.00985191 0.00764801 0.00912184 0.0124726 0.016831 0.021694 0.0265923 0.0310155 0.0344718 0.0365873 0.0371858 0.0363204 0.0342417 0.0313215 0.027956 0.0244845 0.0211428 0.0180575 0.0152699 0.0127722 0.0105407
 1.04505e-16 2.39108e-05 0.000140315 0.000666948 0.00256771 0.0080071 0.0202254 0.041385 0.0686044 0.0921463 0.100307 0.0885564 0.0635637 0.0374446 0.0188266 0.0094153 0.00667286 0.00758667 0.0103002 0.0139577 0.0181231 0.0224279 0.0264753 0.0298737 0.0323091 0.0336067 0.0337566 0.032894 0.0312458 0.0290649 0.0265739 0.0239365 0.0212558 0.0185922 0.0159868 0.0134798
 1.03086e-16 3.12485e-05 0.000183402 0.000871809 0.00335651 0.010467 0.0264387 0.0540971 0.089672 0.120427 0.131049 0.115596 0.08275 0.0482991 0.0234521 0.0103538 0.00559899 0.00517869 0.00663872 0.00890177 0.0115228 0.0142245 0.0167445 0.0188327 0.0202938 0.0210259 0.0210353 0.0204224 0.0193443 0.0179702 0.0164435 0.0148625 0.0132813 0.0117226 0.0101963 0.00871382
 1.01607e-16 3.30875e-05 0.000194197 0.000923128 0.00355409 0.0110831 0.0279951 0.0572817 0.0949509 0.127517 0.138764 0.122402 0.0876245 0.0511478 0.0248404 0.0109716 0.00593111 0.00546611 0.00696486 0.00926838 0.0118828 0.0144907 0.0167938 0.0185168 0.0194579 0.019533 0.0187923 0.0174002 0.0155889 0.0135997 0.0116344 0.00982703 0.00824014 0.00688028 0.00572138 0.00472688
 1.00717e-16 3.63992e-05 0.000213644 0.00101559 0.00391011 0.0121934 0.0307994 0.0630191 0.104459 0.14028 0.152638 0.134601 0.0962737 0.0560274 0.0268939 0.0113389 0.00535977 0.00425409 0.00514325 0.00677412 0.00865762 0.0105279 0.0121571 0.0133401 0.0139278 0.0138608 0.0131807 0.0120162 0.0105475 0.00896271 0.00742032 0.00602721 0.00483492 0.00385003 0.00305132 0.00240641
 1.00545e-16 3.49706e-05 0.000205254 0.000975691 0.00375648 0.0117142 0.0295892 0.0605434 0.100357 0.134775 0.146658 0.129353 0.0925741 0.0539837 0.0261175 0.0113632 0.00589341 0.00520244 0.00652308 0.00863032 0.0110108 0.0133463 0.0153456 0.0167442 0.017353 0.0171018 0.016055 0.0143913 0.0123572 0.010208 0.00815804 0.00635027 0.00485102 0.00366366 0.0027517 0.0020619
 1.01111e-16 2.9212e-05 0.000171436 0.000814898 0.00313735 0.00978349 0.0247125 0.0505659 0.0838221 0.112581 0.122538 0.108154 0.0775636 0.0455565 0.0226505 0.0108984 0.00716242 0.0077217 0.0102717 0.0137413 0.0175899 0.0213822 0.0246724 0.0270435 0.0281914 0.0279943 0.0265381 0.0240868 0.0210114 0.0177004 0.0144829 0.011583 0.00911169 0.00708638 0.00546584 0.00418343
 1.01874e-16 2.97128e-05 0.000174381 0.000828908 0.00319131 0.00995177 0.0251375 0.0514351 0.0852614 0.11451 0.124625 0.109966 0.0788003 0.0461557 0.0227136 0.0105414 0.00642883 0.00658201 0.00866558 0.0116241 0.0149694 0.0183429 0.0213841 0.0237497 0.0251781 0.0255446 0.0248832 0.0233663 0.0212524 0.0188197 0.0163102 0.0138962 0.0116755 0.00968578 0.00792853 0.00639033
 1.02203e-16 2.92628e-05 0.000171738 0.000816343 0.00314293 0.0098009 0.0247564 0.0506554 0.0839693 0.112776 0.122741 0.10831 0.0776283 0.0454989 0.0224454 0.0105091 0.00653305 0.00678392 0.00896119 0.0120196 0.015467 0.018934 0.0220475 0.0244542 0.0258875 0.026225 0.0255103 0.0239306 0.0217597 0.0192886 0.0167655 0.014362 0.0121687 0.0102123 0.0084825 0.00695642
 1.01806e-16 3.24506e-05 0.000190459 0.000905354 0.00348566 0.0108697 0.027456 0.0561787 0.0931226 0.125062 0.136093 0.120046 0.0859392 0.0501669 0.0243701 0.0107755 0.00584527 0.00541176 0.00691854 0.0092349 0.011883 0.0145569 0.0169675 0.0188436 0.0199802 0.0202819 0.0197795 0.0186127 0.0169877 0.0151242 0.0132098 0.0113744 0.00968767 0.00817111 0.00681906 0.00561664
 1.01751e-16 2.99747e-05 0.000175917 0.000836209 0.00321942 0.0100394 0.0253589 0.0518882 0.0860129 0.11552 0.125727 0.110945 0.0795155 0.046602 0.0229835 0.010749 0.00666239 0.00689549 0.00908634 0.0121575 0.0155972 0.0190201 0.0220393 0.0242921 0.0255109 0.0255826 0.0245705 0.0226892 0.0202437 0.0175541 0.0148903 0.0124351 0.0102788 0.0084376 0.00688297 0.00557009
 1.02114e-16 2.91627e-05 0.000171151 0.00081355 0.00313217 0.00976736 0.0246717 0.0504821 0.0836821 0.11239 0.122322 0.107942 0.0773678 0.0453529 0.0223861 0.0105028 0.00655826 0.00683336 0.00903597 0.012124 0.0156052 0.0191081 0.0222565 0.0246932 0.0261476 0.0264939 0.0257734 0.0241722 0.0219652 0.0194459 0.0168667 0.0144039 0.0121535 0.010147 0.0083779 0.00682558
 1.01927e-16 3.17758e-05 0.000186496 0.000886512 0.00341311 0.0106435 0.0268846 0.0550096 0.091185 0.122461 0.133266 0.11756 0.0841761 0.0491714 0.0239494 0.0106972 0.00595641 0.00565137 0.00728027 0.00973213 0.0125288 0.0153548 0.017907 0.0199002 0.0211183 0.0214595 0.0209545 0.0197482 0.0180557 0.0161059 0.014095 0.0121596 0.0103729 0.00875924 0.00731435 0.00602475
 1.01751e-16 3.09044e-05 0.000181377 0.000862171 0.00331938 0.0103512 0.0261463 0.0534992 0.0886824 0.119103 0.12962 0.114364 0.0819304 0.0479462 0.023514 0.0107755 0.0063814 0.00637641 0.00832506 0.0111286 0.0142859 0.0174386 0.0202336 0.0223401 0.0235129 0.023646 0.0227932 0.0211446 0.0189726 0.0165637 0.0141599 0.0119259 0.00994385 0.00823055 0.00676385 0.00550766
 1.03542e-16 1.80821e-05 0.00010608 0.000504157 0.00194087 0.00605226 0.0152879 0.0312837 0.0518663 0.0696853 0.0759116 0.06715 0.048484 0.0291353 0.0157108 0.00960103 0.0089869 0.0116589 0.0162138 0.0219048 0.0281865 0.0344623 0.0400606 0.044334 0.046796 0.0472276 0.0457189 0.0426258 0.0384663 0.0337892 0.0290634 0.0246128 0.0206073 0.0170937 0.0140454 0.0114083
 1.05584e-16 2.35699e-05 0.000138319 0.000657469 0.00253123 0.00789335 0.0199381 0.0407966 0.0676277 0.0908304 0.0988636 0.0872574 0.0625769 0.0367545 0.0182803 0.00881939 0.00585716 0.00642089 0.00869544 0.0118763 0.0155979 0.0195806 0.0235207 0.0271033 0.0300523 0.0321768 0.0333937 0.0337198 0.0332423 0.0320802 0.030354 0.0281712 0.0256287 0.0228231 0.0198601 0.0168566
pSPR Fmed_Fpbrs
0.435223   0.6 0.325
Fs Fmed_Fpbrs
0.68   0.352406 1.09485
SSBpbr Bo_Bmed_Bpbrs
1.58511e+06  610620  871811 435905
Ro
44355.9
SPR SPRFo_SPRFmed_SPRFpbrs
916141 398725 297746
log_Ro
10.52
likeval ReclasPelacesDesembMPH_pf_preclas_ppelaces_ptallas_desvR_qrecl_qpela
 62.2646 19.183 0.0118577 0.000510385 328.42 209.605 83.3294 0 15.8412 2.90265e-05 2.80563e-05 7.25956e-16 0 0 0
q_reclas_q_pelaces
0.466056 2.12459
M
0.7
N
 46977.8 12991.4 4846.81 572.554 0.291323
 57431.5 21298.8 3758.8 1402.33 165.742
 32811.5 26461.7 6781.34 1196.76 499.258
 47879.9 14536 6674.19 1710.39 427.772
 83591.1 23232.5 6291.98 2888.96 925.516
 60674.1 41320.3 11227.4 3040.66 1843.38
 101485 28792.6 15672.9 4258.55 1852.53
 93698.9 48949.3 12028.1 6547.33 2552.9
 115521 43965.9 17365 4267.02 3228.35
 124491 53740.1 14819.6 5853.23 2526.47
 64719.2 58725.7 19675.1 5425.69 3067.93
 42968.3 28970.4 15751.8 5277.37 2278.21
 45040.7 19333.7 8012.7 4356.66 2089.74
 24345.6 19064.6 3720.64 1541.99 1240.57
 16059.6 9000.49 1643.27 320.7 239.843
 16696.9 5845.08 707.029 129.087 44.0332
 12971 7334.11 1401.42 169.518 41.5073
 14645.5 5913.85 2193.73 419.182 63.1202
 16744.7 6858.26 2073.12 769.016 169.072
 27887.5 7922.52 2555.86 772.586 349.597
 35439.3 13174.6 2926.08 943.973 414.463
 44899.6 17200.8 5712.13 1268.66 588.977
 75203.2 21644.2 7161.75 2378.31 773.449
 105262 36037.5 8699.51 2878.54 1266.79
 45190 50567.4 14700 3548.6 1690.91
 54523.2 21828.5 21309.9 6194.79 2208.01
pred_Ctot
 2954.84 4021.41 1500.3 177.231 0.0901775
 2993.29 5638.13 995.012 371.218 43.8744
 2562.39 9731.79 2493.97 440.133 183.612
 788.834 1352.28 620.898 159.117 39.7955
 274.96 449.027 121.608 55.8364 17.8879
 1941.73 7127.98 1936.78 524.531 317.994
 2098.85 3320.21 1807.31 491.074 213.624
 3724.83 10250.4 2518.78 1371.06 534.598
 5270.57 10384.8 4101.63 1007.88 762.539
 4495.52 10333.6 2849.64 1125.51 485.81
 4615.87 20114.1 6738.91 1858.35 1050.8
 2918.46 9543.24 5188.84 1738.44 750.474
 4826.15 8981.1 3722.15 2023.81 970.751
 4550.3 12446.2 2428.98 1006.67 809.892
 3140.14 6011.42 1097.54 214.195 160.191
 1396.29 2265.57 274.047 50.0344 17.0674
 767.509 2159.06 412.557 49.9036 12.2191
 602.3 1275.96 473.313 90.4416 13.6187
 570.218 1251.25 378.229 140.303 30.8463
 978.735 1485.05 479.088 144.819 65.5307
 576.925 1211.76 269.132 86.8238 38.1211
 946.229 2018.82 670.419 148.9 69.1269
 1897.14 3003.32 993.753 330.01 107.323
 2472.83 4680.87 1129.97 373.89 164.542
 887.94 5557.29 1615.51 389.986 185.829
 1136.31 2535.36 2475.11 719.517 256.457
F
 0.0910219 0.540185 0.540185 0.540185 0.540185
 0.0748951 0.444478 0.444478 0.444478 0.444478
 0.114151 0.677451 0.677451 0.677451 0.677451
 0.023144 0.137352 0.137352 0.137352 0.137352
 0.00458312 0.0271993 0.0271993 0.0271993 0.0271993
 0.0453982 0.269424 0.269424 0.269424 0.269424
 0.0291292 0.172872 0.172872 0.172872 0.172872
 0.0566721 0.33633 0.33633 0.33633 0.33633
 0.0652878 0.387462 0.387462 0.387462 0.387462
 0.0513604 0.304807 0.304807 0.304807 0.304807
 0.103784 0.615924 0.615924 0.615924 0.615924
 0.0986147 0.585246 0.585246 0.585246 0.585246
 0.159731 0.947953 0.947953 0.947953 0.947953
 0.29507 1.75114 1.75114 1.75114 1.75114
 0.31071 1.84396 1.84396 1.84396 1.84396
 0.122688 0.728115 0.728115 0.728115 0.728115
 0.0854192 0.506935 0.506935 0.506935 0.506935
 0.0586796 0.348245 0.348245 0.348245 0.348245
 0.0483708 0.287065 0.287065 0.287065 0.287065
 0.0498842 0.296047 0.296047 0.296047 0.296047
 0.0228659 0.135701 0.135701 0.135701 0.135701
 0.0296901 0.176201 0.176201 0.176201 0.176201
 0.0356332 0.211472 0.211472 0.211472 0.211472
 0.0331466 0.196714 0.196714 0.196714 0.196714
 0.0276574 0.164137 0.164137 0.164137 0.164137
 0.0293569 0.174224 0.174224 0.174224 0.174224
Np
 30277.8 14168.7 9178.5 3179.07 4186.97
YTP_r0W_actual
 10226.8 64398.1 87371.5 29788 11540.6
YTP_p0W_proyectada
 10329.3 123782 62324.7 77701.8 35523.8
 10329.3 66705.2 62817.1 27785.7 40610.3
CTP_r0_actual
 1136.31 2535.36 2475.11 719.517 256.457
CTP_p0_proyectada
 1259.68 5730.63 1984.86 1937.7 798.288
 1259.68 3088.2 2000.54 692.91 912.59
Wmedp
 8.2 21.6 31.4 40.1 44.5
nmprior
 10.6 11 7 0
nm_flota  nm_reclas  nm_pelaces    nm_pelaL
inf 15.9826 16.9441 52.5563
cv_recla  cv_pelaces  cv_mph
0.698061 0.479788 0.614868
 ------------------------------------------------
Talla a la edad & desviaci?n 
 7.2 14.2025 17.0495 18.207 18.6776
 1.08 2.13037 2.55742 2.73105 2.80164
