years
 1997 1998 1999 2000 2001 2002 2003 2004 2005 2006 2007 2008 2009 2010 2011 2012 2013 2014 2015 2016 2017 2018 2019 2020 2021 2022
reclasobs
 0 0 0 370054 412103 1.49427e+06 250295 1.28982e+06 931140 785840 897777 1.04006e+06 184774 17550 25797 100020 73551 82996 120727 218422 84188 347160 605670 569463 516374 1.08416e+06
reclaspred
 454608 130935 428311 305930 420392 498480 1.07266e+06 689466 729996 635527 492147 327832 199787 90113.7 62466.1 65149.4 84166.1 117085 126008 180042 257812 234476 410381 567075 699341 668003
pelacesobs
 0 0 0 0 0 0 0 0 0 2.06254e+06 1.5e+06 0 1.87456e+06 323000 250000 174000 83755 137374 0 501740 490994 745055 786931 1.00524e+06 1.33801e+06 1.41789e+06
pelacespred
 1.85451e+06 459425 921801 1.00348e+06 1.17663e+06 1.16113e+06 2.80322e+06 2.28214e+06 2.11435e+06 1.8618e+06 1.28299e+06 879095 529673 194804 135196 152193 206396 292511 322507 450868 720120 636817 911812 1.4122e+06 1.73434e+06 1.82677e+06
mphobs
 0 0 0 0 0 112323 0 153150 637223 0 255016 313432 73983 77613 109348 50772 17779 17303 59886 28197 0 207744 136588 643089 65757 0
mphpred
 134187 88419.1 114155 148340 147436 217337 324916 374547 307598 294801 264151 181696 111204 57690 26921.3 23515.3 29684 42144.4 53317.4 62114.8 92412.6 108315 135940 197429 296830 318681
desembarqueobs
 350755 77701 442110 56441 14545 235359 269955 359681 431902 328805 639364 411747 362871 311530 167758 66681 60226 58785 57116 73181 50977 67692 138656 160484 209506 203330
desembarquepred
 350767 77705.3 442162 56443.3 14545.1 235404 269989 359716 431986 328868 639715 412065 363304 312053 167810 66696.8 60250.1 58788.5 57113.9 73184.6 50978.9 67689.1 138663 160493 209505 203329
Reclutas
 61946.8 76720.1 48061.3 70140.2 116584 87253.5 132953 117757 134723 130416 66019.6 41570.3 42648.5 23645.5 17681.4 21171.8 17352.8 19737.8 22711.2 38859.6 48266.1 61876.2 104336 147080 64990.8 81163.1
log_desv_Rt
 0.0940311 0.30792 -0.159767 0.218251 0.726365 0.436573 0.857754 0.736381 0.870979 0.838481 0.157707 -0.30486 -0.279252 -0.869072 -1.15973 -0.979577 -1.17849 -1.04971 -0.909385 -0.37229 -0.155516 0.0928914 0.615373 0.95873 0.142 0.364215
SSB
 740644 488029 630075 818763 813774 1.19959e+06 1.79337e+06 2.06731e+06 1.69778e+06 1.62715e+06 1.45798e+06 1.00287e+06 613789 318420 148592 129792 163840 232616 294285 342842 510070 597842 750318 1.08971e+06 1.63835e+06 1.75896e+06
BT
 2.56315e+06 692932 1.36843e+06 1.28718e+06 1.45008e+06 1.60684e+06 3.61133e+06 3.20208e+06 2.98273e+06 2.59682e+06 2.15222e+06 1.45639e+06 1.00426e+06 536479 306759 240913 301369 404744 443442 610938 922473 842635 1.21151e+06 1.85732e+06 2.28242e+06 2.41179e+06
Ftot
 0.411649 0.308929 0.429786 0.08084 0.0169971 0.175135 0.110299 0.222987 0.260881 0.219737 0.475539 0.450225 0.719387 1.29931 1.26406 0.490171 0.336663 0.224212 0.186001 0.191162 0.0894673 0.11869 0.141705 0.131115 0.109516 0.112465
BD_Bspro_t
 0.951233 0.778629 0.750141 0.644834 0.751853 0.854669 0.826622 0.830158 0.775545 0.732316 0.688651 0.531846 0.416263 0.301784 0.185072 0.197471 0.306759 0.470139 0.585463 0.674103 0.77148 0.838285 0.844449 0.851757 0.865028 0.83734
BD_Bspro
 0.635941 0.419037 0.541003 0.703016 0.698732 1.03001 1.53984 1.77506 1.45777 1.39712 1.25187 0.861097 0.527018 0.273405 0.127586 0.111444 0.140679 0.199731 0.252682 0.294375 0.437963 0.513326 0.644247 0.935657 1.40674 1.5103
BD_Bo
 0.319602 0.210593 0.271889 0.353311 0.351158 0.517646 0.773872 0.892081 0.732625 0.702146 0.629145 0.432757 0.264861 0.137404 0.0641201 0.0560078 0.0707001 0.100378 0.126989 0.147943 0.220105 0.25798 0.323776 0.470229 0.706978 0.759023
BD_Brms
 0.581094 0.382897 0.494344 0.642384 0.638469 0.941174 1.40704 1.62197 1.33205 1.27663 1.1439 0.786832 0.481565 0.249825 0.116582 0.101832 0.128546 0.182505 0.23089 0.268987 0.40019 0.469054 0.588683 0.854961 1.28541 1.38004
S_f
 0.185904 1 1 1 1
 0.185904 1 1 1 1
 0.185904 1 1 1 1
 0.185904 1 1 1 1
 0.185904 1 1 1 1
 0.185904 1 1 1 1
 0.185904 1 1 1 1
 0.185904 1 1 1 1
 0.185904 1 1 1 1
 0.185904 1 1 1 1
 0.185904 1 1 1 1
 0.185904 1 1 1 1
 0.185904 1 1 1 1
 0.185904 1 1 1 1
 0.185904 1 1 1 1
 0.185904 1 1 1 1
 0.185904 1 1 1 1
 0.185904 1 1 1 1
 0.185904 1 1 1 1
 0.185904 1 1 1 1
 0.185904 1 1 1 1
 0.185904 1 1 1 1
 0.185904 1 1 1 1
 0.185904 1 1 1 1
 0.185904 1 1 1 1
 0.185904 1 1 1 1
Scru_reclas
 0.970128 1 1 1 1
 0.970128 1 1 1 1
 0.970128 1 1 1 1
 0.970128 1 1 1 1
 0.970128 1 1 1 1
 0.970128 1 1 1 1
 0.970128 1 1 1 1
 0.970128 1 1 1 1
 0.970128 1 1 1 1
 0.970128 1 1 1 1
 0.970128 1 1 1 1
 0.970128 1 1 1 1
 0.970128 1 1 1 1
 0.970128 1 1 1 1
 0.970128 1 1 1 1
 0.970128 1 1 1 1
 0.970128 1 1 1 1
 0.970128 1 1 1 1
 0.970128 1 1 1 1
 0.970128 1 1 1 1
 0.970128 1 1 1 1
 0.970128 1 1 1 1
 0.970128 1 1 1 1
 0.970128 1 1 1 1
 0.970128 1 1 1 1
 0.970128 1 1 1 1
Scru_pelaces
 1 1 1 1 1
 1 1 1 1 1
 1 1 1 1 1
 1 1 1 1 1
 1 1 1 1 1
 1 1 1 1 1
 1 1 1 1 1
 1 1 1 1 1
 1 1 1 1 1
 1 1 1 1 1
 1 1 1 1 1
 1 1 1 1 1
 1 1 1 1 1
 1 1 1 1 1
 1 1 1 1 1
 1 1 1 1 1
 1 1 1 1 1
 1 1 1 1 1
 1 1 1 1 1
 1 1 1 1 1
 1 1 1 1 1
 1 1 1 1 1
 1 1 1 1 1
 1 1 1 1 1
 1 1 1 1 1
 1 1 1 1 1
pf_obs 
 0.256992 0.487395 0.22802 0.0275931 0
 0.321318 0.546541 0.124235 0.00734118 0.000564706
 0.182869 0.594174 0.210203 0.0122559 0.00049798
 0.330522 0.361315 0.267642 0.0388342 0.00168674
 0.649043 0.306663 0.0425973 0.00169635 0
 0.582887 0.30429 0.105238 0.00758474 0
 0.465427 0.430635 0.0974691 0.00646863 0
 0.296916 0.608066 0.0921331 0.00288517 0
 0.311714 0.524322 0.152257 0.0117073 0
 0.15457 0.633149 0.183074 0.0267441 0.00246327
 0.131901 0.49318 0.331252 0.0422183 0.00144891
 0.196976 0.569456 0.194076 0.0375587 0.00193317
 0.518974 0.381816 0.0799577 0.0180837 0.00116848
 0.0928022 0.601141 0.25162 0.0475244 0.00691264
 0.122501 0.610282 0.24278 0.0234846 0.000952079
 0.383417 0.481906 0.127806 0.00687128 0
 0.0376549 0.599619 0.316969 0.0457579 0
 0.0361596 0.667082 0.258105 0.0386534 0
 0.158088 0.579412 0.248529 0.0139706 0
 0.0477256 0.309471 0.559284 0.082774 0.000745712
 0.0406174 0.521527 0.379366 0.0568643 0.0016247
 0.151134 0.462217 0.34131 0.0453401 0
 0.294876 0.26143 0.354403 0.0886775 0.000613685
 0.281977 0.475581 0.204845 0.0348837 0.00271318
 0.0841818 0.532909 0.334909 0.0458182 0.00218182
 0.115287 0.27431 0.454777 0.147771 0.00785563
pf_pred 
 0.371851 0.443854 0.164876 0.0194091 1.03793e-05
 0.306874 0.550633 0.100687 0.0374014 0.00440524
 0.174313 0.605531 0.174896 0.0319808 0.0132789
 0.2616 0.429485 0.226548 0.065434 0.0169331
 0.296811 0.467021 0.137366 0.0724585 0.0263441
 0.17223 0.576024 0.167196 0.0491777 0.035372
 0.251487 0.410327 0.235335 0.0683082 0.0345428
 0.193451 0.528528 0.152408 0.0874108 0.0382021
 0.223513 0.457005 0.209355 0.0603703 0.0497564
 0.20722 0.504264 0.169807 0.0777891 0.0409193
 0.123874 0.533421 0.217984 0.0734048 0.0513156
 0.127813 0.425414 0.272014 0.111159 0.0636001
 0.207478 0.391194 0.19575 0.125164 0.0804138
 0.19135 0.538343 0.133425 0.0667648 0.0701169
 0.272999 0.516085 0.140413 0.0348006 0.0357021
 0.346742 0.517409 0.0964364 0.0262378 0.0131742
 0.228175 0.604053 0.132883 0.0247671 0.010122
 0.241872 0.493154 0.207377 0.0456199 0.0119777
 0.239197 0.498803 0.170428 0.0716667 0.019905
 0.31497 0.444057 0.157989 0.0539805 0.029004
 0.266342 0.535449 0.128485 0.0457129 0.024011
 0.254429 0.499866 0.179324 0.0430299 0.0233508
 0.309221 0.455691 0.157614 0.0565431 0.0209307
 0.290086 0.511058 0.131181 0.0453727 0.0223025
 0.109832 0.623208 0.192181 0.04933 0.025449
 0.169515 0.34135 0.342444 0.105601 0.04109
pobs_RECLAS
 0 0 0 0 0
 0 0 0 0 0
 0 0 0 0 0
 0 0 0 0 0
 0.835266 0.146461 0.0176864 0.000547809 3.91292e-05
 0.385257 0.428462 0.181853 0.0044286 0
 0.867414 0.0963971 0.0333333 0.00285562 0
 0.441836 0.489002 0.0689373 0.000224442 0
 0.779404 0.147425 0.0564933 0.0165055 0.000172143
 0.814271 0.122319 0.05973 0.00367925 0
 0.40263 0.566651 0.0304383 0.000280538 0
 0.475488 0.404961 0.113038 0.00651328 0
 0.955842 0.0263864 0.0167828 0.000988607 0
 0.975058 0.0227948 0.00214734 0 0
 0.738997 0.206755 0.0527124 0.00153531 0
 0.850938 0.134255 0.0134407 0.00136685 0
 0.542534 0.407297 0.0501686 0 0
 0.764087 0.199537 0.0359546 0.000420521 0
 0.470689 0.182191 0.310203 0.0369168 0
 0.84361 0.089868 0.0606195 0.00523954 0.000663233
 0.607945 0.314616 0.071237 0.00620181 0
 0.523733 0.453247 0.0230204 0 0
 0.530135 0.295979 0.169645 0.0042399 0
 0.562478 0.366248 0.0663022 0.0049721 0
 0.250443 0.683176 0.0655157 0.000865301 0
 0.195077 0.31981 0.436473 0.0351445 0.0134964
ppred_RECLAS
 0.76022 0.16943 0.0629371 0.00740895 3.96204e-06
 0.70176 0.236928 0.0433237 0.0160932 0.0018955
 0.531023 0.343932 0.0993383 0.0181646 0.00754223
 0.649899 0.203634 0.107414 0.0310245 0.00802855
 0.687935 0.207257 0.0609608 0.032156 0.0116911
 0.52292 0.331988 0.0963627 0.0283433 0.0203864
 0.638111 0.198384 0.113779 0.0330255 0.0167007
 0.55895 0.289018 0.0833423 0.0477993 0.0208903
 0.603922 0.233114 0.10679 0.0307943 0.0253803
 0.579975 0.267166 0.0899662 0.0412136 0.0216796
 0.4322 0.3457 0.141272 0.0475722 0.0332566
 0.440491 0.272903 0.174497 0.0713088 0.0407995
 0.590441 0.202161 0.10116 0.0646825 0.0415563
 0.583122 0.277529 0.0687838 0.0344188 0.0361469
 0.688354 0.221232 0.0601915 0.0149181 0.0153046
 0.741006 0.205134 0.0382336 0.0104024 0.00522312
 0.611548 0.304014 0.0668787 0.0124651 0.00509428
 0.62768 0.24219 0.101843 0.0224041 0.00588231
 0.623687 0.246721 0.0842979 0.0354482 0.00984552
 0.707991 0.189289 0.0673461 0.0230103 0.0123636
 0.655537 0.251402 0.0603255 0.0214629 0.0112735
 0.641807 0.24015 0.0861522 0.0206728 0.0112184
 0.701802 0.196714 0.0680394 0.0244087 0.00903543
 0.68224 0.228752 0.058717 0.020309 0.0099827
 0.39302 0.424947 0.131043 0.0336367 0.0173529
 0.517224 0.198433 0.199069 0.0613877 0.0238863
pobs_PELACES
 0 0 0 0 0
 0 0 0 0 0
 0 0 0 0 0
 0 0 0 0 0
 0 0 0 0 0
 0 0 0 0 0
 0 0 0 0 0
 0 0 0 0 0
 0 0 0 0 0
 0 0 0 0 0
 0.450072 0.473896 0.0757376 0.000293798 0
 0 0 0 0 0
 0.463077 0.371075 0.160297 0.00555027 0
 0.529543 0.364841 0.0842815 0.0213345 0
 0.631943 0.363953 0.00410389 0 0
 0.735681 0.248677 0.0153453 0.000297389 0
 0.695825 0.281241 0.0229344 0 0
 0.275771 0.60734 0.115278 0.00161068 0
 0 0 0 0 0
 0.896147 0.0623911 0.0374545 0.00400742 0
 0.803859 0.145111 0.0509908 3.86294e-05 0
 0.739449 0.233085 0.0266225 0.000797448 4.60066e-05
 0.878498 0.100942 0.0204185 0.000141795 0
 0.694673 0.275183 0.0284847 0.00165964 0
 0.469039 0.446079 0.0841089 0.000773354 0
 0.822795 0.102175 0.0682046 0.00682512 0
ppred_PELACES
 0.784959 0.151949 0.0564436 0.00664454 3.55326e-06
 0.724923 0.218526 0.0399589 0.0148433 0.00174828
 0.567103 0.317472 0.0916958 0.0167671 0.00696198
 0.661647 0.196801 0.10381 0.0299835 0.00775916
 0.695376 0.202315 0.0595072 0.0313893 0.0114124
 0.542179 0.318586 0.0924725 0.0271991 0.0195634
 0.651839 0.190858 0.109463 0.0317726 0.0160671
 0.581062 0.274528 0.0791639 0.0454029 0.0198429
 0.627673 0.219135 0.100386 0.0289477 0.0238583
 0.601575 0.253427 0.0853397 0.0390942 0.0205647
 0.471331 0.321875 0.131535 0.0442937 0.0309646
 0.478042 0.254588 0.162786 0.066523 0.0380613
 0.643223 0.176107 0.0881228 0.0563465 0.0362007
 0.671503 0.218691 0.0542011 0.0271218 0.0284835
 0.76176 0.169122 0.0460138 0.0114042 0.0116997
 0.770868 0.181483 0.0338254 0.009203 0.00462091
 0.639823 0.281885 0.0620106 0.0115577 0.00472347
 0.648588 0.228589 0.0961243 0.021146 0.00555198
 0.642338 0.234493 0.08012 0.0336914 0.00935756
 0.724587 0.178531 0.0635186 0.0217026 0.0116609
 0.667706 0.24252 0.0581942 0.0207046 0.0108752
 0.65598 0.230648 0.0827434 0.0198548 0.0107745
 0.715916 0.187404 0.0648192 0.0232535 0.00860779
 0.696278 0.218646 0.056123 0.0194118 0.00954169
 0.407361 0.414907 0.127947 0.0328419 0.0169429
 0.532321 0.192228 0.192844 0.059468 0.0231394
pobs_pel_tallas
 0 0 0 0 0 0 0 0 0 0 0 0 0 0 0 0 0 0 0 0 0 0 0 0 0 0 0 0 0 0 0 0 0 0 0 0
 0 0 0 0 0 0 0 0 0 0 0 0 0 0 0 0 0 0 0 0 0 0 0 0 0 0 0 0 0 0 0 0 0 0 0 0
 0 0 0 0 0 0 0 0 0 0 0 0 0 0 0 0 0 0 0 0 0 0 0 0 0 0 0 0 0 0 0 0 0 0 0 0
 0 0 0 0 0 0 0 0 0 0 0 0 0 0 0 0 0 0 0 0 0 0 0 0 0 0 0 0 0 0 0 0 0 0 0 0
 0 0 0 0 0 0 0 0 0 0 0 0 0 0 0 0 0 0 0 0 0 0 0 0 0 0 0 0 0 0 0 0 0 0 0 0
 0 0 0 0 0 0 0 0 0 0 0 0 0 0 0 0 0 0 0 0 0 0 0 0 0 0 0 0 0 0 0 0 0 0 0 0
 0 0 0 0 0 0 0 0 0 0 0 0 0 0 0 0 0 0 0 0 0 0 0 0 0 0 0 0 0 0 0 0 0 0 0 0
 0 0 0 0 0 0 0 0 0 0 0 0 0 0 0 0 0 0 0 0 0 0 0 0 0 0 0 0 0 0 0 0 0 0 0 0
 0 0 0 0 0 0 0 0 0 0 0 0 0 0 0 0 0 0 0 0 0 0 0 0 0 0 0 0 0 0 0 0 0 0 0 0
 0 0 0 0 0 0 0 0 0 0 0 0 0 0 0 0 0 0 0 0 0 0 0 0 0 0 0 0 0 0 0 0 0 0 0 0
 0 0 0 0 0 0 0 0 1.78061e-05 0.00172719 0.00360574 0.0105946 0.0120993 0.0124554 0.0147524 0.0171206 0.0266825 0.0428682 0.0675386 0.121331 0.153587 0.119568 0.100827 0.0573624 0.0630603 0.0341343 0.0324427 0.0444173 0.0211091 0.0280891 0.0125444 0.00206551 0 0 0 0
 0 0 0 0 0 0 0 0 0 0 0 0 0 0 0 0 0 0 0 0 0 0 0 0 0 0 0 0 0 0 0 0 0 0 0 0
 0 0 0 0 0 0 0.0133647 0.0140871 0.0187388 0.0205184 0.03894 0.0496705 0.03968 0.0493445 0.0407372 0.0367815 0.0215668 0.0243155 0.0234873 0.0199281 0.019796 0.0243948 0.0301388 0.0376714 0.0412746 0.0863199 0.0771752 0.113111 0.0741005 0.0525337 0.0229764 0.00759418 0.00175318 0 0 0
 0 0 0 0 0 0 0 0 0 0 0.00219441 0.00772107 0.0458388 0.0604681 0.0671733 0.0775358 0.0609151 0.0617685 0.073594 0.0568108 0.0755445 0.0548602 0.0670107 0.0636378 0.0643287 0.046367 0.0373049 0.0286899 0.0247887 0.0153202 0.00654259 0.00121912 0.000365735 0 0 0
 0 0 0 0 0 0 0 0 0 0 0 0 0.000112435 0.00938835 0.0111873 0.0202946 0.0414886 0.0713402 0.111592 0.104902 0.108894 0.110636 0.117776 0.105296 0.107544 0.0401394 0.0192827 0.0124803 0.00416011 0.0028671 0.000618394 0 0 0 0 0
 0 0 0 0 0 0 0 0 0 0 0.00291406 0.0102884 0.027416 0.0768956 0.0749926 0.110853 0.0956884 0.0897413 0.0766577 0.0534642 0.0500743 0.0551293 0.0594112 0.0620874 0.0668451 0.0424026 0.0208742 0.0120726 0.0048766 0.00582813 0.00118941 0.000297354 0 0 0 0
 0 0.00264628 0.0354308 0.0461629 0.0458689 0.0383711 0.0214643 0.0164657 0.0346957 0.0420465 0.0363128 0.0245516 0.0311673 0.0291091 0.0169068 0.0133784 0.00837989 0.0085269 0.0148486 0.0160247 0.0276389 0.0546898 0.0760071 0.122758 0.109233 0.0665981 0.0333725 0.0166128 0.00676272 0.00308733 0.000882094 0 0 0 0 0
 0 0 0 0 0 0 0 0.000805153 0.000690131 0.00759144 0.0133425 0.0154129 0.00931677 0.000345066 0.00356568 0.00563607 0.00851162 0.0253048 0.0502646 0.0516448 0.0657925 0.0565908 0.0611916 0.0827007 0.0866115 0.110766 0.145733 0.0935128 0.0569358 0.0249597 0.0138026 0.00621118 0.00161031 0.00115022 0 0
 0 0 0 0 0 0 0 0 0 0 0 0 0 0 0 0 0 0 0 0 0 0 0 0 0 0 0 0 0 0 0 0 0 0 0 0
 0.00147267 0.00158595 0.00478618 0.00569244 0.00954404 0.0108468 0.00647125 0.017049 0.0510054 0.094081 0.124002 0.0959785 0.0687766 0.0820023 0.061753 0.0591476 0.0492212 0.0479892 0.0443925 0.0268479 0.0217502 0.0140895 0.0121071 0.0120363 0.00920419 0.00665534 0.0049561 0.00860946 0.00930331 0.0156896 0.0114698 0.00855282 0.00243557 0.00046729 0 2.83206e-05
 0 0 0 0 0.000772559 0.00158375 0.000888443 0.00281984 0.00712685 0.0440552 0.0773331 0.111326 0.0921469 0.0852325 0.0710754 0.0886704 0.0786465 0.0553345 0.0373146 0.0185414 0.00753245 0.00457741 0.012979 0.0271748 0.0457355 0.0583668 0.034881 0.0177882 0.00938659 0.00492506 0.0015258 0.00185414 0.000309023 5.79419e-05 3.86279e-05 0
 0 0.00173294 0.00326652 0 0.00397197 0.00683976 0.00946217 0.0152591 0.00757587 0.0136028 0.0228656 0.0392903 0.0559909 0.0764795 0.0681675 0.0726916 0.0566044 0.0477403 0.0527397 0.0444891 0.0609904 0.0582453 0.0661739 0.0445044 0.0529084 0.0360697 0.0280645 0.0235558 0.0158879 0.00826598 0.00280645 0.00217768 0.000904811 0.00058276 9.20147e-05 0
 0 0 0 0 0 0 0 0 0 0 0 0 0 0 0 0 0 0 0 0 0 0 0 0 0 0 0 0 0 0 0 0 0 0 0 0
 0 0 0 0 0 0 0 0 0 0 0 0 0 0 0 0 0 0 0 0 0 0 0 0 0 0 0 0 0 0 0 0 0 0 0 0
 0 0 0 0 0 0 0 0 0 0 0 0 0 0 0 0 0 0 0 0 0 0 0 0 0 0 0 0 0 0 0 0 0 0 0 0
 0 0 0 0 0 0 0 0 0 0 0 0 0 0 0 0 0 0 0 0 0 0 0 0 0 0 0 0 0 0 0 0 0 0 0 0
ppred_pel_tallas
 1.0108e-16 3.42468e-05 0.000201006 0.000955502 0.00367875 0.0114719 0.028977 0.0592905 0.0982797 0.131984 0.143618 0.126665 0.0906353 0.0528232 0.0255011 0.011004 0.00558195 0.00482462 0.00603079 0.00801749 0.0103066 0.012616 0.0146891 0.0162871 0.0172286 0.0174282 0.0169114 0.0158002 0.0142775 0.0125401 0.0107598 0.00905993 0.00751084 0.00613989 0.00494755 0.00392233
 1.01231e-16 3.16316e-05 0.000185646 0.000882467 0.00339753 0.0105949 0.0267618 0.0547587 0.0907701 0.121906 0.13267 0.117053 0.0838521 0.0490612 0.0240425 0.0109854 0.00645882 0.00641025 0.00834275 0.0111277 0.0142489 0.0173379 0.0200335 0.0220006 0.0229945 0.0229161 0.0218324 0.0199521 0.0175684 0.0149875 0.0124674 0.0101821 0.00821563 0.00657963 0.00524107 0.00414936
 1.02307e-16 2.4754e-05 0.00014526 0.000690443 0.00265815 0.00828911 0.0209378 0.0428431 0.071023 0.0953994 0.103859 0.0917206 0.0658949 0.0389379 0.0197972 0.010256 0.00770077 0.00901472 0.0122573 0.0164965 0.0212054 0.0259047 0.0300803 0.0332414 0.0350204 0.0352536 0.0340122 0.0315704 0.0283261 0.0247016 0.0210584 0.0176477 0.0146022 0.0119592 0.00969752 0.00777232
 1.02931e-16 2.88717e-05 0.000169445 0.000805448 0.00310099 0.00967012 0.024426 0.0499793 0.0828477 0.111267 0.121093 0.106843 0.076547 0.044806 0.0219949 0.0101191 0.00605737 0.00612553 0.0080632 0.0108621 0.0140734 0.0173803 0.0204637 0.0230139 0.0247851 0.0256435 0.0255878 0.0247336 0.0232707 0.0214103 0.0193394 0.0171964 0.0150688 0.0130056 0.0110363 0.00918519
 1.02523e-16 3.03426e-05 0.00017808 0.0008465 0.00325905 0.010163 0.025671 0.0525267 0.0870702 0.116937 0.127261 0.112279 0.0804288 0.0470513 0.0230458 0.0105128 0.00616324 0.00611484 0.00798129 0.0106934 0.0137733 0.0168869 0.0197055 0.0219186 0.0232917 0.0237155 0.0232253 0.0219801 0.0202133 0.0181716 0.0160628 0.014028 0.012139 0.0104146 0.00884527 0.00741466
 1.03266e-16 2.36673e-05 0.000138879 0.00066011 0.00254136 0.00792491 0.0200179 0.0409609 0.0679032 0.0912104 0.0993029 0.0877063 0.0630319 0.0372884 0.019037 0.00999088 0.00766018 0.00907282 0.0123779 0.0166832 0.0214765 0.0262851 0.0305979 0.0339256 0.0359001 0.036354 0.0353517 0.0331569 0.0301533 0.0267467 0.0232816 0.0199933 0.0170031 0.014342 0.0119899 0.00990944
 1.03459e-16 2.84438e-05 0.000166934 0.000793509 0.00305502 0.00952678 0.0240639 0.0492384 0.0816196 0.109617 0.119298 0.105258 0.0754094 0.0441366 0.02166 0.00995531 0.00594815 0.00601061 0.00791896 0.0106848 0.0138728 0.0171782 0.020294 0.0229204 0.024816 0.0258447 0.0259954 0.0253672 0.0241296 0.0224728 0.0205658 0.0185341 0.0164589 0.0143896 0.0123617 0.0104097
 1.03701e-16 2.53609e-05 0.000148827 0.00070741 0.00272349 0.00849289 0.0214525 0.0438959 0.0727667 0.097737 0.106392 0.0939295 0.0674206 0.0397164 0.0199664 0.00997638 0.00704855 0.00797713 0.0107775 0.0145214 0.0187223 0.0229663 0.0268154 0.0298509 0.0317553 0.0323808 0.0317742 0.0301494 0.0278198 0.0251157 0.0223141 0.0196014 0.0170704 0.0147434 0.0126063 0.0106378
 1.03606e-16 2.73911e-05 0.000160751 0.000764111 0.00294182 0.00917376 0.0231723 0.0474142 0.0785968 0.105561 0.114891 0.101389 0.0726811 0.0426263 0.0210799 0.00995948 0.00631908 0.00667486 0.00888473 0.0119809 0.0155109 0.0191331 0.0224961 0.0252601 0.0271581 0.0280503 0.0279456 0.0269822 0.0253789 0.0233736 0.0211719 0.0189199 0.0167019 0.0145576 0.0125044 0.0105568
 1.03599e-16 2.62545e-05 0.000154075 0.000732365 0.00281958 0.00879255 0.0222094 0.0454443 0.0753327 0.101181 0.110134 0.0972153 0.0697413 0.0410073 0.0204746 0.00999909 0.00677471 0.00747364 0.0100412 0.0135295 0.0174632 0.021455 0.0250998 0.0280089 0.029885 0.0305843 0.0301409 0.0287421 0.0266673 0.0242135 0.021632 0.0190946 0.0166907 0.0144483 0.0123639 0.0104279
 1.04941e-16 2.05781e-05 0.000120743 0.000573887 0.00220938 0.00688964 0.0174029 0.0356104 0.0590351 0.079303 0.0863517 0.0762976 0.0548984 0.0326091 0.016894 0.00926868 0.00759777 0.00932352 0.0128529 0.0174087 0.0225221 0.0277353 0.0325403 0.0364407 0.0390506 0.040174 0.0398369 0.0382573 0.0357715 0.0327411 0.0294768 0.0261953 0.0230174 0.0199923 0.0171332 0.0144471
 1.06458e-16 2.08681e-05 0.000122451 0.000582023 0.00224073 0.0069874 0.0176498 0.0361151 0.0598696 0.0804182 0.0875503 0.0773193 0.0555524 0.0328354 0.0167149 0.00870188 0.00660697 0.00782485 0.0107518 0.0146443 0.0191077 0.0237879 0.0282916 0.0322223 0.0352531 0.0371867 0.037982 0.0377356 0.0366318 0.034881 0.0326694 0.0301352 0.0273714 0.0244448 0.0214197 0.0183716
 1.04936e-16 2.80674e-05 0.000164725 0.000783013 0.00301462 0.00940078 0.0237457 0.0485871 0.0805396 0.108166 0.117715 0.103855 0.0743896 0.0435101 0.0212976 0.00969685 0.00566956 0.00563376 0.00739751 0.00999441 0.0130115 0.0161717 0.0192 0.0218281 0.0238395 0.0251102 0.025625 0.0254625 0.0247579 0.023658 0.0222852 0.0207219 0.0190134 0.017185 0.0152615 0.0132801
 1.03104e-16 2.93022e-05 0.000171971 0.000817453 0.0031472 0.00981423 0.02479 0.0507243 0.0840831 0.112927 0.122903 0.108447 0.077713 0.045521 0.0224051 0.0104044 0.00635261 0.00650825 0.00856765 0.0114894 0.0147921 0.0181233 0.021131 0.0234835 0.0249322 0.0253656 0.0248286 0.0234994 0.0216341 0.0194998 0.0173179 0.0152334 0.0133131 0.0115653 0.00996834 0.00849533
 1.01647e-16 3.32359e-05 0.000195069 0.000927275 0.00357007 0.0111329 0.0281209 0.057539 0.0953771 0.128088 0.139384 0.122943 0.0879981 0.0513394 0.0248843 0.010908 0.00578049 0.00522787 0.00662884 0.00882648 0.0113377 0.013861 0.0161155 0.0178407 0.0188422 0.0190335 0.0184522 0.0172419 0.0156106 0.0137772 0.0119272 0.0101866 0.0086193 0.00723962 0.00603353 0.00497741
 1.01072e-16 3.36335e-05 0.000197403 0.000938366 0.00361276 0.0112661 0.0284572 0.0582272 0.0965182 0.129621 0.141054 0.124421 0.089066 0.0519824 0.0252329 0.0111224 0.00597928 0.00547805 0.00696166 0.00924994 0.0118394 0.0144065 0.0166481 0.0182856 0.0191156 0.0190559 0.0181621 0.0166073 0.0146349 0.0124989 0.0104132 0.00852199 0.00689462 0.00554027 0.0044311 0.00352484
 1.0159e-16 2.79235e-05 0.00016387 0.000778929 0.00299885 0.00935159 0.0236215 0.0483339 0.0801228 0.107615 0.117139 0.103402 0.0741865 0.0436347 0.02181 0.0106863 0.00727626 0.00803312 0.0107579 0.0144211 0.0184892 0.0225182 0.0260475 0.0286434 0.0299867 0.0299445 0.0285972 0.0262079 0.02315 0.0198154 0.0165368 0.0135412 0.0109425 0.00876218 0.00696482 0.00549139
 1.02426e-16 2.83036e-05 0.000166107 0.000789571 0.00303985 0.00947944 0.0239444 0.0489941 0.0812158 0.109078 0.118719 0.104768 0.0751022 0.0440449 0.0217784 0.0102828 0.00651171 0.00686135 0.00911252 0.0122575 0.0158191 0.0194341 0.0227303 0.0253501 0.0270172 0.0275937 0.0271035 0.0257117 0.0236722 0.0212604 0.018717 0.0162154 0.013857 0.0116864 0.00971514 0.00794241
 1.02809e-16 2.80312e-05 0.000164507 0.000781966 0.00301057 0.00938813 0.0237138 0.0485222 0.0804337 0.108029 0.117579 0.103765 0.0743924 0.0436465 0.0216144 0.01026 0.00656894 0.00697343 0.00927472 0.0124705 0.0160808 0.0197358 0.0230565 0.0256811 0.0273331 0.02788 0.0273556 0.0259374 0.0238908 0.0214988 0.0190032 0.0165719 0.0142953 0.0122043 0.010297 0.00856251
 1.02251e-16 3.16154e-05 0.000185555 0.000882039 0.00339589 0.0105898 0.0267489 0.054732 0.0907247 0.121842 0.132592 0.116964 0.0837441 0.0489096 0.0238046 0.0106035 0.0058647 0.00553289 0.00712059 0.00952639 0.0122809 0.0150786 0.0176266 0.0196486 0.0209336 0.0213796 0.0210108 0.0199605 0.0184285 0.0166286 0.0147433 0.0128994 0.0111654 0.00956518 0.00809825 0.00675751
 1.02125e-16 2.91377e-05 0.000171003 0.000812844 0.00312945 0.00975887 0.0246502 0.0504383 0.0836099 0.112294 0.12222 0.107858 0.0773203 0.0453508 0.0224324 0.0106026 0.00672262 0.00707721 0.00937298 0.01256 0.0161319 0.0196992 0.0228667 0.0252626 0.0266109 0.0267917 0.0258648 0.0240433 0.0216323 0.0189522 0.016273 0.0137778 0.0115571 0.00962841 0.00796654 0.00653152
 1.02436e-16 2.86259e-05 0.000167999 0.000798567 0.00307448 0.00958746 0.0242172 0.0495524 0.0821411 0.110321 0.120071 0.105959 0.0759538 0.0445388 0.0220118 0.0103741 0.00654243 0.00686939 0.00910773 0.0122355 0.0157682 0.0193375 0.0225683 0.0251027 0.0266676 0.0271327 0.0265326 0.0250454 0.0229374 0.0204937 0.0179601 0.0155088 0.0132349 0.0111724 0.00932018 0.00766497
 1.02183e-16 3.12376e-05 0.000183336 0.00087149 0.00335527 0.0104631 0.026429 0.0540774 0.08964 0.120386 0.13101 0.115575 0.0827636 0.0483647 0.0235913 0.0105967 0.0059852 0.00575349 0.00744403 0.00996399 0.0128395 0.0157533 0.0183983 0.0204844 0.0217904 0.0222105 0.0217722 0.0206184 0.0189624 0.0170319 0.015022 0.0130683 0.0112441 0.00957467 0.00805846 0.00668586
 1.01981e-16 3.03826e-05 0.000178313 0.000847605 0.0032633 0.0101763 0.0257045 0.0525953 0.0871844 0.117092 0.127433 0.112439 0.0805613 0.0471651 0.0231687 0.0106813 0.00641441 0.00648306 0.00849464 0.0113679 0.0146053 0.0178465 0.0207339 0.0229311 0.024188 0.0243942 0.0236005 0.0219953 0.0198503 0.0174513 0.01504 0.0127809 0.0107567 0.0089857 0.00744824 0.00611192
 1.03872e-16 1.77925e-05 0.000104381 0.000496079 0.00190976 0.00595527 0.0150429 0.0307824 0.0510352 0.068569 0.0746962 0.0660764 0.0477123 0.0286784 0.0154773 0.00947872 0.00889517 0.0115551 0.0160805 0.0217391 0.027996 0.0342654 0.0398854 0.0442169 0.0467769 0.0473441 0.0459992 0.0430838 0.0390984 0.0345746 0.0299667 0.0255895 0.0216096 0.0180763 0.0149697 0.0122455
 1.05925e-16 2.32325e-05 0.000136338 0.000648053 0.00249498 0.0077803 0.0196525 0.0402123 0.0666591 0.0895297 0.0974482 0.0860089 0.0616833 0.0362333 0.0180282 0.00871029 0.00580257 0.00637697 0.00864685 0.011822 0.015545 0.0195426 0.0235169 0.0271575 0.0301903 0.0324225 0.0337652 0.0342263 0.0338815 0.0328379 0.0312055 0.0290841 0.0265669 0.0237499 0.0207427 0.0176682
pSPR Fmed_Fpbrs
0.430512   0.6 0.325
Fs Fmed_Fpbrs
0.68   0.347502 1.06736
SSBpbr Bo_Bmed_Bpbrs
2.3174e+06  881799  1.27457e+06 637285
Ro
56387.3
SPR SPRFo_SPRFmed_SPRFpbrs
1.16464e+06 501393 378509
log_Ro
10.76
likeval ReclasPelacesDesembMPH_pf_preclas_ppelaces_ptallas_desvR_qrecl_qpela
 62.5524 22.8886 0.0281067 0.000532915 331.074 214.774 83.2628 0 16.4307 6.85443e-05 7.18046e-06 2.60305e-16 0 0 0
q_reclas_q_pelaces
0.309379 1.46409
M
0.7
N
 61946.8 15836.9 5882.83 692.526 0.370338
 76720.1 28495.6 5210.59 1935.54 227.974
 48061.3 35971.7 10389.8 1899.83 788.839
 70140.2 22033.8 11622.6 3356.95 868.716
 116584 34311 10092 5323.38 1935.45
 87253.5 57711.1 16751.2 4927.06 3543.87
 132953 41940.8 24054.3 6982 3530.73
 117757 64682.7 18652.1 10697.6 4675.28
 134723 56102 25700.4 7411.06 6108.1
 130416 63734.5 21462.1 9831.84 5171.83
 66019.6 62170.2 25406.1 8555.33 5980.82
 41570.3 30010.5 19189 7841.65 4486.62
 42648.5 18985.7 9500.29 6074.58 3902.71
 23645.5 18527.5 4591.92 2297.76 2413.13
 17681.4 9222.31 2509.15 621.878 637.989
 21171.8 6941.52 1293.78 352.005 176.744
 17352.8 9597.89 2111.4 393.529 160.829
 19737.8 8094.34 3403.76 748.777 196.595
 22711.2 9401.35 3212.19 1350.76 375.165
 38859.6 10894.8 3876.19 1324.39 711.601
 48266.1 18623.4 4468.8 1589.93 835.12
 61876.2 23572.9 8456.62 2029.22 1101.18
 104336 30056.3 10395.9 3729.45 1380.54
 147080 50464.7 12953.5 4480.35 2202.28
 64990.8 71278.9 21980.6 5642.07 2910.71
 81163.1 31623 31724.4 9782.98 3806.62
pred_Ctot
 3296.63 3934.97 1461.7 172.071 0.0920172
 3089.68 5543.91 1013.74 376.567 44.3531
 2666.45 9262.75 2675.37 489.208 203.127
 753.056 1236.34 652.151 188.361 48.7444
 264.558 416.272 122.439 64.5849 23.4814
 2013.9 6735.5 1955.04 575.039 413.607
 1942.93 3170.09 1818.14 527.734 266.87
 3447.09 9417.84 2715.76 1557.57 680.723
 4599.7 9404.77 4308.34 1242.37 1023.94
 3762.99 9157.14 3083.6 1412.6 743.07
 4037.73 17387.1 7105.31 2392.66 1672.65
 2412.02 8028.18 5133.29 2097.74 1200.23
 3869.17 7295.19 3650.45 2334.13 1499.6
 3700.16 10410 2580.05 1291.04 1355.86
 2699.26 5102.76 1388.33 344.089 353.003
 1333.12 1989.28 370.769 100.877 50.6509
 759.857 2011.59 442.52 82.4783 33.7076
 580.9 1184.4 498.054 109.565 28.7668
 556.228 1159.91 396.312 166.653 46.2869
 977.718 1378.42 490.422 167.564 90.033
 573.104 1152.16 276.468 98.3631 51.6658
 972.354 1910.34 685.323 164.448 89.2397
 1953.85 2879.33 995.903 357.274 132.253
 2550.65 4493.59 1153.43 398.949 196.1
 943.067 5351.17 1650.16 423.571 218.517
 1209.16 2434.87 2442.67 753.258 293.097
F
 0.076527 0.411649 0.411649 0.411649 0.411649
 0.057431 0.308929 0.308929 0.308929 0.308929
 0.0798988 0.429786 0.429786 0.429786 0.429786
 0.0150285 0.08084 0.08084 0.08084 0.08084
 0.00315982 0.0169971 0.0169971 0.0169971 0.0169971
 0.0325582 0.175135 0.175135 0.175135 0.175135
 0.020505 0.110299 0.110299 0.110299 0.110299
 0.0414541 0.222987 0.222987 0.222987 0.222987
 0.0484987 0.260881 0.260881 0.260881 0.260881
 0.0408499 0.219737 0.219737 0.219737 0.219737
 0.0884044 0.475539 0.475539 0.475539 0.475539
 0.0836985 0.450225 0.450225 0.450225 0.450225
 0.133737 0.719387 0.719387 0.719387 0.719387
 0.241547 1.29931 1.29931 1.29931 1.29931
 0.234993 1.26406 1.26406 1.26406 1.26406
 0.0911246 0.490171 0.490171 0.490171 0.490171
 0.062587 0.336663 0.336663 0.336663 0.336663
 0.0416819 0.224212 0.224212 0.224212 0.224212
 0.0345783 0.186001 0.186001 0.186001 0.186001
 0.0355377 0.191162 0.191162 0.191162 0.191162
 0.0166323 0.0894673 0.0894673 0.0894673 0.0894673
 0.0220648 0.11869 0.11869 0.11869 0.11869
 0.0263435 0.141705 0.141705 0.141705 0.141705
 0.0243747 0.131115 0.131115 0.131115 0.131115
 0.0203594 0.109516 0.109516 0.109516 0.109516
 0.0209076 0.112465 0.112465 0.112465 0.112465
Np
 39886.9 18568.1 13846.8 4923 6671.37
YTP_r0W_actual
 10882.5 61845.7 86226.3 31184.9 13189.4
YTP_p0W_proyectada
 14770.2 183611 94897.7 121579 60068.9
 14770.2 86376 93637.4 42515.4 63936.2
CTP_r0_actual
 1209.16 2434.87 2442.67 753.258 293.097
CTP_p0_proyectada
 1801.24 8500.49 3022.22 3031.9 1349.86
 1801.24 3998.89 2982.08 1060.23 1436.77
Wmedp
 8.2 21.6 31.4 40.1 44.5
nmprior
 10.6 11 7 0
nm_flota  nm_reclas  nm_pelaces    nm_pelaL
inf 12.8754 18.7691 60.6486
cv_recla  cv_pelaces  cv_mph
0.699672 0.524083 0.628293
 ------------------------------------------------
Talla a la edad & desviaci?n 
 7.2 14.2025 17.0495 18.207 18.6776
 1.08 2.13037 2.55742 2.73105 2.80164
