years
 1997 1998 1999 2000 2001 2002 2003 2004 2005 2006 2007 2008 2009 2010 2011 2012 2013 2014 2015 2016 2017 2018 2019 2020 2021 2022
reclasobs
 0 0 0 370054 412103 1.49427e+06 250295 1.28982e+06 931140 785840 897777 1.04006e+06 184774 17550 25797 100020 73551 82996 120727 218422 84188 347160 605670 569463 516374 1.08416e+06
reclaspred
 433486 118846 348456 247956 377491 467041 1.01238e+06 677835 747245 716749 584770 395583 240512 101579 63983.7 64679.7 80599 109415 119337 167772 249316 232191 402357 547178 696099 648983
pelacesobs
 0 0 0 0 0 0 0 0 0 2.06254e+06 1.5e+06 0 1.87456e+06 323000 250000 174000 83755 137374 0 501740 490994 745055 786931 1.00524e+06 1.33801e+06 1.41789e+06
pelacespred
 1.87889e+06 387233 762939 803656 1.07945e+06 1.02141e+06 2.74611e+06 2.16565e+06 2.1806e+06 2.07883e+06 1.44906e+06 1.01594e+06 625703 208296 139677 148801 194052 272092 293076 416098 703573 612022 875546 1.35754e+06 1.65654e+06 1.69913e+06
mphobs
 0 0 0 0 0 112323 0 153150 637223 0 255016 313432 73983 77613 109348 50772 17779 17303 59886 28197 0 207744 136588 643089 65757 0
mphpred
 137835 81586.1 99076.5 111714 124412 200858 294765 354662 299002 305697 298675 205773 126540 65418.8 28284.4 23951 28788.3 39181.3 49058.9 57317.2 87069.1 105291 131779 190040 286204 301391
desembarqueobs
 350755 77701 442110 56441 14545 235359 269955 359681 431902 328805 639364 411747 362871 311530 167758 66681 60226 58785 57116 73181 50977 67692 138656 160484 209506 203330
desembarquepred
 350768 77705 442157 56444.6 14545.3 235432 270013 359719 431993 328853 639550 411942 363124 311830 167691 66688.1 60254.8 58786.2 57109.2 73183.4 50979.8 67687 138665 160499 209503 203325
Reclutas
 42156.5 51111.6 30247.4 44634 76535.6 55705.4 93942.6 87521.2 109913 119458 64256.9 43307.3 44664.6 24021.7 15611.7 15688.7 11993.6 13599.5 15625.5 25792 32902.4 41862.7 69419.1 97509 43765.1 52954.5
log_desv_Rt
 0.00914386 0.201766 -0.322836 0.066252 0.605512 0.287832 0.81044 0.739636 0.967443 1.05072 0.430645 0.0360771 0.0669376 -0.553288 -0.984224 -0.979305 -1.24787 -1.12221 -0.983342 -0.482179 -0.238698 0.00214993 0.507917 0.8477 0.0465923 0.237189
SSB
 486955 288234 350025 394672 439533 709605 1.04137e+06 1.25298e+06 1.05634e+06 1.07999e+06 1.05518e+06 726969 447051 231117 99925.2 84615.8 101705 138423 173319 202495 307604 371982 465559 671388 1.01113e+06 1.06478e+06
BT
 1.74361e+06 431908 832237 682164 846843 978489 2.31016e+06 2.08813e+06 2.08356e+06 1.9263e+06 1.69775e+06 1.16194e+06 835175 450719 245063 169370 199090 257801 275984 381955 586696 538342 775700 1.18413e+06 1.44555e+06 1.4945e+06
Ftot
 0.849952 0.703522 1.07756 0.205799 0.0381064 0.371345 0.228894 0.458972 0.522505 0.409872 0.81422 0.7363 1.19632 2.34646 2.61533 1.04889 0.730347 0.484624 0.397117 0.405694 0.187829 0.234653 0.282162 0.268513 0.219907 0.213103
BD_Bspro_t
 0.920068 0.674678 0.621881 0.471045 0.62345 0.776057 0.734761 0.746752 0.682478 0.645398 0.612813 0.449564 0.33832 0.233031 0.129185 0.134191 0.20869 0.336666 0.446386 0.544559 0.668822 0.762396 0.770861 0.780461 0.800074 0.759563
BD_Bspro
 0.564396 0.334072 0.40569 0.457437 0.509432 0.822455 1.20698 1.45224 1.22433 1.25174 1.22299 0.84258 0.518146 0.267872 0.115816 0.0980724 0.11788 0.160436 0.200882 0.234698 0.356523 0.431139 0.539597 0.77816 1.17193 1.23411
BD_Bo
 0.391597 0.23179 0.281481 0.317385 0.353461 0.570646 0.837443 1.00761 0.849479 0.868501 0.848551 0.58461 0.359507 0.185858 0.0803572 0.0680459 0.0817889 0.111316 0.139379 0.162841 0.247367 0.299138 0.37439 0.539913 0.813121 0.856265
BD_Brms
 0.711994 0.421437 0.511784 0.577063 0.642656 1.03754 1.52262 1.83202 1.54451 1.57909 1.54282 1.06293 0.653649 0.337924 0.146104 0.12372 0.148707 0.202393 0.253416 0.296074 0.449759 0.543888 0.68071 0.98166 1.4784 1.55685
S_f
 0.120934 0.723287 0.980262 0.998941 0.999944
 0.120934 0.723287 0.980262 0.998941 0.999944
 0.120934 0.723287 0.980262 0.998941 0.999944
 0.120934 0.723287 0.980262 0.998941 0.999944
 0.120934 0.723287 0.980262 0.998941 0.999944
 0.120934 0.723287 0.980262 0.998941 0.999944
 0.120934 0.723287 0.980262 0.998941 0.999944
 0.120934 0.723287 0.980262 0.998941 0.999944
 0.120934 0.723287 0.980262 0.998941 0.999944
 0.120934 0.723287 0.980262 0.998941 0.999944
 0.120934 0.723287 0.980262 0.998941 0.999944
 0.120934 0.723287 0.980262 0.998941 0.999944
 0.120934 0.723287 0.980262 0.998941 0.999944
 0.120934 0.723287 0.980262 0.998941 0.999944
 0.120934 0.723287 0.980262 0.998941 0.999944
 0.120934 0.723287 0.980262 0.998941 0.999944
 0.120934 0.723287 0.980262 0.998941 0.999944
 0.120934 0.723287 0.980262 0.998941 0.999944
 0.120934 0.723287 0.980262 0.998941 0.999944
 0.120934 0.723287 0.980262 0.998941 0.999944
 0.120934 0.723287 0.980262 0.998941 0.999944
 0.120934 0.723287 0.980262 0.998941 0.999944
 0.120934 0.723287 0.980262 0.998941 0.999944
 0.120934 0.723287 0.980262 0.998941 0.999944
 0.120934 0.723287 0.980262 0.998941 0.999944
 0.120934 0.723287 0.980262 0.998941 0.999944
Scru_reclas
 0.79205 1 1 1 1
 0.79205 1 1 1 1
 0.79205 1 1 1 1
 0.79205 1 1 1 1
 0.79205 1 1 1 1
 0.79205 1 1 1 1
 0.79205 1 1 1 1
 0.79205 1 1 1 1
 0.79205 1 1 1 1
 0.79205 1 1 1 1
 0.79205 1 1 1 1
 0.79205 1 1 1 1
 0.79205 1 1 1 1
 0.79205 1 1 1 1
 0.79205 1 1 1 1
 0.79205 1 1 1 1
 0.79205 1 1 1 1
 0.79205 1 1 1 1
 0.79205 1 1 1 1
 0.79205 1 1 1 1
 0.79205 1 1 1 1
 0.79205 1 1 1 1
 0.79205 1 1 1 1
 0.79205 1 1 1 1
 0.79205 1 1 1 1
 0.79205 1 1 1 1
Scru_pelaces
 1 1 1 1 1
 1 1 1 1 1
 1 1 1 1 1
 1 1 1 1 1
 1 1 1 1 1
 1 1 1 1 1
 1 1 1 1 1
 1 1 1 1 1
 1 1 1 1 1
 1 1 1 1 1
 1 1 1 1 1
 1 1 1 1 1
 1 1 1 1 1
 1 1 1 1 1
 1 1 1 1 1
 1 1 1 1 1
 1 1 1 1 1
 1 1 1 1 1
 1 1 1 1 1
 1 1 1 1 1
 1 1 1 1 1
 1 1 1 1 1
 1 1 1 1 1
 1 1 1 1 1
 1 1 1 1 1
 1 1 1 1 1
pf_obs 
 0.256992 0.487395 0.22802 0.0275931 0
 0.321318 0.546541 0.124235 0.00734118 0.000564706
 0.182869 0.594174 0.210203 0.0122559 0.00049798
 0.330522 0.361315 0.267642 0.0388342 0.00168674
 0.649043 0.306663 0.0425973 0.00169635 0
 0.582887 0.30429 0.105238 0.00758474 0
 0.465427 0.430635 0.0974691 0.00646863 0
 0.296916 0.608066 0.0921331 0.00288517 0
 0.311714 0.524322 0.152257 0.0117073 0
 0.15457 0.633149 0.183074 0.0267441 0.00246327
 0.131901 0.49318 0.331252 0.0422183 0.00144891
 0.196976 0.569456 0.194076 0.0375587 0.00193317
 0.518974 0.381816 0.0799577 0.0180837 0.00116848
 0.0928022 0.601141 0.25162 0.0475244 0.00691264
 0.122501 0.610282 0.24278 0.0234846 0.000952079
 0.383417 0.481906 0.127806 0.00687128 0
 0.0376549 0.599619 0.316969 0.0457579 0
 0.0361596 0.667082 0.258105 0.0386534 0
 0.158088 0.579412 0.248529 0.0139706 0
 0.0477256 0.309471 0.559284 0.082774 0.000745712
 0.0406174 0.521527 0.379366 0.0568643 0.0016247
 0.151134 0.462217 0.34131 0.0453401 0
 0.294876 0.26143 0.354403 0.0886775 0.000613685
 0.281977 0.475581 0.204845 0.0348837 0.00271318
 0.0841818 0.532909 0.334909 0.0458182 0.00218182
 0.115287 0.27431 0.454777 0.147771 0.00785563
pf_pred 
 0.345387 0.449921 0.183058 0.02162 1.37396e-05
 0.299406 0.554285 0.112832 0.0300274 0.00345049
 0.173209 0.61343 0.181497 0.0247206 0.00714324
 0.265799 0.444951 0.237412 0.0442987 0.00753806
 0.282513 0.472491 0.166395 0.0647475 0.0138535
 0.153223 0.56536 0.203285 0.0533815 0.0247513
 0.242488 0.384567 0.276011 0.0704552 0.0264789
 0.190889 0.526084 0.166605 0.0866256 0.0297953
 0.23185 0.453853 0.22903 0.0506774 0.0345899
 0.22148 0.511178 0.181103 0.0632564 0.022982
 0.129229 0.554072 0.232033 0.0577787 0.0268868
 0.13506 0.448243 0.303426 0.0836076 0.0296624
 0.216253 0.42638 0.221455 0.0996924 0.0362192
 0.204633 0.582622 0.141315 0.0448254 0.0266041
 0.289343 0.566047 0.123116 0.0145203 0.00697356
 0.340451 0.567101 0.0827609 0.00831302 0.00137351
 0.217152 0.618464 0.149084 0.0137414 0.0015594
 0.232501 0.492366 0.233709 0.0376606 0.00376371
 0.227896 0.501422 0.195043 0.0644767 0.0111623
 0.29142 0.4501 0.187466 0.0514918 0.0195228
 0.250457 0.528482 0.157551 0.0463485 0.0171622
 0.228873 0.491177 0.214744 0.046742 0.018464
 0.27691 0.447914 0.195011 0.0617897 0.0183751
 0.263731 0.50248 0.162427 0.0508855 0.0204769
 0.0985402 0.595911 0.229139 0.053429 0.0229815
 0.14067 0.317973 0.394944 0.110363 0.0360497
pobs_RECLAS
 0 0 0 0 0
 0 0 0 0 0
 0 0 0 0 0
 0 0 0 0 0
 0.835266 0.146461 0.0176864 0.000547809 3.91292e-05
 0.385257 0.428462 0.181853 0.0044286 0
 0.867414 0.0963971 0.0333333 0.00285562 0
 0.441836 0.489002 0.0689373 0.000224442 0
 0.779404 0.147425 0.0564933 0.0165055 0.000172143
 0.814271 0.122319 0.05973 0.00367925 0
 0.40263 0.566651 0.0304383 0.000280538 0
 0.475488 0.404961 0.113038 0.00651328 0
 0.955842 0.0263864 0.0167828 0.000988607 0
 0.975058 0.0227948 0.00214734 0 0
 0.738997 0.206755 0.0527124 0.00153531 0
 0.850938 0.134255 0.0134407 0.00136685 0
 0.542534 0.407297 0.0501686 0 0
 0.764087 0.199537 0.0359546 0.000420521 0
 0.470689 0.182191 0.310203 0.0369168 0
 0.84361 0.089868 0.0606195 0.00523954 0.000663233
 0.607945 0.314616 0.071237 0.00620181 0
 0.523733 0.453247 0.0230204 0 0
 0.530135 0.295979 0.169645 0.0042399 0
 0.562478 0.366248 0.0663022 0.0049721 0
 0.250443 0.683176 0.0655157 0.000865301 0
 0.195077 0.31981 0.436473 0.0351445 0.0134964
ppred_RECLAS
 0.741287 0.195011 0.0570938 0.00660398 4.19222e-06
 0.689983 0.260474 0.0383849 0.0100094 0.00114894
 0.532776 0.374735 0.0789321 0.0105201 0.00303638
 0.658988 0.231008 0.0906008 0.0165843 0.00281918
 0.672691 0.237173 0.0615919 0.0235174 0.00502676
 0.489102 0.375002 0.0987032 0.0254189 0.0117737
 0.638181 0.211727 0.11164 0.0279555 0.0104957
 0.557977 0.318092 0.0735508 0.037497 0.0128838
 0.622659 0.251251 0.0923859 0.0200406 0.0136643
 0.602215 0.288252 0.0746736 0.0255768 0.0092828
 0.449734 0.390361 0.117813 0.0287352 0.0133569
 0.470206 0.317553 0.155415 0.0419566 0.0148692
 0.618838 0.240031 0.0882033 0.038835 0.0140924
 0.619135 0.308064 0.0488282 0.0150527 0.00892026
 0.722493 0.23873 0.0331636 0.00379444 0.00181937
 0.729928 0.242009 0.0251794 0.00247518 0.00040849
 0.591364 0.342858 0.0597683 0.00539751 0.000611853
 0.619099 0.270822 0.093783 0.014817 0.00147922
 0.611279 0.279109 0.0794148 0.0257448 0.00445236
 0.687662 0.220314 0.067104 0.0180747 0.00684578
 0.633926 0.280325 0.0614521 0.0177355 0.00656055
 0.611284 0.274364 0.0881134 0.0188141 0.00742434
 0.67165 0.226726 0.0724271 0.0225101 0.00668722
 0.652346 0.259545 0.0615791 0.0189234 0.00760718
 0.364948 0.461872 0.130502 0.0298513 0.0128269
 0.48492 0.229463 0.20946 0.0574197 0.0187369
pobs_PELACES
 0 0 0 0 0
 0 0 0 0 0
 0 0 0 0 0
 0 0 0 0 0
 0 0 0 0 0
 0 0 0 0 0
 0 0 0 0 0
 0 0 0 0 0
 0 0 0 0 0
 0 0 0 0 0
 0.450072 0.473896 0.0757376 0.000293798 0
 0 0 0 0 0
 0.463077 0.371075 0.160297 0.00555027 0
 0.529543 0.364841 0.0842815 0.0213345 0
 0.631943 0.363953 0.00410389 0 0
 0.735681 0.248677 0.0153453 0.000297389 0
 0.695825 0.281241 0.0229344 0 0
 0.275771 0.60734 0.115278 0.00161068 0
 0 0 0 0 0
 0.896147 0.0623911 0.0374545 0.00400742 0
 0.803859 0.145111 0.0509908 3.86294e-05 0
 0.739449 0.233085 0.0266225 0.000797448 4.60066e-05
 0.878498 0.100942 0.0204185 0.000141795 0
 0.694673 0.275183 0.0284847 0.00165964 0
 0.469039 0.446079 0.0841089 0.000773354 0
 0.822795 0.102175 0.0682046 0.00682512 0
ppred_PELACES
 0.813383 0.143136 0.0389918 0.00448658 2.84729e-06
 0.76539 0.198989 0.0276258 0.00717261 0.000823129
 0.644794 0.289955 0.055741 0.00738003 0.0021293
 0.718795 0.191576 0.0738358 0.0134984 0.00229445
 0.723521 0.200523 0.0519062 0.0198145 0.00423522
 0.567533 0.320126 0.0816473 0.0209784 0.00971576
 0.701461 0.176128 0.0910841 0.022776 0.00855042
 0.638393 0.263121 0.0585176 0.0297486 0.0102199
 0.701136 0.201979 0.0710495 0.0153627 0.0104729
 0.676772 0.236501 0.0591742 0.0202169 0.00733648
 0.553095 0.323424 0.091099 0.0221083 0.0102738
 0.570819 0.263765 0.121276 0.0325921 0.0115477
 0.729659 0.176721 0.0586741 0.0256438 0.00930193
 0.772294 0.190909 0.0247993 0.00753532 0.00446198
 0.850473 0.132346 0.0147281 0.00165818 0.000794381
 0.809201 0.17251 0.0164209 0.0016038 0.000264591
 0.680852 0.270406 0.0443073 0.00398329 0.00045143
 0.695724 0.218915 0.072756 0.0114606 0.00114396
 0.684456 0.228745 0.0629293 0.0203506 0.00351902
 0.752724 0.176211 0.0518559 0.0139327 0.00527629
 0.694947 0.234484 0.0505907 0.0145839 0.0053944
 0.676645 0.229584 0.0722793 0.0154109 0.0060809
 0.733484 0.185414 0.0578298 0.0179421 0.00532967
 0.715392 0.213723 0.0495659 0.0152065 0.00611246
 0.432424 0.414925 0.115071 0.0262859 0.0112941
 0.556095 0.199778 0.179097 0.0490317 0.0159986
pobs_pel_tallas
 0 0 0 0 0 0 0 0 0 0 0 0 0 0 0 0 0 0 0 0 0 0 0 0 0 0 0 0 0 0 0 0 0 0 0 0
 0 0 0 0 0 0 0 0 0 0 0 0 0 0 0 0 0 0 0 0 0 0 0 0 0 0 0 0 0 0 0 0 0 0 0 0
 0 0 0 0 0 0 0 0 0 0 0 0 0 0 0 0 0 0 0 0 0 0 0 0 0 0 0 0 0 0 0 0 0 0 0 0
 0 0 0 0 0 0 0 0 0 0 0 0 0 0 0 0 0 0 0 0 0 0 0 0 0 0 0 0 0 0 0 0 0 0 0 0
 0 0 0 0 0 0 0 0 0 0 0 0 0 0 0 0 0 0 0 0 0 0 0 0 0 0 0 0 0 0 0 0 0 0 0 0
 0 0 0 0 0 0 0 0 0 0 0 0 0 0 0 0 0 0 0 0 0 0 0 0 0 0 0 0 0 0 0 0 0 0 0 0
 0 0 0 0 0 0 0 0 0 0 0 0 0 0 0 0 0 0 0 0 0 0 0 0 0 0 0 0 0 0 0 0 0 0 0 0
 0 0 0 0 0 0 0 0 0 0 0 0 0 0 0 0 0 0 0 0 0 0 0 0 0 0 0 0 0 0 0 0 0 0 0 0
 0 0 0 0 0 0 0 0 0 0 0 0 0 0 0 0 0 0 0 0 0 0 0 0 0 0 0 0 0 0 0 0 0 0 0 0
 0 0 0 0 0 0 0 0 0 0 0 0 0 0 0 0 0 0 0 0 0 0 0 0 0 0 0 0 0 0 0 0 0 0 0 0
 0 0 0 0 0 0 0 0 1.78061e-05 0.00172719 0.00360574 0.0105946 0.0120993 0.0124554 0.0147524 0.0171206 0.0266825 0.0428682 0.0675386 0.121331 0.153587 0.119568 0.100827 0.0573624 0.0630603 0.0341343 0.0324427 0.0444173 0.0211091 0.0280891 0.0125444 0.00206551 0 0 0 0
 0 0 0 0 0 0 0 0 0 0 0 0 0 0 0 0 0 0 0 0 0 0 0 0 0 0 0 0 0 0 0 0 0 0 0 0
 0 0 0 0 0 0 0.0133647 0.0140871 0.0187388 0.0205184 0.03894 0.0496705 0.03968 0.0493445 0.0407372 0.0367815 0.0215668 0.0243155 0.0234873 0.0199281 0.019796 0.0243948 0.0301388 0.0376714 0.0412746 0.0863199 0.0771752 0.113111 0.0741005 0.0525337 0.0229764 0.00759418 0.00175318 0 0 0
 0 0 0 0 0 0 0 0 0 0 0.00219441 0.00772107 0.0458388 0.0604681 0.0671733 0.0775358 0.0609151 0.0617685 0.073594 0.0568108 0.0755445 0.0548602 0.0670107 0.0636378 0.0643287 0.046367 0.0373049 0.0286899 0.0247887 0.0153202 0.00654259 0.00121912 0.000365735 0 0 0
 0 0 0 0 0 0 0 0 0 0 0 0 0.000112435 0.00938835 0.0111873 0.0202946 0.0414886 0.0713402 0.111592 0.104902 0.108894 0.110636 0.117776 0.105296 0.107544 0.0401394 0.0192827 0.0124803 0.00416011 0.0028671 0.000618394 0 0 0 0 0
 0 0 0 0 0 0 0 0 0 0 0.00291406 0.0102884 0.027416 0.0768956 0.0749926 0.110853 0.0956884 0.0897413 0.0766577 0.0534642 0.0500743 0.0551293 0.0594112 0.0620874 0.0668451 0.0424026 0.0208742 0.0120726 0.0048766 0.00582813 0.00118941 0.000297354 0 0 0 0
 0 0.00264628 0.0354308 0.0461629 0.0458689 0.0383711 0.0214643 0.0164657 0.0346957 0.0420465 0.0363128 0.0245516 0.0311673 0.0291091 0.0169068 0.0133784 0.00837989 0.0085269 0.0148486 0.0160247 0.0276389 0.0546898 0.0760071 0.122758 0.109233 0.0665981 0.0333725 0.0166128 0.00676272 0.00308733 0.000882094 0 0 0 0 0
 0 0 0 0 0 0 0 0.000805153 0.000690131 0.00759144 0.0133425 0.0154129 0.00931677 0.000345066 0.00356568 0.00563607 0.00851162 0.0253048 0.0502646 0.0516448 0.0657925 0.0565908 0.0611916 0.0827007 0.0866115 0.110766 0.145733 0.0935128 0.0569358 0.0249597 0.0138026 0.00621118 0.00161031 0.00115022 0 0
 0 0 0 0 0 0 0 0 0 0 0 0 0 0 0 0 0 0 0 0 0 0 0 0 0 0 0 0 0 0 0 0 0 0 0 0
 0.00147267 0.00158595 0.00478618 0.00569244 0.00954404 0.0108468 0.00647125 0.017049 0.0510054 0.094081 0.124002 0.0959785 0.0687766 0.0820023 0.061753 0.0591476 0.0492212 0.0479892 0.0443925 0.0268479 0.0217502 0.0140895 0.0121071 0.0120363 0.00920419 0.00665534 0.0049561 0.00860946 0.00930331 0.0156896 0.0114698 0.00855282 0.00243557 0.00046729 0 2.83206e-05
 0 0 0 0 0.000772559 0.00158375 0.000888443 0.00281984 0.00712685 0.0440552 0.0773331 0.111326 0.0921469 0.0852325 0.0710754 0.0886704 0.0786465 0.0553345 0.0373146 0.0185414 0.00753245 0.00457741 0.012979 0.0271748 0.0457355 0.0583668 0.034881 0.0177882 0.00938659 0.00492506 0.0015258 0.00185414 0.000309023 5.79419e-05 3.86279e-05 0
 0 0.00173294 0.00326652 0 0.00397197 0.00683976 0.00946217 0.0152591 0.00757587 0.0136028 0.0228656 0.0392903 0.0559909 0.0764795 0.0681675 0.0726916 0.0566044 0.0477403 0.0527397 0.0444891 0.0609904 0.0582453 0.0661739 0.0445044 0.0529084 0.0360697 0.0280645 0.0235558 0.0158879 0.00826598 0.00280645 0.00217768 0.000904811 0.00058276 9.20147e-05 0
 0 0 0 0 0 0 0 0 0 0 0 0 0 0 0 0 0 0 0 0 0 0 0 0 0 0 0 0 0 0 0 0 0 0 0 0
 0 0 0 0 0 0 0 0 0 0 0 0 0 0 0 0 0 0 0 0 0 0 0 0 0 0 0 0 0 0 0 0 0 0 0 0
 0 0 0 0 0 0 0 0 0 0 0 0 0 0 0 0 0 0 0 0 0 0 0 0 0 0 0 0 0 0 0 0 0 0 0 0
 0 0 0 0 0 0 0 0 0 0 0 0 0 0 0 0 0 0 0 0 0 0 0 0 0 0 0 0 0 0 0 0 0 0 0 0
ppred_pel_tallas
 1.00755e-16 3.54858e-05 0.000208281 0.00099009 0.00381193 0.0118872 0.030026 0.0614368 0.101837 0.13676 0.148811 0.131235 0.0938847 0.0546747 0.0263155 0.011218 0.00548762 0.0045463 0.00559049 0.00739564 0.00947496 0.0115523 0.0133839 0.0147463 0.0154744 0.0154965 0.0148485 0.0136591 0.0121139 0.0104097 0.00871532 0.00714855 0.00577178 0.00460194 0.00362725 0.00282337
 1.00743e-16 3.33953e-05 0.000196003 0.000931707 0.00358712 0.0111861 0.0282552 0.0578141 0.0958339 0.128704 0.14006 0.123554 0.0884671 0.0516766 0.0251658 0.0112305 0.00623163 0.00587809 0.00752919 0.0100022 0.0127769 0.0155038 0.0178505 0.0195119 0.0202686 0.0200369 0.0188872 0.0170215 0.0147192 0.012271 0.00992088 0.00783228 0.0060822 0.00467668 0.00357721 0.00272673
 1.01239e-16 2.81406e-05 0.000165144 0.000784983 0.00302216 0.00942428 0.0238051 0.0487096 0.0807458 0.108452 0.118051 0.10421 0.0747718 0.0439901 0.0220082 0.0108164 0.00740535 0.00820025 0.0109823 0.0147087 0.0188329 0.0228971 0.0264258 0.0289734 0.0302144 0.030018 0.0284757 0.0258689 0.0225934 0.0190639 0.0156312 0.0125344 0.00989148 0.00772124 0.00597983 0.0045967
 1.01682e-16 3.13634e-05 0.000184074 0.000874997 0.00336877 0.0105052 0.0265353 0.054295 0.0900009 0.120871 0.131539 0.116043 0.0831032 0.048572 0.0237087 0.0106769 0.00606873 0.0058655 0.00759929 0.0101705 0.0130986 0.0160583 0.0187329 0.0208223 0.0220974 0.0224476 0.0219003 0.0206035 0.01878 0.0166705 0.0144847 0.0123727 0.0104205 0.00866263 0.00710276 0.00573163
 1.01681e-16 3.15698e-05 0.000185285 0.000880752 0.00339093 0.0105743 0.0267098 0.0546522 0.0905931 0.121667 0.132406 0.116811 0.0836599 0.0489104 0.0238977 0.010801 0.00619078 0.00602068 0.00780267 0.0104225 0.013386 0.0163532 0.0189938 0.0209989 0.0221381 0.02231 0.0215611 0.0200646 0.0180705 0.0158422 0.0136035 0.0115071 0.00963127 0.00799429 0.00657955 0.00535775
 1.02439e-16 2.47728e-05 0.00014537 0.000690967 0.00266017 0.0082954 0.0209537 0.0428757 0.071077 0.095472 0.103939 0.0917916 0.0659479 0.0389729 0.0198218 0.0102792 0.00772995 0.00905431 0.012309 0.0165591 0.021274 0.0259708 0.0301321 0.0332656 0.0350049 0.0351905 0.0339007 0.0314183 0.0281491 0.0245212 0.020898 0.0175284 0.0145395 0.01196 0.00976002 0.00788725
 1.02533e-16 3.06069e-05 0.000179634 0.000853893 0.00328752 0.0102518 0.0258953 0.0529854 0.0878298 0.117955 0.128363 0.113237 0.0810848 0.0473742 0.0230912 0.0103452 0.00581024 0.00556672 0.00721311 0.00968874 0.0125426 0.0154787 0.0182091 0.0204563 0.0220011 0.0227257 0.0226313 0.0218247 0.0204794 0.0187877 0.0169196 0.0150006 0.0131088 0.0112871 0.00955937 0.00794406
 1.02417e-16 2.78603e-05 0.000163502 0.000777179 0.00299212 0.00933061 0.0235685 0.0482252 0.0799422 0.107371 0.116869 0.103154 0.0739879 0.043476 0.0216534 0.0104826 0.006977 0.00759476 0.0101449 0.0136122 0.0174855 0.0213519 0.0247852 0.0273834 0.0288485 0.0290522 0.0280607 0.0261058 0.023518 0.0206434 0.0177726 0.0151005 0.0127217 0.010652 0.00886172 0.00730643
 1.02092e-16 3.05938e-05 0.000179555 0.00085351 0.00328604 0.0102472 0.0258836 0.0529617 0.0877912 0.117905 0.128315 0.113207 0.0810916 0.0474347 0.0232255 0.0105813 0.00618494 0.00612144 0.0079846 0.0106966 0.0137764 0.0168878 0.0196997 0.0218984 0.0232455 0.0236278 0.0230775 0.0217524 0.0198878 0.0177353 0.0155113 0.0133673 0.0113862 0.00959689 0.00799663 0.0065718
 1.01955e-16 2.95327e-05 0.000173323 0.000823874 0.00317192 0.00989131 0.0249848 0.0511228 0.0847442 0.113817 0.123875 0.109313 0.0783517 0.0459322 0.0226761 0.0106445 0.00665174 0.00692904 0.00915151 0.0122584 0.0157444 0.0192267 0.022319 0.0246575 0.0259718 0.026144 0.025231 0.02344 0.0210682 0.0184288 0.0157869 0.0133232 0.0111289 0.00922399 0.00758626 0.00617827
 1.02639e-16 2.41434e-05 0.000141674 0.000673397 0.00259252 0.00808444 0.0204209 0.0417854 0.06927 0.093046 0.101301 0.0894692 0.0642953 0.0380286 0.0194013 0.0101593 0.00776019 0.00916949 0.0124961 0.0168269 0.0216373 0.0264429 0.0307221 0.0339763 0.0358322 0.036123 0.0349209 0.0325028 0.0292706 0.0256497 0.0220028 0.0185802 0.0155121 0.012833 0.0105201 0.00852853
 1.03467e-16 2.4914e-05 0.000146203 0.00069494 0.00267548 0.00834318 0.0210743 0.043122 0.0714838 0.0960138 0.104516 0.0922721 0.0662289 0.0390107 0.0196058 0.00978898 0.00691217 0.00783042 0.010601 0.0143216 0.0185257 0.022817 0.0267726 0.0299804 0.032118 0.033018 0.0326958 0.0313258 0.0291827 0.0265672 0.0237421 0.0208977 0.0181478 0.0155472 0.013119 0.0108764
 1.02207e-16 3.18365e-05 0.000186853 0.000888211 0.00341966 0.0106639 0.0269361 0.0551149 0.0913595 0.122694 0.133518 0.117779 0.0843234 0.049239 0.0239481 0.0106385 0.00584278 0.0054755 0.00703091 0.00940029 0.012113 0.014865 0.0173665 0.0193446 0.0205918 0.021009 0.0206224 0.0195665 0.0180408 0.0162582 0.0143996 0.0125896 0.0108942 0.00933469 0.00790811 0.00660522
 1.00882e-16 3.36961e-05 0.000197769 0.000940106 0.00361946 0.011287 0.02851 0.0583353 0.0966974 0.129863 0.141319 0.124658 0.0892458 0.0521066 0.0253288 0.0112244 0.00611751 0.00567511 0.00723278 0.00960152 0.0122658 0.0148871 0.0171466 0.0187524 0.019495 0.0192946 0.0182193 0.0164622 0.0142903 0.0119804 0.0097638 0.00779417 0.00614219 0.00481101 0.00376197 0.00293984
 1.00347e-16 3.71026e-05 0.000217774 0.00103522 0.00398571 0.0124291 0.0313949 0.0642375 0.106479 0.142992 0.155587 0.137199 0.0981258 0.0570928 0.0273818 0.0115031 0.00537352 0.00419621 0.00503382 0.00660692 0.0084166 0.0101935 0.0117093 0.0127605 0.0132024 0.0129822 0.0121507 0.0108471 0.00926251 0.00759511 0.00601086 0.00462053 0.00347526 0.00257706 0.00189665 0.00139139
 1.00357e-16 3.53046e-05 0.000207215 0.000985014 0.00379238 0.0118262 0.029872 0.0611219 0.101316 0.136063 0.148058 0.130587 0.0934541 0.0544908 0.0263513 0.0114448 0.00590571 0.00518352 0.00648312 0.00856676 0.010916 0.0132103 0.0151576 0.0164936 0.0170308 0.0167021 0.0155766 0.0138386 0.0117406 0.00954383 0.00746676 0.00565483 0.00417453 0.00302707 0.00217193 0.00155063
 1.00876e-16 2.9712e-05 0.000174372 0.000828857 0.0031911 0.00995109 0.0251358 0.0514321 0.0852577 0.114509 0.124635 0.11 0.0788801 0.0463134 0.0229963 0.0110135 0.00716951 0.00767641 0.0101878 0.013614 0.0174074 0.0211305 0.0243373 0.0266126 0.0276558 0.0273501 0.0257882 0.023242 0.02009 0.0167277 0.013489 0.0106 0.0081707 0.0062145 0.00468376 0.00350413
 1.01552e-16 3.03585e-05 0.000178172 0.000846932 0.00326071 0.0101682 0.0256841 0.0525536 0.0871152 0.116999 0.127333 0.112351 0.0805003 0.0471334 0.0231608 0.010691 0.00643967 0.00652618 0.00856127 0.0114654 0.0147414 0.0180277 0.0209635 0.0232072 0.0245016 0.0247279 0.0239289 0.0222866 0.0200694 0.0175647 0.015021 0.0126141 0.0104411 0.00853509 0.00688987 0.00548234
 1.01832e-16 2.98675e-05 0.000175289 0.000833223 0.00320792 0.0100036 0.0252683 0.0517029 0.0857055 0.115107 0.125276 0.110544 0.0792216 0.0464168 0.0228684 0.0106562 0.00655433 0.00674851 0.00888774 0.011904 0.015296 0.0186906 0.0217133 0.0240107 0.0253188 0.0255202 0.024666 0.0229523 0.0206636 0.0181006 0.0155197 0.0130978 0.010927 0.00903134 0.0073948 0.00598592
 1.01519e-16 3.28422e-05 0.000192757 0.000916282 0.00352774 0.0110009 0.0277874 0.0568568 0.0942466 0.126571 0.137735 0.121494 0.086973 0.0507655 0.0246515 0.0108834 0.00587895 0.00541836 0.00691226 0.00921434 0.0118394 0.0144771 0.0168347 0.0186394 0.0196865 0.0198836 0.0192676 0.0179864 0.0162559 0.0143051 0.0123294 0.0104641 0.00878034 0.00729822 0.00600746 0.00488658
 1.01548e-16 3.03252e-05 0.000177975 0.000845993 0.00325709 0.0101569 0.0256556 0.0524953 0.0870191 0.116871 0.127197 0.112239 0.0804363 0.0471289 0.0232195 0.0108191 0.00665106 0.00684012 0.00899553 0.0120278 0.015422 0.018793 0.0217558 0.0239501 0.0251106 0.0251266 0.0240633 0.0221373 0.0196552 0.0169389 0.0142604 0.0118041 0.00966139 0.00784828 0.00633519 0.0050748
 1.01915e-16 2.9527e-05 0.000173289 0.000823717 0.00317132 0.00988943 0.02498 0.051113 0.0847278 0.113794 0.123849 0.109287 0.0783263 0.0459036 0.0226368 0.0105846 0.00656051 0.00679629 0.00896961 0.0120251 0.0154657 0.0189189 0.0220087 0.0243791 0.025762 0.0260346 0.0252422 0.0235756 0.0213142 0.018756 0.0161565 0.0136942 0.0114651 0.00949905 0.00778614 0.00630116
 1.01747e-16 3.20036e-05 0.000187833 0.000892871 0.00343759 0.0107198 0.0270774 0.0554041 0.091839 0.123339 0.134221 0.118403 0.0847787 0.0495217 0.0241169 0.0107662 0.00598588 0.0056698 0.00729691 0.00974672 0.012536 0.0153456 0.0178693 0.0198198 0.0209807 0.0212522 0.020669 0.0193825 0.0176145 0.0156014 0.013545 0.0115855 0.00979776 0.0082045 0.00679835 0.00556111
 1.01582e-16 3.12158e-05 0.000183206 0.000870865 0.00335286 0.0104556 0.02641 0.0540387 0.0895766 0.120303 0.130926 0.115514 0.0827489 0.0484149 0.0237247 0.0108393 0.00637368 0.00633058 0.00824886 0.0110189 0.0141365 0.0172432 0.0199873 0.0220399 0.0231582 0.0232384 0.0223365 0.020645 0.0184385 0.0160055 0.0135901 0.011358 0.00939206 0.00770844 0.00628325 0.00507762
 1.032e-16 1.88854e-05 0.000110797 0.000526581 0.00202721 0.00632151 0.015968 0.0326752 0.0541725 0.0727815 0.0792782 0.0701134 0.0505918 0.030338 0.0162429 0.00974675 0.00893711 0.0114961 0.0159545 0.0215385 0.0276967 0.0338358 0.0392908 0.0434228 0.0457533 0.0460702 0.0444685 0.0413073 0.0371062 0.0324153 0.0277037 0.0232954 0.0193591 0.0159388 0.0130035 0.010493
 1.0504e-16 2.42694e-05 0.000142425 0.00067699 0.00260639 0.00812773 0.0205301 0.042008 0.0696356 0.093527 0.101798 0.089845 0.0644281 0.0378325 0.0187985 0.00903783 0.00595758 0.00649198 0.00876641 0.0119465 0.0156503 0.0195856 0.0234381 0.0268858 0.0296515 0.0315505 0.0325143 0.0325804 0.0318599 0.0304953 0.0286258 0.0263707 0.0238299 0.021095 0.0182601 0.0154264
pSPR Fmed_Fpbrs
0.49084   0.6 0.324999
Fs Fmed_Fpbrs
0.68   0.430182 1.43455
SSBpbr Bo_Bmed_Bpbrs
1.24351e+06  548190  683932 341965
Ro
41772.8
SPR SPRFo_SPRFmed_SPRFpbrs
862789 423492 280406
log_Ro
10.46
likeval ReclasPelacesDesembMPH_pf_preclas_ppelaces_ptallas_desvR_qrecl_qpela
 62.4783 18.429 0.0120095 0.000504172 324.889 208.213 82.7054 0 15.7997 2.15008e-05 3.48124e-05 2.74227e-10 0 0 0
q_reclas_q_pelaces
0.518369 2.31503
M
0.7
N
 42156.5 11346.6 3705.28 432.002 0.274353
 51111.6 18889.4 3046.99 799.782 91.8368
 30247.4 23311.1 5639.26 759.207 219.245
 44634 13185.2 5309.77 973.814 165.557
 76535.6 21619.8 5642.03 2155.04 460.641
 55705.4 37831.7 10444.2 2699.02 1250.39
 93942.6 26447.7 14361.6 3603.95 1353.23
 87521.2 45376.9 11129.6 5698.39 1958.39
 109913 41115.1 16168 3524.37 2403.65
 119458 51238.9 13991.6 4810.7 1746.34
 64256.9 56452.4 18916.7 4649.09 2161.91
 43307.3 28916.8 15556.6 4228.7 1499.19
 44664.6 19673.6 8430.59 3753.6 1362.92
 24021.7 19192.3 4112.37 1295.85 768.824
 15611.7 8981.71 1746.03 204.714 98.2856
 15688.7 5650.47 672.71 66.7795 11.0267
 11993.6 6862.65 1314.02 119.478 13.5488
 13599.5 5452.38 2009.42 318.913 31.8457
 15625.5 6368.89 1907 620.51 107.334
 25792 7395.55 2373.09 641.627 243.065
 32902.4 12194.7 2738.59 791.764 292.91
 41862.7 15971.9 5286.46 1131.25 446.462
 69419.1 20206.8 6693.32 2085.75 619.715
 97509 33316 8181.97 2520.65 1013.43
 43765.1 46874.4 13623.9 3122.77 1341.98
 52954.5 21162.8 19854.2 5453.51 1779.75
pred_Ctot
 2979.09 3880.74 1578.94 186.48 0.118509
 3012.75 5577.46 1135.36 302.15 34.7204
 2677.81 9483.65 2805.95 382.181 110.435
 790.166 1322.75 705.777 131.691 22.4091
 253.136 423.359 149.092 58.0148 12.4129
 1763.86 6508.25 2340.15 614.511 284.929
 1847.44 2929.89 2102.84 536.776 201.734
 3409.35 9396.04 2975.63 1547.16 532.155
 4857.94 9509.56 4798.85 1061.84 724.76
 4166.44 9616.18 3406.88 1189.97 432.333
 4358.14 18685.6 7825.12 1948.54 906.734
 2667.07 8851.57 5991.84 1651.02 585.752
 4362.89 8602.18 4467.84 2011.28 730.718
 4338.26 12351.7 2995.91 950.307 564.013
 3100.08 6064.74 1319.09 155.574 74.7161
 1354 2255.4 329.146 33.0614 5.46255
 732.882 2087.3 503.153 46.3767 5.26292
 558.612 1182.97 561.514 90.4842 9.04278
 528.381 1162.56 452.21 149.49 25.8801
 890.599 1375.54 572.908 157.362 59.663
 532.125 1122.82 334.735 98.4729 36.4632
 843.714 1810.67 791.631 172.309 68.0654
 1678.12 2714.43 1181.79 374.455 111.356
 2244.76 4276.88 1382.5 433.114 174.29
 827.275 5002.86 1923.69 448.553 192.937
 970.36 2193.42 2724.38 761.298 248.676
F
 0.102788 0.614759 0.833175 0.849052 0.849904
 0.0850797 0.508848 0.689636 0.702777 0.703483
 0.130313 0.779382 1.05629 1.07642 1.0775
 0.0248881 0.148852 0.201737 0.205581 0.205788
 0.00460836 0.0275619 0.0373543 0.0380661 0.0381043
 0.0449083 0.268589 0.364016 0.370952 0.371325
 0.027681 0.165556 0.224376 0.228651 0.228881
 0.0555052 0.331968 0.449912 0.458486 0.458946
 0.0631886 0.377921 0.512192 0.521952 0.522476
 0.0495675 0.296455 0.401782 0.409438 0.409849
 0.0984669 0.588915 0.798149 0.813358 0.814175
 0.0890437 0.532556 0.721767 0.735521 0.736259
 0.144675 0.865279 1.1727 1.19505 1.19625
 0.283766 1.69716 2.30014 2.34397 2.34633
 0.316282 1.89163 2.5637 2.61256 2.61518
 0.126846 0.758645 1.02818 1.04778 1.04883
 0.0883237 0.52825 0.715931 0.729573 0.730306
 0.0586075 0.350522 0.475058 0.484111 0.484597
 0.048025 0.28723 0.389279 0.396697 0.397095
 0.0490622 0.293433 0.397686 0.405265 0.405671
 0.0227149 0.135854 0.184121 0.18763 0.187818
 0.0283776 0.169722 0.230022 0.234405 0.23464
 0.034123 0.204084 0.276593 0.281864 0.282147
 0.0324723 0.194212 0.263213 0.268228 0.268498
 0.0265943 0.159056 0.215567 0.219675 0.219895
 0.0257714 0.154135 0.208897 0.212878 0.213092
Np
 28545.8 13456.8 9323.31 2934.15 3420.14
YTP_r0W_actual
 8733.24 55712.9 96170.7 31517.7 11190.4
YTP_p0W_proyectada
 8559.38 108368 71698.7 82603.3 35171.7
 8559.38 56903.3 74208.8 30293.9 39218.7
CTP_r0_actual
 970.36 2193.42 2724.38 761.298 248.676
CTP_p0_proyectada
 1043.83 5017.02 2283.4 2059.93 790.374
 1043.83 2634.41 2363.34 755.46 881.318
Wmedp
 8.2 21.6 31.4 40.1 44.5
nmprior
 10.6 11 7 0
nm_flota  nm_reclas  nm_pelaces    nm_pelaL
inf 16.4422 17.9813 57.1148
cv_recla  cv_pelaces  cv_mph
0.699257 0.470263 0.611115
 ------------------------------------------------
Talla a la edad & desviaci?n 
 7.2 14.2025 17.0495 18.207 18.6776
 1.08 2.13037 2.55742 2.73105 2.80164
