years
 1997 1998 1999 2000 2001 2002 2003 2004 2005 2006 2007 2008 2009 2010 2011 2012 2013 2014 2015 2016 2017 2018 2019 2020 2021 2022
reclasobs
 0 0 0 370054 412103 1.49427e+06 250295 1.28982e+06 931140 785840 897777 1.04006e+06 184774 17550 25797 100020 73551 82996 120727 218422 84188 347160 605670 569463 516374 1.08416e+06
reclaspred
 438248 131025 456997 329152 429602 506176 1.07384e+06 671413 686396 561773 426933 286091 175770 87521.2 66794.8 70597.5 89733.5 124926 133027 188158 265266 239399 418917 578589 718504 698295
pelacesobs
 0 0 0 0 0 0 0 0 0 2.06254e+06 1.5e+06 0 1.87456e+06 323000 250000 174000 83755 137374 0 501740 490994 745055 786931 1.00524e+06 1.33801e+06 1.41789e+06
pelacespred
 1.71151e+06 463630 952202 1.05327e+06 1.16137e+06 1.16501e+06 2.67932e+06 2.20256e+06 1.93869e+06 1.624e+06 1.11687e+06 767146 470755 203069 151236 167314 219853 305673 337746 462496 716651 638008 908789 1.40325e+06 1.74027e+06 1.86632e+06
mphobs
 0 0 0 0 0 112323 0 153150 637223 0 255016 313432 73983 77613 109348 50772 17779 17303 59886 28197 0 207744 136588 643089 65757 0
mphpred
 122830 86705.8 116205 162355 153905 216861 326487 369229 297282 273342 230988 160505 99771.9 53868.9 29002.7 26414.8 32124.1 45008.7 56554.3 65120.6 95066.2 109660 137396 199355 299578 327513
desembarqueobs
 350755 77701 442110 56441 14545 235359 269955 359681 431902 328805 639364 411747 362871 311530 167758 66681 60226 58785 57116 73181 50977 67692 138656 160484 209506 203330
desembarquepred
 350765 77704.6 442153 56442.6 14545.1 235391 269979 359715 431980 328873 639803 412124 363389 312170 167878 66699.2 60244.8 58789.4 57115.9 73184.4 50978.4 67690.6 138661 160491 209506 203330
Reclutas
 87554.6 110385 72153.7 103936 169764 127048 186785 154992 164560 144041 70327.1 42072.2 43177.7 25789.6 21519.3 29037.7 25353.9 28992.2 33121.3 57644.4 71659 90995 154143 219005 98356.6 123441
log_desv_Rt
 0.140018 0.37173 -0.0534459 0.31153 0.802162 0.512318 0.897711 0.711127 0.771033 0.637854 -0.0790872 -0.592857 -0.56692 -1.08227 -1.26329 -0.963651 -1.09931 -0.965218 -0.832069 -0.277951 -0.0603265 0.17856 0.705634 1.05685 0.256355 0.483521
SSB
 1.04687e+06 738986 990405 1.38374e+06 1.31172e+06 1.84828e+06 2.78262e+06 3.14691e+06 2.53371e+06 2.32967e+06 1.96869e+06 1.36797e+06 850348 459120 247188 225131 273791 383605 482008 555017 810241 934619 1.17101e+06 1.69908e+06 2.55328e+06 2.79137e+06
BT
 3.60308e+06 1.02528e+06 2.07936e+06 2.09253e+06 2.25226e+06 2.4356e+06 5.35455e+06 4.66438e+06 4.14e+06 3.45729e+06 2.747e+06 1.86632e+06 1.26878e+06 696071 437092 378726 474344 637040 701312 952723 1.42506e+06 1.29517e+06 1.85084e+06 2.83894e+06 3.52021e+06 3.7794e+06
Ftot
 0.277275 0.197306 0.260757 0.0473776 0.0105079 0.112021 0.0700278 0.144287 0.171459 0.152435 0.346847 0.324778 0.502358 0.846248 0.709683 0.274864 0.198738 0.132814 0.112417 0.116483 0.055772 0.0750211 0.089698 0.082883 0.0695544 0.0700038
BD_Bspro_t
 0.966709 0.841827 0.825643 0.752904 0.829608 0.900986 0.881198 0.882192 0.838279 0.797649 0.752104 0.611856 0.503037 0.39351 0.281754 0.308871 0.438379 0.607717 0.708472 0.776371 0.845785 0.891845 0.895256 0.899894 0.909091 0.890997
BD_Bspro
 0.665906 0.470062 0.629987 0.880181 0.834369 1.17567 1.77 2.00172 1.61167 1.48188 1.25226 0.870154 0.540898 0.292042 0.157234 0.143204 0.174156 0.244007 0.3066 0.353041 0.515386 0.594502 0.744869 1.08077 1.62411 1.77556
BD_Bo
 0.292429 0.206425 0.276655 0.386527 0.366409 0.516292 0.777284 0.879044 0.707755 0.650761 0.549925 0.382124 0.237532 0.128249 0.0690484 0.0628871 0.0764796 0.107155 0.134642 0.155036 0.226329 0.261072 0.327105 0.474614 0.713221 0.779728
BD_Brms
 0.531689 0.375318 0.50301 0.702776 0.666198 0.938712 1.41324 1.59826 1.28683 1.1832 0.999864 0.69477 0.431877 0.233179 0.125542 0.11434 0.139054 0.194827 0.244804 0.281884 0.411508 0.474677 0.594737 0.862935 1.29677 1.41769
S_f
 0.207293 1 1 1 1
 0.207293 1 1 1 1
 0.207293 1 1 1 1
 0.207293 1 1 1 1
 0.207293 1 1 1 1
 0.207293 1 1 1 1
 0.207293 1 1 1 1
 0.207293 1 1 1 1
 0.207293 1 1 1 1
 0.207293 1 1 1 1
 0.207293 1 1 1 1
 0.207293 1 1 1 1
 0.207293 1 1 1 1
 0.207293 1 1 1 1
 0.207293 1 1 1 1
 0.207293 1 1 1 1
 0.207293 1 1 1 1
 0.207293 1 1 1 1
 0.207293 1 1 1 1
 0.207293 1 1 1 1
 0.207293 1 1 1 1
 0.207293 1 1 1 1
 0.207293 1 1 1 1
 0.207293 1 1 1 1
 0.207293 1 1 1 1
 0.207293 1 1 1 1
Scru_reclas
 1 1 1 1 1
 1 1 1 1 1
 1 1 1 1 1
 1 1 1 1 1
 1 1 1 1 1
 1 1 1 1 1
 1 1 1 1 1
 1 1 1 1 1
 1 1 1 1 1
 1 1 1 1 1
 1 1 1 1 1
 1 1 1 1 1
 1 1 1 1 1
 1 1 1 1 1
 1 1 1 1 1
 1 1 1 1 1
 1 1 1 1 1
 1 1 1 1 1
 1 1 1 1 1
 1 1 1 1 1
 1 1 1 1 1
 1 1 1 1 1
 1 1 1 1 1
 1 1 1 1 1
 1 1 1 1 1
 1 1 1 1 1
Scru_pelaces
 1 1 1 1 1
 1 1 1 1 1
 1 1 1 1 1
 1 1 1 1 1
 1 1 1 1 1
 1 1 1 1 1
 1 1 1 1 1
 1 1 1 1 1
 1 1 1 1 1
 1 1 1 1 1
 1 1 1 1 1
 1 1 1 1 1
 1 1 1 1 1
 1 1 1 1 1
 1 1 1 1 1
 1 1 1 1 1
 1 1 1 1 1
 1 1 1 1 1
 1 1 1 1 1
 1 1 1 1 1
 1 1 1 1 1
 1 1 1 1 1
 1 1 1 1 1
 1 1 1 1 1
 1 1 1 1 1
 1 1 1 1 1
pf_obs 
 0.256992 0.487395 0.22802 0.0275931 0
 0.321318 0.546541 0.124235 0.00734118 0.000564706
 0.182869 0.594174 0.210203 0.0122559 0.00049798
 0.330522 0.361315 0.267642 0.0388342 0.00168674
 0.649043 0.306663 0.0425973 0.00169635 0
 0.582887 0.30429 0.105238 0.00758474 0
 0.465427 0.430635 0.0974691 0.00646863 0
 0.296916 0.608066 0.0921331 0.00288517 0
 0.311714 0.524322 0.152257 0.0117073 0
 0.15457 0.633149 0.183074 0.0267441 0.00246327
 0.131901 0.49318 0.331252 0.0422183 0.00144891
 0.196976 0.569456 0.194076 0.0375587 0.00193317
 0.518974 0.381816 0.0799577 0.0180837 0.00116848
 0.0928022 0.601141 0.25162 0.0475244 0.00691264
 0.122501 0.610282 0.24278 0.0234846 0.000952079
 0.383417 0.481906 0.127806 0.00687128 0
 0.0376549 0.599619 0.316969 0.0457579 0
 0.0361596 0.667082 0.258105 0.0386534 0
 0.158088 0.579412 0.248529 0.0139706 0
 0.0477256 0.309471 0.559284 0.082774 0.000745712
 0.0406174 0.521527 0.379366 0.0568643 0.0016247
 0.151134 0.462217 0.34131 0.0453401 0
 0.294876 0.26143 0.354403 0.0886775 0.000613685
 0.281977 0.475581 0.204845 0.0348837 0.00271318
 0.0841818 0.532909 0.334909 0.0458182 0.00218182
 0.115287 0.27431 0.454777 0.147771 0.00785563
pf_pred 
 0.39183 0.429394 0.159897 0.0188694 9.82217e-06
 0.317217 0.531856 0.10656 0.0396808 0.00468515
 0.180716 0.58176 0.18502 0.0370698 0.0154338
 0.26014 0.403144 0.239096 0.0760409 0.0215784
 0.304662 0.440845 0.138671 0.082243 0.0335785
 0.181177 0.556676 0.166202 0.0522801 0.0436655
 0.253916 0.394515 0.239014 0.0713601 0.0411951
 0.188481 0.510259 0.159301 0.0965111 0.0454485
 0.208696 0.430835 0.226652 0.0707598 0.0630571
 0.187618 0.470192 0.186309 0.0980129 0.0578674
 0.113963 0.481985 0.233858 0.0926641 0.0775297
 0.111929 0.373754 0.279777 0.135747 0.0987921
 0.182832 0.337829 0.201735 0.151011 0.126594
 0.172747 0.476862 0.144857 0.0865014 0.119033
 0.238812 0.457308 0.175169 0.053211 0.0755001
 0.327142 0.456616 0.129914 0.0497626 0.0365648
 0.230819 0.558812 0.142761 0.0406176 0.0269902
 0.241938 0.464585 0.213212 0.0544698 0.0257954
 0.24021 0.471322 0.176791 0.0811346 0.0305437
 0.322889 0.417051 0.161324 0.0605118 0.0382252
 0.277299 0.511588 0.13003 0.0502981 0.0307846
 0.264946 0.481363 0.179584 0.0456445 0.0284626
 0.322539 0.435325 0.158567 0.059157 0.0244118
 0.304807 0.490147 0.131759 0.0479932 0.0252936
 0.118345 0.605677 0.194578 0.0523058 0.0290934
 0.179038 0.328746 0.338141 0.108631 0.045444
pobs_RECLAS
 0 0 0 0 0
 0 0 0 0 0
 0 0 0 0 0
 0 0 0 0 0
 0.835266 0.146461 0.0176864 0.000547809 3.91292e-05
 0.385257 0.428462 0.181853 0.0044286 0
 0.867414 0.0963971 0.0333333 0.00285562 0
 0.441836 0.489002 0.0689373 0.000224442 0
 0.779404 0.147425 0.0564933 0.0165055 0.000172143
 0.814271 0.122319 0.05973 0.00367925 0
 0.40263 0.566651 0.0304383 0.000280538 0
 0.475488 0.404961 0.113038 0.00651328 0
 0.955842 0.0263864 0.0167828 0.000988607 0
 0.975058 0.0227948 0.00214734 0 0
 0.738997 0.206755 0.0527124 0.00153531 0
 0.850938 0.134255 0.0134407 0.00136685 0
 0.542534 0.407297 0.0501686 0 0
 0.764087 0.199537 0.0359546 0.000420521 0
 0.470689 0.182191 0.310203 0.0369168 0
 0.84361 0.089868 0.0606195 0.00523954 0.000663233
 0.607945 0.314616 0.071237 0.00620181 0
 0.523733 0.453247 0.0230204 0 0
 0.530135 0.295979 0.169645 0.0042399 0
 0.562478 0.366248 0.0663022 0.0049721 0
 0.250443 0.683176 0.0655157 0.000865301 0
 0.195077 0.31981 0.436473 0.0351445 0.0134964
ppred_RECLAS
 0.759453 0.169837 0.0632434 0.00746333 3.88493e-06
 0.693724 0.238575 0.0477999 0.0177996 0.00210162
 0.519167 0.341432 0.108587 0.0217561 0.00905804
 0.629633 0.201811 0.119689 0.0380654 0.0108019
 0.678942 0.203551 0.0640287 0.0379741 0.0155042
 0.517705 0.327888 0.0978943 0.0307935 0.0257194
 0.622269 0.199737 0.121009 0.0361286 0.0208565
 0.530246 0.295367 0.0922123 0.0558662 0.0263082
 0.562132 0.238403 0.125418 0.0391549 0.0348926
 0.528956 0.272632 0.108028 0.0568309 0.0335533
 0.387766 0.333042 0.161591 0.0640291 0.0535715
 0.382584 0.259846 0.19451 0.094376 0.0686836
 0.52724 0.195446 0.116711 0.087365 0.0732387
 0.51832 0.27766 0.0843448 0.0503667 0.0693087
 0.614475 0.231616 0.0887189 0.0269502 0.0382391
 0.704331 0.200648 0.0570871 0.0218668 0.0160674
 0.594011 0.294952 0.0753521 0.0214388 0.014246
 0.607857 0.240328 0.110294 0.0281771 0.0133439
 0.605333 0.244824 0.0918324 0.0421447 0.0158657
 0.698246 0.185858 0.0718937 0.026967 0.017035
 0.649855 0.247862 0.0629988 0.0243692 0.014915
 0.635726 0.238551 0.088997 0.0226203 0.0141053
 0.697605 0.194314 0.0707787 0.0264056 0.0108966
 0.679871 0.225708 0.0606738 0.0221004 0.0116475
 0.39384 0.416418 0.133778 0.0359615 0.0200024
 0.513532 0.194802 0.200369 0.06437 0.0269283
pobs_PELACES
 0 0 0 0 0
 0 0 0 0 0
 0 0 0 0 0
 0 0 0 0 0
 0 0 0 0 0
 0 0 0 0 0
 0 0 0 0 0
 0 0 0 0 0
 0 0 0 0 0
 0 0 0 0 0
 0.450072 0.473896 0.0757376 0.000293798 0
 0 0 0 0 0
 0.463077 0.371075 0.160297 0.00555027 0
 0.529543 0.364841 0.0842815 0.0213345 0
 0.631943 0.363953 0.00410389 0 0
 0.735681 0.248677 0.0153453 0.000297389 0
 0.695825 0.281241 0.0229344 0 0
 0.275771 0.60734 0.115278 0.00161068 0
 0 0 0 0 0
 0.896147 0.0623911 0.0374545 0.00400742 0
 0.803859 0.145111 0.0509908 3.86294e-05 0
 0.739449 0.233085 0.0266225 0.000797448 4.60066e-05
 0.878498 0.100942 0.0204185 0.000141795 0
 0.694673 0.275183 0.0284847 0.00165964 0
 0.469039 0.446079 0.0841089 0.000773354 0
 0.822795 0.102175 0.0682046 0.00682512 0
ppred_PELACES
 0.772453 0.160658 0.0598254 0.00705998 3.67497e-06
 0.70458 0.230119 0.0461057 0.0171687 0.00202713
 0.536166 0.329361 0.104748 0.0209869 0.0087378
 0.632518 0.200238 0.118757 0.0377689 0.0107178
 0.679541 0.203172 0.0639093 0.0379032 0.0154753
 0.525018 0.322916 0.0964101 0.0303266 0.0253295
 0.626565 0.197465 0.119633 0.0357177 0.0206193
 0.539636 0.289463 0.0903691 0.0547495 0.0257824
 0.573139 0.23241 0.122265 0.0381706 0.0340155
 0.538878 0.266889 0.105752 0.0556338 0.0328465
 0.409512 0.321213 0.155852 0.0617548 0.0516687
 0.402842 0.25132 0.188128 0.0912793 0.06643
 0.559832 0.181972 0.108665 0.081342 0.0681896
 0.573143 0.246058 0.074745 0.0446342 0.0614202
 0.657419 0.205817 0.0788366 0.0239482 0.0339797
 0.719082 0.190638 0.0542391 0.0207759 0.0152658
 0.606485 0.28589 0.0730369 0.0207801 0.0138083
 0.616107 0.235272 0.107974 0.0275843 0.0130632
 0.612336 0.24048 0.0902029 0.0413969 0.0155841
 0.704628 0.181928 0.0703733 0.0263967 0.0166748
 0.653167 0.245517 0.0624028 0.0241387 0.0147739
 0.640259 0.235583 0.0878897 0.0223388 0.0139298
 0.702532 0.191148 0.0696255 0.0259754 0.010719
 0.684571 0.222394 0.059783 0.0217759 0.0114764
 0.398192 0.413429 0.132817 0.0357033 0.0198588
 0.518105 0.19297 0.198485 0.0637648 0.0266751
pobs_pel_tallas
 0 0 0 0 0 0 0 0 0 0 0 0 0 0 0 0 0 0 0 0 0 0 0 0 0 0 0 0 0 0 0 0 0 0 0 0
 0 0 0 0 0 0 0 0 0 0 0 0 0 0 0 0 0 0 0 0 0 0 0 0 0 0 0 0 0 0 0 0 0 0 0 0
 0 0 0 0 0 0 0 0 0 0 0 0 0 0 0 0 0 0 0 0 0 0 0 0 0 0 0 0 0 0 0 0 0 0 0 0
 0 0 0 0 0 0 0 0 0 0 0 0 0 0 0 0 0 0 0 0 0 0 0 0 0 0 0 0 0 0 0 0 0 0 0 0
 0 0 0 0 0 0 0 0 0 0 0 0 0 0 0 0 0 0 0 0 0 0 0 0 0 0 0 0 0 0 0 0 0 0 0 0
 0 0 0 0 0 0 0 0 0 0 0 0 0 0 0 0 0 0 0 0 0 0 0 0 0 0 0 0 0 0 0 0 0 0 0 0
 0 0 0 0 0 0 0 0 0 0 0 0 0 0 0 0 0 0 0 0 0 0 0 0 0 0 0 0 0 0 0 0 0 0 0 0
 0 0 0 0 0 0 0 0 0 0 0 0 0 0 0 0 0 0 0 0 0 0 0 0 0 0 0 0 0 0 0 0 0 0 0 0
 0 0 0 0 0 0 0 0 0 0 0 0 0 0 0 0 0 0 0 0 0 0 0 0 0 0 0 0 0 0 0 0 0 0 0 0
 0 0 0 0 0 0 0 0 0 0 0 0 0 0 0 0 0 0 0 0 0 0 0 0 0 0 0 0 0 0 0 0 0 0 0 0
 0 0 0 0 0 0 0 0 1.78061e-05 0.00172719 0.00360574 0.0105946 0.0120993 0.0124554 0.0147524 0.0171206 0.0266825 0.0428682 0.0675386 0.121331 0.153587 0.119568 0.100827 0.0573624 0.0630603 0.0341343 0.0324427 0.0444173 0.0211091 0.0280891 0.0125444 0.00206551 0 0 0 0
 0 0 0 0 0 0 0 0 0 0 0 0 0 0 0 0 0 0 0 0 0 0 0 0 0 0 0 0 0 0 0 0 0 0 0 0
 0 0 0 0 0 0 0.0133647 0.0140871 0.0187388 0.0205184 0.03894 0.0496705 0.03968 0.0493445 0.0407372 0.0367815 0.0215668 0.0243155 0.0234873 0.0199281 0.019796 0.0243948 0.0301388 0.0376714 0.0412746 0.0863199 0.0771752 0.113111 0.0741005 0.0525337 0.0229764 0.00759418 0.00175318 0 0 0
 0 0 0 0 0 0 0 0 0 0 0.00219441 0.00772107 0.0458388 0.0604681 0.0671733 0.0775358 0.0609151 0.0617685 0.073594 0.0568108 0.0755445 0.0548602 0.0670107 0.0636378 0.0643287 0.046367 0.0373049 0.0286899 0.0247887 0.0153202 0.00654259 0.00121912 0.000365735 0 0 0
 0 0 0 0 0 0 0 0 0 0 0 0 0.000112435 0.00938835 0.0111873 0.0202946 0.0414886 0.0713402 0.111592 0.104902 0.108894 0.110636 0.117776 0.105296 0.107544 0.0401394 0.0192827 0.0124803 0.00416011 0.0028671 0.000618394 0 0 0 0 0
 0 0 0 0 0 0 0 0 0 0 0.00291406 0.0102884 0.027416 0.0768956 0.0749926 0.110853 0.0956884 0.0897413 0.0766577 0.0534642 0.0500743 0.0551293 0.0594112 0.0620874 0.0668451 0.0424026 0.0208742 0.0120726 0.0048766 0.00582813 0.00118941 0.000297354 0 0 0 0
 0 0.00264628 0.0354308 0.0461629 0.0458689 0.0383711 0.0214643 0.0164657 0.0346957 0.0420465 0.0363128 0.0245516 0.0311673 0.0291091 0.0169068 0.0133784 0.00837989 0.0085269 0.0148486 0.0160247 0.0276389 0.0546898 0.0760071 0.122758 0.109233 0.0665981 0.0333725 0.0166128 0.00676272 0.00308733 0.000882094 0 0 0 0 0
 0 0 0 0 0 0 0 0.000805153 0.000690131 0.00759144 0.0133425 0.0154129 0.00931677 0.000345066 0.00356568 0.00563607 0.00851162 0.0253048 0.0502646 0.0516448 0.0657925 0.0565908 0.0611916 0.0827007 0.0866115 0.110766 0.145733 0.0935128 0.0569358 0.0249597 0.0138026 0.00621118 0.00161031 0.00115022 0 0
 0 0 0 0 0 0 0 0 0 0 0 0 0 0 0 0 0 0 0 0 0 0 0 0 0 0 0 0 0 0 0 0 0 0 0 0
 0.00147267 0.00158595 0.00478618 0.00569244 0.00954404 0.0108468 0.00647125 0.017049 0.0510054 0.094081 0.124002 0.0959785 0.0687766 0.0820023 0.061753 0.0591476 0.0492212 0.0479892 0.0443925 0.0268479 0.0217502 0.0140895 0.0121071 0.0120363 0.00920419 0.00665534 0.0049561 0.00860946 0.00930331 0.0156896 0.0114698 0.00855282 0.00243557 0.00046729 0 2.83206e-05
 0 0 0 0 0.000772559 0.00158375 0.000888443 0.00281984 0.00712685 0.0440552 0.0773331 0.111326 0.0921469 0.0852325 0.0710754 0.0886704 0.0786465 0.0553345 0.0373146 0.0185414 0.00753245 0.00457741 0.012979 0.0271748 0.0457355 0.0583668 0.034881 0.0177882 0.00938659 0.00492506 0.0015258 0.00185414 0.000309023 5.79419e-05 3.86279e-05 0
 0 0.00173294 0.00326652 0 0.00397197 0.00683976 0.00946217 0.0152591 0.00757587 0.0136028 0.0228656 0.0392903 0.0559909 0.0764795 0.0681675 0.0726916 0.0566044 0.0477403 0.0527397 0.0444891 0.0609904 0.0582453 0.0661739 0.0445044 0.0529084 0.0360697 0.0280645 0.0235558 0.0158879 0.00826598 0.00280645 0.00217768 0.000904811 0.00058276 9.20147e-05 0
 0 0 0 0 0 0 0 0 0 0 0 0 0 0 0 0 0 0 0 0 0 0 0 0 0 0 0 0 0 0 0 0 0 0 0 0
 0 0 0 0 0 0 0 0 0 0 0 0 0 0 0 0 0 0 0 0 0 0 0 0 0 0 0 0 0 0 0 0 0 0 0 0
 0 0 0 0 0 0 0 0 0 0 0 0 0 0 0 0 0 0 0 0 0 0 0 0 0 0 0 0 0 0 0 0 0 0 0 0
 0 0 0 0 0 0 0 0 0 0 0 0 0 0 0 0 0 0 0 0 0 0 0 0 0 0 0 0 0 0 0 0 0 0 0 0
ppred_pel_tallas
 1.01145e-16 3.37019e-05 0.000197806 0.000940286 0.00362016 0.0112891 0.0285155 0.0583463 0.096715 0.129884 0.141336 0.124659 0.0892139 0.0520237 0.0251696 0.0109543 0.00569305 0.00504974 0.00636706 0.00847702 0.0108997 0.0133427 0.015536 0.0172271 0.0182244 0.0184373 0.0178927 0.0167195 0.0151108 0.0132747 0.0113927 0.0095951 0.00795639 0.00650558 0.00524328 0.0041575
 1.01415e-16 3.0745e-05 0.00018044 0.000857714 0.00330222 0.0102976 0.0260111 0.0532227 0.0882245 0.118489 0.128956 0.113786 0.0815352 0.0477523 0.0234882 0.0108797 0.00660041 0.00671844 0.00880869 0.0117686 0.0150819 0.0183678 0.0212476 0.0233681 0.0244699 0.0244462 0.0233636 0.0214374 0.0189715 0.0162844 0.0136447 0.0112342 0.00914221 0.00738315 0.00592587 0.0047215
 1.02724e-16 2.34056e-05 0.000137342 0.000652798 0.0025132 0.00783709 0.0197961 0.0405071 0.0671515 0.0902019 0.0982085 0.0867481 0.0623617 0.0369289 0.0189218 0.0100411 0.00783135 0.00935807 0.0127913 0.0172426 0.0221914 0.0271489 0.0315839 0.0349865 0.0369717 0.0373631 0.0362253 0.0338316 0.0305828 0.0269065 0.0231697 0.0196293 0.0164236 0.0135964 0.0111342 0.00900118
 1.0355e-16 2.76017e-05 0.000161989 0.000769999 0.0029645 0.00924449 0.0233509 0.0477795 0.0792018 0.106372 0.115769 0.102154 0.0732066 0.042889 0.0211258 0.0098422 0.00606312 0.00627514 0.00832346 0.0112458 0.0146087 0.0180982 0.0213928 0.0241769 0.0261955 0.0273027 0.0274836 0.0268387 0.025543 0.0237943 0.0217697 0.0196025 0.0173812 0.0151619 0.0129868 0.0108963
 1.02999e-16 2.96521e-05 0.000174026 0.000827227 0.00318485 0.00993162 0.0250865 0.0513308 0.085088 0.114275 0.124366 0.109729 0.0786105 0.0460048 0.0225656 0.0103493 0.00614555 0.00616457 0.00807728 0.0108399 0.013984 0.017179 0.0200972 0.0224277 0.0239335 0.0245011 0.0241591 0.0230583 0.0214226 0.0194884 0.0174549 0.0154562 0.0135604 0.0117866 0.0101296 0.00858041
 1.037e-16 2.29191e-05 0.000134487 0.000639226 0.00246095 0.00767415 0.0193845 0.0396649 0.0657553 0.0883266 0.0961671 0.0849456 0.0610673 0.0361654 0.0185363 0.00984628 0.00769228 0.00920266 0.012588 0.0169811 0.0218764 0.0267991 0.0312337 0.0346851 0.0367793 0.0373444 0.0364412 0.0343306 0.0313941 0.0280347 0.024594 0.0213045 0.0182852 0.0155668 0.0131309 0.0109448
 1.03954e-16 2.7342e-05 0.000160464 0.000762752 0.0029366 0.00915748 0.0231311 0.0473298 0.0784564 0.105371 0.11468 0.101192 0.0725172 0.0424846 0.020926 0.00974836 0.00600531 0.00621738 0.00825159 0.011157 0.0145071 0.0179944 0.0213036 0.0241244 0.0262052 0.0274006 0.0276918 0.0271724 0.0260079 0.0243855 0.022472 0.020392 0.0182279 0.016033 0.0138495 0.0117209
 1.04464e-16 2.35551e-05 0.000138224 0.000657 0.0025294 0.0078876 0.0199236 0.0407678 0.0675823 0.090777 0.098825 0.0872698 0.0626868 0.0370214 0.0187855 0.00967392 0.00719963 0.00840046 0.0114395 0.0154469 0.0199462 0.0245121 0.0286869 0.0320295 0.0342031 0.0350458 0.0345981 0.0330732 0.030788 0.0280765 0.025219 0.0224033 0.0197237 0.0172052 0.0148395 0.0126145
 1.04713e-16 2.50138e-05 0.000146792 0.000697748 0.0026863 0.00837693 0.0211596 0.0432962 0.0717716 0.0963975 0.104927 0.0926171 0.0664389 0.0390587 0.0194903 0.0095032 0.00642706 0.00709816 0.00957039 0.0129574 0.0168271 0.020833 0.024608 0.0277914 0.030095 0.0313588 0.0315749 0.0308681 0.0294461 0.0275377 0.0253421 0.0230016 0.0206027 0.0181927 0.0158041 0.0134714
 1.05035e-16 2.35212e-05 0.000138027 0.000656067 0.00252581 0.00787643 0.0198954 0.0407098 0.0674857 0.0906454 0.0986771 0.0871281 0.0625608 0.0368986 0.0186345 0.00945334 0.00686514 0.00790947 0.0107569 0.0145541 0.0188513 0.0232587 0.027357 0.030738 0.0330833 0.0342284 0.0341888 0.0331344 0.0313289 0.029054 0.0265477 0.0239721 0.0214136 0.0189053 0.0164583 0.0140858
 1.06854e-16 1.78825e-05 0.000104917 0.000498651 0.0019197 0.00598628 0.0151211 0.0309417 0.0512967 0.0689124 0.0750493 0.066339 0.0477937 0.0285118 0.0149983 0.00859508 0.00747392 0.00943722 0.0131166 0.0178369 0.0231708 0.0286801 0.0338673 0.0382386 0.041401 0.0431395 0.0434491 0.0425069 0.0406019 0.0380489 0.0351174 0.0319953 0.0287906 0.0255576 0.0223312 0.0191526
 1.08993e-16 1.75888e-05 0.0001032 0.000490499 0.00188834 0.00588849 0.014874 0.0304357 0.050456 0.0677778 0.0738001 0.0652025 0.0469048 0.0278417 0.0143923 0.00785473 0.00641226 0.00789692 0.0109784 0.0150386 0.0197361 0.0247448 0.0296893 0.0341818 0.0378908 0.0405987 0.0422267 0.0428191 0.0424984 0.0414114 0.0396878 0.0374238 0.0346911 0.0315585 0.0281137 0.0244741
 1.07584e-16 2.44313e-05 0.000143378 0.000681526 0.00262387 0.00818223 0.0206677 0.0422894 0.0701015 0.0941506 0.102471 0.0904263 0.0648164 0.0380027 0.018775 0.00884529 0.00559122 0.00591678 0.00793098 0.0108001 0.014159 0.0177469 0.0212931 0.0245252 0.0272149 0.0292173 0.0304871 0.0310636 0.0310362 0.0305031 0.029541 0.0281952 0.0264893 0.0244453 0.0221045 0.0195381
 1.05545e-16 2.50143e-05 0.000146795 0.000697757 0.00268634 0.00837703 0.0211598 0.0432968 0.0717729 0.0964002 0.104932 0.0926271 0.0664577 0.0390929 0.0195494 0.00959922 0.00657357 0.00730703 0.00984729 0.0132962 0.017205 0.0212081 0.0249219 0.0279779 0.0300934 0.0311301 0.0311157 0.0302179 0.0286853 0.026776 0.0246987 0.0225843 0.0204879 0.0184142 0.0163496 0.0142888
 1.03597e-16 2.86876e-05 0.000168364 0.000800306 0.00308119 0.00960837 0.02427 0.0496602 0.0823191 0.110558 0.120323 0.106168 0.0760737 0.044549 0.0219058 0.0101392 0.00615023 0.0062785 0.00827506 0.0111309 0.0143889 0.0177205 0.020796 0.0232995 0.0249874 0.0257375 0.0255691 0.0246226 0.0231124 0.0212665 0.0192775 0.0172765 0.0153317 0.0134662 0.0116817 0.00997852
 1.0226e-16 3.13758e-05 0.000184147 0.000875344 0.00337011 0.0105094 0.0265459 0.0543166 0.0900365 0.120919 0.13159 0.116087 0.0831319 0.0485829 0.0237028 0.0106548 0.0060277 0.00579955 0.00749994 0.0100281 0.0129041 0.0158051 0.0184194 0.0204545 0.0216903 0.0220264 0.0214998 0.020265 0.0185474 0.0165841 0.0145754 0.0126564 0.0108952 0.00930759 0.00788101 0.00659511
 1.0249e-16 2.64699e-05 0.000155337 0.000738357 0.00284264 0.00886445 0.0223911 0.0458163 0.07595 0.102012 0.111046 0.0980353 0.0703627 0.0414393 0.0208128 0.0103648 0.00727504 0.00819157 0.0110357 0.0148301 0.0190586 0.0232808 0.0270344 0.0298803 0.0314917 0.0317253 0.0306492 0.0285122 0.0256723 0.0225062 0.0193326 0.0163688 0.0137238 0.0114213 0.00943439 0.00771852
 1.03168e-16 2.68875e-05 0.000157793 0.000750043 0.00288765 0.00900482 0.0227456 0.0465413 0.0771504 0.10362 0.112784 0.0995413 0.0713818 0.0419155 0.0208238 0.00999793 0.00655526 0.00708239 0.00947695 0.0127803 0.0165291 0.0203589 0.0238907 0.026757 0.0286704 0.029482 0.0292053 0.0279959 0.0260986 0.0237807 0.0212757 0.0187522 0.0163105 0.0139986 0.0118362 0.00983482
 1.0351e-16 2.67233e-05 0.000156828 0.000745456 0.00286999 0.00894975 0.0226065 0.0462567 0.0766787 0.102987 0.112096 0.0989376 0.0709557 0.0416789 0.0207313 0.00999457 0.00660544 0.00717198 0.00960326 0.0129425 0.0167226 0.020573 0.024109 0.0269598 0.0288396 0.0296056 0.0292824 0.0280385 0.0261304 0.0238329 0.0213807 0.0189365 0.0165889 0.0143714 0.0122897 0.0103439
 1.02745e-16 3.07452e-05 0.000180446 0.000857749 0.00330237 0.0102981 0.0260122 0.0532247 0.0882266 0.118488 0.128944 0.113752 0.0814567 0.0475987 0.0232136 0.0104211 0.00587986 0.0056514 0.00732013 0.00981525 0.0126766 0.0155991 0.0182872 0.0204596 0.0218995 0.0224984 0.0222738 0.021352 0.019926 0.0182025 0.0163582 0.0145156 0.0127414 0.0110611 0.00947926 0.00799664
 1.02486e-16 2.85038e-05 0.000167281 0.000795151 0.00306133 0.00954642 0.0241136 0.0493404 0.0817902 0.109851 0.119563 0.105519 0.0756549 0.0443974 0.0220046 0.0104743 0.00674075 0.00717392 0.00953263 0.0127889 0.0164424 0.0201032 0.0233733 0.0258768 0.0273329 0.0276177 0.0267867 0.0250492 0.0227064 0.020075 0.0174215 0.014926 0.0126775 0.0106943 0.00895378 0.00742092
 1.02743e-16 2.79406e-05 0.000163975 0.000779436 0.00300082 0.00935775 0.023637 0.0483652 0.0801736 0.107679 0.117199 0.103431 0.0741562 0.0435137 0.0215596 0.0102526 0.00658925 0.00701454 0.00933742 0.0125587 0.0161983 0.0198849 0.0232371 0.0258895 0.0275622 0.0281192 0.027592 0.0261571 0.0240802 0.0216465 0.0191015 0.0166177 0.0142905 0.0121552 0.0102137 0.00845692
 1.02445e-16 3.06542e-05 0.00017991 0.000855203 0.00329256 0.0102675 0.025935 0.0530667 0.087965 0.118138 0.128565 0.113422 0.0812324 0.0474907 0.0232039 0.0104891 0.00601865 0.00586764 0.00762655 0.0102222 0.0131852 0.0161963 0.0189438 0.0211317 0.0225335 0.0230384 0.0226704 0.0215701 0.0199491 0.0180341 0.0160193 0.0140399 0.0121697 0.0104356 0.00883921 0.00737529
 1.02206e-16 2.98722e-05 0.000175317 0.000833359 0.00320845 0.0100052 0.0252725 0.0517113 0.0857193 0.115125 0.125294 0.110557 0.0792228 0.0464021 0.0228324 0.0105915 0.00645031 0.00659267 0.00866781 0.0116113 0.014929 0.0182581 0.0212361 0.0235211 0.0248577 0.0251316 0.024391 0.0228235 0.0207003 0.0183073 0.0158865 0.0136023 0.0115378 0.0097121 0.00810788 0.00669586
 1.04175e-16 1.73927e-05 0.000102033 0.000484919 0.0018668 0.00582128 0.0147045 0.0300899 0.0498874 0.0670276 0.0730192 0.0645982 0.0466562 0.0280664 0.0151885 0.00936615 0.008857 0.0115428 0.0160791 0.0217498 0.0280278 0.0343322 0.0400051 0.0444097 0.0470627 0.0477397 0.0465152 0.0437218 0.0398497 0.0354203 0.0308794 0.0265364 0.0225558 0.0189885 0.0158194 0.0130111
 1.06318e-16 2.26126e-05 0.000132699 0.000630752 0.00242836 0.00757256 0.0191278 0.0391387 0.0648796 0.0871404 0.0948494 0.0837196 0.0600511 0.0352941 0.0175977 0.00856442 0.00578833 0.00642434 0.00873732 0.01196 0.0157435 0.0198175 0.0238851 0.0276348 0.0307899 0.0331529 0.0346285 0.0352162 0.0349829 0.034027 0.0324509 0.0303494 0.0278135 0.0249412 0.0218466 0.0186603
pSPR Fmed_Fpbrs
0.424797   0.6 0.325
Fs Fmed_Fpbrs
0.68   0.341689 1.03597
SSBpbr Bo_Bmed_Bpbrs
3.57992e+06  1.34175e+06  1.96896e+06 984479
Ro
76115
SPR SPRFo_SPRFmed_SPRFpbrs
1.5721e+06 667826 510934
log_Ro
11.06
likeval ReclasPelacesDesembMPH_pf_preclas_ppelaces_ptallas_desvR_qrecl_qpela
 66.1223 25.2466 0.0419094 0.000535224 336.554 221.995 84.8291 0 17.6544 0.000127121 2.80759e-07 9.31131e-16 0 0 0
q_reclas_q_pelaces
0.202364 0.927387
M
0.7
N
 87554.6 21854.4 8138.08 960.372 0.499907
 110385 41049.8 8224.56 3062.64 361.61
 72153.7 52618.8 16734.6 3352.88 1395.95
 103936 33945.1 20132.1 6402.72 1816.92
 169764 51108.6 16076.7 9534.72 3892.88
 127048 84118.6 25114.5 7899.98 6598.25
 186785 61641.9 37345.3 11149.8 6436.63
 154992 91417.8 28540.2 17290.9 8142.53
 164560 74698.6 39297.2 12268.4 10932.9
 144041 78864.9 31249.5 16439.6 9706.05
 70327.1 69303.8 33626.1 13324 11147.9
 42072.2 32500.6 24328.6 11804.2 8590.68
 43177.7 19532.2 11663.7 8730.96 7319.23
 25789.6 19320.9 5869.13 3504.76 4822.84
 21519.3 10746.2 4116.25 1250.39 1774.16
 29037.7 9224.28 2624.44 1005.27 738.658
 25353.9 13621.1 3479.8 990.054 657.887
 28992.2 12082.2 5544.9 1416.57 670.848
 33121.3 14006.1 5253.63 2411.05 907.658
 57644.4 16068.7 6215.7 2331.48 1472.79
 71659 27942.5 7102.1 2747.24 1681.43
 90995 35175.8 13123.1 3335.48 2079.91
 154143 44489.5 16205.3 6045.74 2494.84
 219005 75134.9 20197.4 7356.89 3877.27
 98356.6 106902 34343.1 9231.97 5134.98
 123441 48143.3 49519.1 15908.4 6655.05
pred_Ctot
 3528.78 3867.08 1440.01 169.936 0.0884575
 3188.89 5346.58 1071.22 398.898 47.0984
 2738.93 8817.15 2804.16 561.83 233.915
 730.917 1132.72 671.789 213.652 60.6288
 265.678 384.434 120.927 71.7192 29.2819
 2100.06 6452.56 1926.48 605.991 506.137
 1937.5 3010.33 1823.79 544.511 314.338
 3290.2 8907.32 2780.83 1684.74 793.371
 4140.92 8548.59 4497.21 1404.01 1251.17
 3228 8089.72 3205.48 1686.33 995.617
 3523.38 14901.4 7230.14 2864.88 2396.97
 1977.64 6603.74 4943.29 2398.47 1745.53
 3089.45 5708.56 3408.88 2551.75 2139.15
 3014.49 8321.4 2527.79 1509.48 2077.16
 2135.2 4088.77 1566.17 475.756 675.043
 1160.4 1619.66 460.817 176.512 129.699
 737.665 1785.88 456.244 129.808 86.2569
 567.108 1089 499.774 127.678 60.4651
 549.397 1077.99 404.348 185.568 69.8582
 990.391 1279.21 494.826 185.607 117.248
 592.765 1093.59 277.956 107.519 65.8063
 1010.72 1836.32 685.081 174.126 108.58
 2044.35 2759.22 1005.04 374.954 154.729
 2685.59 4318.58 1160.9 422.857 222.857
 1013.39 5186.43 1666.18 447.895 249.127
 1280.01 2350.34 2417.5 776.642 324.897
F
 0.0574773 0.277275 0.277275 0.277275 0.277275
 0.0409002 0.197306 0.197306 0.197306 0.197306
 0.0540533 0.260757 0.260757 0.260757 0.260757
 0.00982107 0.0473776 0.0473776 0.0473776 0.0473776
 0.00217822 0.0105079 0.0105079 0.0105079 0.0105079
 0.0232213 0.112021 0.112021 0.112021 0.112021
 0.0145163 0.0700278 0.0700278 0.0700278 0.0700278
 0.0299098 0.144287 0.144287 0.144287 0.144287
 0.0355423 0.171459 0.171459 0.171459 0.171459
 0.0315987 0.152435 0.152435 0.152435 0.152435
 0.0718992 0.346847 0.346847 0.346847 0.346847
 0.0673244 0.324778 0.324778 0.324778 0.324778
 0.104135 0.502358 0.502358 0.502358 0.502358
 0.175422 0.846248 0.846248 0.846248 0.846248
 0.147113 0.709683 0.709683 0.709683 0.709683
 0.0569775 0.274864 0.274864 0.274864 0.274864
 0.0411972 0.198738 0.198738 0.198738 0.198738
 0.0275315 0.132814 0.132814 0.132814 0.132814
 0.0233032 0.112417 0.112417 0.112417 0.112417
 0.0241461 0.116483 0.116483 0.116483 0.116483
 0.0115612 0.055772 0.055772 0.055772 0.055772
 0.0155514 0.0750211 0.0750211 0.0750211 0.0750211
 0.0185938 0.089698 0.089698 0.089698 0.089698
 0.0171811 0.082883 0.082883 0.082883 0.082883
 0.0144182 0.0695544 0.0695544 0.0695544 0.0695544
 0.0145113 0.0700038 0.0700038 0.0700038 0.0700038
Np
 56547.3 26160.4 21318.3 7865.52 10945
YTP_r0W_actual
 11520.1 59698.5 85337.9 32153 14620.4
YTP_p0W_proyectada
 22895.9 277012 148576 195165 101793
 22895.9 119947 142093 66952.1 103388
CTP_r0_actual
 1280.01 2350.34 2417.5 776.642 324.897
CTP_p0_proyectada
 2792.18 12824.6 4731.72 4866.95 2287.48
 2792.18 5553.12 4525.27 1669.63 2323.32
Wmedp
 8.2 21.6 31.4 40.1 44.5
nmprior
 10.6 11 7 0
nm_flota  nm_reclas  nm_pelaces    nm_pelaL
inf 10.9553 19.8683 65.6788
cv_recla  cv_pelaces  cv_mph
0.71936 0.550417 0.629653
 ------------------------------------------------
Talla a la edad & desviaci?n 
 7.2 14.2025 17.0495 18.207 18.6776
 1.08 2.13037 2.55742 2.73105 2.80164
