years
 1997 1998 1999 2000 2001 2002 2003 2004 2005 2006 2007 2008 2009 2010 2011 2012 2013 2014 2015 2016 2017 2018 2019 2020 2021 2022
reclasobs
 0 0 0 370054 412103 1.49427e+06 250295 1.28982e+06 931140 785840 897777 1.04006e+06 184774 17550 25797 100020 73551 82996 120727 218422 84188 347160 605670 569463 516374 1.08416e+06
reclaspred
 634897 150525 329704 187953 314888 396637 864258 634732 723981 835315 771297 550488 325823 128246 73571.6 71292.7 81698.3 107651 118479 147693 229564 225729 377344 494111 651751 543985
pelacesobs
 0 0 0 0 0 0 0 0 0 2.06254e+06 1.5e+06 0 1.87456e+06 323000 250000 174000 83755 137374 0 501740 490994 745055 786931 1.00524e+06 1.33801e+06 1.41789e+06
pelacespred
 2.28567e+06 521245 587030 590894 917329 802280 2.38365e+06 1.91202e+06 2.06825e+06 2.42804e+06 1.84913e+06 1.3649e+06 824800 261534 158240 158971 187954 259877 277193 342720 640550 581950 771226 1.1747e+06 1.47287e+06 1.27303e+06
mphobs
 0 0 0 0 0 112323 0 153150 637223 0 255016 313432 73983 77613 109348 50772 17779 17303 59886 28197 0 207744 136588 643089 65757 0
mphpred
 211134 107069 108522 81743.2 91086.4 163693 218775 303305 270062 308418 356385 250138 157674 82771 36924.5 28974.5 29893 37269.7 46046.9 49820.9 73382.8 93265.5 113193 160298 241135 223899
desembarqueobs
 350755 77701 442110 56441 14545 235359 269955 359681 431902 328805 639364 411747 362871 311530 167758 66681 60226 58785 57116 73181 50977 67692 138656 160484 209506 203330
desembarquepred
 350748 77687.3 441936 56441.5 14545.2 235432 270024 359541 431825 328734 638962 411564 362678 311396 167461 66654.6 60239.1 58758.7 57082.3 73160.7 50977.6 67671.1 138643 160480 209464 203289
Reclutas
 31338.2 40858.1 15109.2 21563.5 44505.3 28920.5 67439.4 64856.9 87229.4 115190 65814.3 47561.6 48516.4 26764.5 13746.7 11466.1 8507.1 9825.96 9989.07 14905 20777.3 25016.3 41408 57570.2 22461.1 22864.9
log_desv_Rt
 0.0725943 0.33786 -0.656942 -0.301241 0.423365 -0.00769302 0.838984 0.799938 1.0963 1.37434 0.814592 0.489781 0.509657 -0.0851692 -0.751443 -0.932847 -1.23134 -1.08722 -1.07075 -0.670547 -0.338385 -0.152717 0.35123 0.68076 -0.26046 -0.242641
SSB
 434792 220489 223481 168335 187576 337096 450528 624602 556145 635131 733910 515115 324701 170452 76039.5 59667.7 61559.2 76750.2 94825.4 102597 151119 192064 233100 330105 496574 461079
BT
 1.39406e+06 344073 507668 311844 417335 497282 1.33761e+06 1.2367e+06 1.36312e+06 1.40746e+06 1.35773e+06 957243 729187 408102 213515 126361 133705 164012 163019 211045 325481 293988 422191 637435 734994 671153
Ftot
 1.0733 1.11128 2.15657 0.582723 0.103335 0.969748 0.661248 1.16478 1.29297 0.872121 1.45432 1.26601 2.063 4.10259 4.53541 1.953 1.53439 1.11452 0.889417 0.985427 0.4582 0.536577 0.664173 0.649468 0.525574 0.561921
BD_Bspro_t
 0.903998 0.611467 0.505825 0.282092 0.423251 0.622591 0.548816 0.591851 0.524595 0.5114 0.512703 0.35793 0.261802 0.173803 0.0963889 0.093548 0.131122 0.212126 0.29951 0.371076 0.495345 0.619452 0.624293 0.634357 0.661091 0.575288
BD_Bspro
 0.722309 0.366293 0.371263 0.279651 0.311615 0.560008 0.74845 1.03763 0.92391 1.05513 1.21923 0.855746 0.539417 0.283168 0.126322 0.0991244 0.102267 0.127503 0.157531 0.170442 0.25105 0.31907 0.387243 0.548394 0.824946 0.765979
BD_Bo
 0.673112 0.341344 0.345976 0.260604 0.290391 0.521866 0.697473 0.96696 0.860981 0.983261 1.13618 0.797461 0.502677 0.263881 0.117719 0.092373 0.0953012 0.118819 0.146801 0.158833 0.233951 0.297338 0.360867 0.511043 0.768758 0.713808
BD_Brms
 1.22384 0.620626 0.629047 0.473825 0.527984 0.948847 1.26813 1.75811 1.56542 1.78775 2.06579 1.44993 0.913959 0.479783 0.214034 0.167951 0.173275 0.216034 0.266912 0.288788 0.425365 0.540615 0.656122 0.929169 1.39774 1.29783
S_f
 0.080253 0.623757 0.96923 0.998332 0.999912
 0.080253 0.623757 0.96923 0.998332 0.999912
 0.080253 0.623757 0.96923 0.998332 0.999912
 0.080253 0.623757 0.96923 0.998332 0.999912
 0.080253 0.623757 0.96923 0.998332 0.999912
 0.080253 0.623757 0.96923 0.998332 0.999912
 0.080253 0.623757 0.96923 0.998332 0.999912
 0.080253 0.623757 0.96923 0.998332 0.999912
 0.080253 0.623757 0.96923 0.998332 0.999912
 0.080253 0.623757 0.96923 0.998332 0.999912
 0.080253 0.623757 0.96923 0.998332 0.999912
 0.080253 0.623757 0.96923 0.998332 0.999912
 0.080253 0.623757 0.96923 0.998332 0.999912
 0.080253 0.623757 0.96923 0.998332 0.999912
 0.080253 0.623757 0.96923 0.998332 0.999912
 0.080253 0.623757 0.96923 0.998332 0.999912
 0.080253 0.623757 0.96923 0.998332 0.999912
 0.080253 0.623757 0.96923 0.998332 0.999912
 0.080253 0.623757 0.96923 0.998332 0.999912
 0.080253 0.623757 0.96923 0.998332 0.999912
 0.080253 0.623757 0.96923 0.998332 0.999912
 0.080253 0.623757 0.96923 0.998332 0.999912
 0.080253 0.623757 0.96923 0.998332 0.999912
 0.080253 0.623757 0.96923 0.998332 0.999912
 0.080253 0.623757 0.96923 0.998332 0.999912
 0.080253 0.623757 0.96923 0.998332 0.999912
Scru_reclas
 0.416961 0.782566 0.947679 0.989149 0.997825
 0.416961 0.782566 0.947679 0.989149 0.997825
 0.416961 0.782566 0.947679 0.989149 0.997825
 0.416961 0.782566 0.947679 0.989149 0.997825
 0.416961 0.782566 0.947679 0.989149 0.997825
 0.416961 0.782566 0.947679 0.989149 0.997825
 0.416961 0.782566 0.947679 0.989149 0.997825
 0.416961 0.782566 0.947679 0.989149 0.997825
 0.416961 0.782566 0.947679 0.989149 0.997825
 0.416961 0.782566 0.947679 0.989149 0.997825
 0.416961 0.782566 0.947679 0.989149 0.997825
 0.416961 0.782566 0.947679 0.989149 0.997825
 0.416961 0.782566 0.947679 0.989149 0.997825
 0.416961 0.782566 0.947679 0.989149 0.997825
 0.416961 0.782566 0.947679 0.989149 0.997825
 0.416961 0.782566 0.947679 0.989149 0.997825
 0.416961 0.782566 0.947679 0.989149 0.997825
 0.416961 0.782566 0.947679 0.989149 0.997825
 0.416961 0.782566 0.947679 0.989149 0.997825
 0.416961 0.782566 0.947679 0.989149 0.997825
 0.416961 0.782566 0.947679 0.989149 0.997825
 0.416961 0.782566 0.947679 0.989149 0.997825
 0.416961 0.782566 0.947679 0.989149 0.997825
 0.416961 0.782566 0.947679 0.989149 0.997825
 0.416961 0.782566 0.947679 0.989149 0.997825
 0.416961 0.782566 0.947679 0.989149 0.997825
Scru_pelaces
 0.639143 1 1 1 1
 0.639143 1 1 1 1
 0.639143 1 1 1 1
 0.639143 1 1 1 1
 0.639143 1 1 1 1
 0.639143 1 1 1 1
 0.639143 1 1 1 1
 0.639143 1 1 1 1
 0.639143 1 1 1 1
 0.639143 1 1 1 1
 0.639143 1 1 1 1
 0.639143 1 1 1 1
 0.639143 1 1 1 1
 0.639143 1 1 1 1
 0.639143 1 1 1 1
 0.639143 1 1 1 1
 0.639143 1 1 1 1
 0.639143 1 1 1 1
 0.639143 1 1 1 1
 0.639143 1 1 1 1
 0.639143 1 1 1 1
 0.639143 1 1 1 1
 0.639143 1 1 1 1
 0.639143 1 1 1 1
 0.639143 1 1 1 1
 0.639143 1 1 1 1
pf_obs 
 0.256992 0.487395 0.22802 0.0275931 0
 0.321318 0.546541 0.124235 0.00734118 0.000564706
 0.182869 0.594174 0.210203 0.0122559 0.00049798
 0.330522 0.361315 0.267642 0.0388342 0.00168674
 0.649043 0.306663 0.0425973 0.00169635 0
 0.582887 0.30429 0.105238 0.00758474 0
 0.465427 0.430635 0.0974691 0.00646863 0
 0.296916 0.608066 0.0921331 0.00288517 0
 0.311714 0.524322 0.152257 0.0117073 0
 0.15457 0.633149 0.183074 0.0267441 0.00246327
 0.131901 0.49318 0.331252 0.0422183 0.00144891
 0.196976 0.569456 0.194076 0.0375587 0.00193317
 0.518974 0.381816 0.0799577 0.0180837 0.00116848
 0.0928022 0.601141 0.25162 0.0475244 0.00691264
 0.122501 0.610282 0.24278 0.0234846 0.000952079
 0.383417 0.481906 0.127806 0.00687128 0
 0.0376549 0.599619 0.316969 0.0457579 0
 0.0361596 0.667082 0.258105 0.0386534 0
 0.158088 0.579412 0.248529 0.0139706 0
 0.0477256 0.309471 0.559284 0.082774 0.000745712
 0.0406174 0.521527 0.379366 0.0568643 0.0016247
 0.151134 0.462217 0.34131 0.0453401 0
 0.294876 0.26143 0.354403 0.0886775 0.000613685
 0.281977 0.475581 0.204845 0.0348837 0.00271318
 0.0841818 0.532909 0.334909 0.0458182 0.00218182
 0.115287 0.27431 0.454777 0.147771 0.00785563
pf_pred 
 0.236185 0.51722 0.219678 0.0269051 1.21528e-05
 0.261086 0.553254 0.148941 0.0328817 0.00383789
 0.114087 0.695149 0.16304 0.0224581 0.00526657
 0.23883 0.474737 0.258646 0.0239961 0.00379091
 0.284934 0.49611 0.161824 0.0517792 0.00535216
 0.132727 0.628282 0.186487 0.0391099 0.0133939
 0.301434 0.396412 0.251504 0.0399236 0.0107252
 0.21225 0.623339 0.114781 0.0415899 0.00804032
 0.268165 0.526914 0.181037 0.0169284 0.00695545
 0.266357 0.57576 0.132573 0.0224979 0.00281208
 0.142237 0.652214 0.179056 0.0224043 0.00408949
 0.151485 0.544192 0.265093 0.0344199 0.0048091
 0.232986 0.516879 0.196353 0.047165 0.00661685
 0.230712 0.646304 0.10334 0.0156545 0.00398992
 0.274484 0.663129 0.0599446 0.00209203 0.000350625
 0.304048 0.647374 0.0477217 0.000827267 2.9389e-05
 0.208559 0.664755 0.122867 0.00375575 6.2954e-05
 0.241423 0.556121 0.186033 0.015955 0.000467642
 0.208244 0.590975 0.16915 0.0291796 0.00245168
 0.264036 0.509345 0.191517 0.0297777 0.00532362
 0.246969 0.567777 0.149896 0.0300951 0.00526343
 0.202722 0.553063 0.204446 0.0324005 0.0073685
 0.25427 0.487431 0.205207 0.0447191 0.00837307
 0.24359 0.552058 0.157029 0.0379052 0.00941748
 0.078326 0.651006 0.223461 0.03661 0.0105974
 0.106738 0.340629 0.444116 0.0901762 0.0183402
pobs_RECLAS
 0 0 0 0 0
 0 0 0 0 0
 0 0 0 0 0
 0 0 0 0 0
 0.835266 0.146461 0.0176864 0.000547809 3.91292e-05
 0.385257 0.428462 0.181853 0.0044286 0
 0.867414 0.0963971 0.0333333 0.00285562 0
 0.441836 0.489002 0.0689373 0.000224442 0
 0.779404 0.147425 0.0564933 0.0165055 0.000172143
 0.814271 0.122319 0.05973 0.00367925 0
 0.40263 0.566651 0.0304383 0.000280538 0
 0.475488 0.404961 0.113038 0.00651328 0
 0.955842 0.0263864 0.0167828 0.000988607 0
 0.975058 0.0227948 0.00214734 0 0
 0.738997 0.206755 0.0527124 0.00153531 0
 0.850938 0.134255 0.0134407 0.00136685 0
 0.542534 0.407297 0.0501686 0 0
 0.764087 0.199537 0.0359546 0.000420521 0
 0.470689 0.182191 0.310203 0.0369168 0
 0.84361 0.089868 0.0606195 0.00523954 0.000663233
 0.607945 0.314616 0.071237 0.00620181 0
 0.523733 0.453247 0.0230204 0 0
 0.530135 0.295979 0.169645 0.0042399 0
 0.562478 0.366248 0.0663022 0.0049721 0
 0.250443 0.683176 0.0655157 0.000865301 0
 0.195077 0.31981 0.436473 0.0351445 0.0134964
ppred_RECLAS
 0.594975 0.29888 0.0944663 0.0116731 5.30923e-06
 0.622697 0.301947 0.0603399 0.013437 0.0015792
 0.396475 0.508652 0.0810686 0.0111684 0.00263597
 0.593347 0.278171 0.115877 0.0108749 0.00173018
 0.639666 0.268025 0.067978 0.0220367 0.00229415
 0.415793 0.454413 0.101028 0.0213902 0.00737651
 0.671724 0.207522 0.100299 0.0160998 0.00435563
 0.555343 0.371898 0.0506512 0.0185061 0.00360237
 0.636585 0.282732 0.0712011 0.00670751 0.00277484
 0.622725 0.312587 0.0542228 0.0092949 0.00116993
 0.442791 0.453605 0.0901651 0.0113525 0.00208627
 0.465544 0.37874 0.135495 0.0177272 0.00249383
 0.614385 0.289486 0.0754302 0.0181374 0.00256107
 0.65915 0.309487 0.0264422 0.00391729 0.00100363
 0.714998 0.272159 0.0123529 0.000419229 7.06081e-05
 0.675465 0.308487 0.0157648 0.000273848 9.79239e-06
 0.554069 0.392157 0.0521444 0.00160292 2.70497e-05
 0.598986 0.315666 0.0783684 0.00677949 0.000200083
 0.547356 0.360351 0.0776236 0.013525 0.00114432
 0.627615 0.279258 0.0785745 0.0123327 0.00222019
 0.594328 0.324166 0.0657841 0.013367 0.00235442
 0.536615 0.346059 0.0980114 0.0157154 0.00359932
 0.612569 0.27582 0.0884457 0.01949 0.00367501
 0.594008 0.316446 0.0686083 0.0167478 0.00419035
 0.278268 0.546997 0.143923 0.0238574 0.00695491
 0.37157 0.279953 0.279344 0.0573804 0.0117529
pobs_PELACES
 0 0 0 0 0
 0 0 0 0 0
 0 0 0 0 0
 0 0 0 0 0
 0 0 0 0 0
 0 0 0 0 0
 0 0 0 0 0
 0 0 0 0 0
 0 0 0 0 0
 0 0 0 0 0
 0.450072 0.473896 0.0757376 0.000293798 0
 0 0 0 0 0
 0.463077 0.371075 0.160297 0.00555027 0
 0.529543 0.364841 0.0842815 0.0213345 0
 0.631943 0.363953 0.00410389 0 0
 0.735681 0.248677 0.0153453 0.000297389 0
 0.695825 0.281241 0.0229344 0 0
 0.275771 0.60734 0.115278 0.00161068 0
 0 0 0 0 0
 0.896147 0.0623911 0.0374545 0.00400742 0
 0.803859 0.145111 0.0509908 3.86294e-05 0
 0.739449 0.233085 0.0266225 0.000797448 4.60066e-05
 0.878498 0.100942 0.0204185 0.000141795 0
 0.694673 0.275183 0.0284847 0.00165964 0
 0.469039 0.446079 0.0841089 0.000773354 0
 0.822795 0.102175 0.0682046 0.00682512 0
ppred_PELACES
 0.697075 0.240797 0.0556094 0.00651601 2.93623e-06
 0.719074 0.238145 0.0346221 0.00730831 0.000850956
 0.551531 0.400655 0.0412367 0.00533124 0.00124594
 0.677011 0.238334 0.0767149 0.00685922 0.00108148
 0.695338 0.238421 0.0493493 0.0153119 0.00158011
 0.519372 0.397642 0.0653625 0.0131358 0.00448828
 0.751987 0.17201 0.0636656 0.00972905 0.00260831
 0.65961 0.298812 0.0294274 0.0101864 0.00196443
 0.739137 0.217023 0.0389456 0.00347169 0.00142276
 0.707827 0.253306 0.03285 0.00535008 0.000667247
 0.567447 0.373336 0.0519174 0.00617591 0.00112423
 0.588883 0.318253 0.0813823 0.0100779 0.00140448
 0.752257 0.204096 0.0347111 0.0078396 0.00109618
 0.835258 0.156636 0.00692272 0.000944612 0.000239397
 0.874177 0.122975 0.00274828 8.55516e-05 1.42499e-05
 0.782823 0.209966 0.00709189 0.000115834 4.10186e-06
 0.67087 0.300603 0.0277095 0.00080414 1.34413e-05
 0.699224 0.251531 0.0454131 0.00372381 0.000108882
 0.642428 0.300592 0.0483134 0.0079965 0.000670377
 0.72113 0.224153 0.0465467 0.00693356 0.00123672
 0.666402 0.279102 0.0443904 0.00860384 0.00150191
 0.618872 0.302183 0.0664795 0.0101601 0.00230611
 0.696685 0.23214 0.0569869 0.0119547 0.00223379
 0.675654 0.267066 0.0444016 0.0103198 0.00255873
 0.349821 0.521682 0.106755 0.0168689 0.00487355
 0.473913 0.269122 0.207989 0.0407119 0.00826383
pobs_pel_tallas
 0 0 0 0 0 0 0 0 0 0 0 0 0 0 0 0 0 0 0 0 0 0 0 0 0 0 0 0 0 0 0 0 0 0 0 0
 0 0 0 0 0 0 0 0 0 0 0 0 0 0 0 0 0 0 0 0 0 0 0 0 0 0 0 0 0 0 0 0 0 0 0 0
 0 0 0 0 0 0 0 0 0 0 0 0 0 0 0 0 0 0 0 0 0 0 0 0 0 0 0 0 0 0 0 0 0 0 0 0
 0 0 0 0 0 0 0 0 0 0 0 0 0 0 0 0 0 0 0 0 0 0 0 0 0 0 0 0 0 0 0 0 0 0 0 0
 0 0 0 0 0 0 0 0 0 0 0 0 0 0 0 0 0 0 0 0 0 0 0 0 0 0 0 0 0 0 0 0 0 0 0 0
 0 0 0 0 0 0 0 0 0 0 0 0 0 0 0 0 0 0 0 0 0 0 0 0 0 0 0 0 0 0 0 0 0 0 0 0
 0 0 0 0 0 0 0 0 0 0 0 0 0 0 0 0 0 0 0 0 0 0 0 0 0 0 0 0 0 0 0 0 0 0 0 0
 0 0 0 0 0 0 0 0 0 0 0 0 0 0 0 0 0 0 0 0 0 0 0 0 0 0 0 0 0 0 0 0 0 0 0 0
 0 0 0 0 0 0 0 0 0 0 0 0 0 0 0 0 0 0 0 0 0 0 0 0 0 0 0 0 0 0 0 0 0 0 0 0
 0 0 0 0 0 0 0 0 0 0 0 0 0 0 0 0 0 0 0 0 0 0 0 0 0 0 0 0 0 0 0 0 0 0 0 0
 0 0 0 0 0 0 0 0 1.78061e-05 0.00172719 0.00360574 0.0105946 0.0120993 0.0124554 0.0147524 0.0171206 0.0266825 0.0428682 0.0675386 0.121331 0.153587 0.119568 0.100827 0.0573624 0.0630603 0.0341343 0.0324427 0.0444173 0.0211091 0.0280891 0.0125444 0.00206551 0 0 0 0
 0 0 0 0 0 0 0 0 0 0 0 0 0 0 0 0 0 0 0 0 0 0 0 0 0 0 0 0 0 0 0 0 0 0 0 0
 0 0 0 0 0 0 0.0133647 0.0140871 0.0187388 0.0205184 0.03894 0.0496705 0.03968 0.0493445 0.0407372 0.0367815 0.0215668 0.0243155 0.0234873 0.0199281 0.019796 0.0243948 0.0301388 0.0376714 0.0412746 0.0863199 0.0771752 0.113111 0.0741005 0.0525337 0.0229764 0.00759418 0.00175318 0 0 0
 0 0 0 0 0 0 0 0 0 0 0.00219441 0.00772107 0.0458388 0.0604681 0.0671733 0.0775358 0.0609151 0.0617685 0.073594 0.0568108 0.0755445 0.0548602 0.0670107 0.0636378 0.0643287 0.046367 0.0373049 0.0286899 0.0247887 0.0153202 0.00654259 0.00121912 0.000365735 0 0 0
 0 0 0 0 0 0 0 0 0 0 0 0 0.000112435 0.00938835 0.0111873 0.0202946 0.0414886 0.0713402 0.111592 0.104902 0.108894 0.110636 0.117776 0.105296 0.107544 0.0401394 0.0192827 0.0124803 0.00416011 0.0028671 0.000618394 0 0 0 0 0
 0 0 0 0 0 0 0 0 0 0 0.00291406 0.0102884 0.027416 0.0768956 0.0749926 0.110853 0.0956884 0.0897413 0.0766577 0.0534642 0.0500743 0.0551293 0.0594112 0.0620874 0.0668451 0.0424026 0.0208742 0.0120726 0.0048766 0.00582813 0.00118941 0.000297354 0 0 0 0
 0 0.00264628 0.0354308 0.0461629 0.0458689 0.0383711 0.0214643 0.0164657 0.0346957 0.0420465 0.0363128 0.0245516 0.0311673 0.0291091 0.0169068 0.0133784 0.00837989 0.0085269 0.0148486 0.0160247 0.0276389 0.0546898 0.0760071 0.122758 0.109233 0.0665981 0.0333725 0.0166128 0.00676272 0.00308733 0.000882094 0 0 0 0 0
 0 0 0 0 0 0 0 0.000805153 0.000690131 0.00759144 0.0133425 0.0154129 0.00931677 0.000345066 0.00356568 0.00563607 0.00851162 0.0253048 0.0502646 0.0516448 0.0657925 0.0565908 0.0611916 0.0827007 0.0866115 0.110766 0.145733 0.0935128 0.0569358 0.0249597 0.0138026 0.00621118 0.00161031 0.00115022 0 0
 0 0 0 0 0 0 0 0 0 0 0 0 0 0 0 0 0 0 0 0 0 0 0 0 0 0 0 0 0 0 0 0 0 0 0 0
 0.00147267 0.00158595 0.00478618 0.00569244 0.00954404 0.0108468 0.00647125 0.017049 0.0510054 0.094081 0.124002 0.0959785 0.0687766 0.0820023 0.061753 0.0591476 0.0492212 0.0479892 0.0443925 0.0268479 0.0217502 0.0140895 0.0121071 0.0120363 0.00920419 0.00665534 0.0049561 0.00860946 0.00930331 0.0156896 0.0114698 0.00855282 0.00243557 0.00046729 0 2.83206e-05
 0 0 0 0 0.000772559 0.00158375 0.000888443 0.00281984 0.00712685 0.0440552 0.0773331 0.111326 0.0921469 0.0852325 0.0710754 0.0886704 0.0786465 0.0553345 0.0373146 0.0185414 0.00753245 0.00457741 0.012979 0.0271748 0.0457355 0.0583668 0.034881 0.0177882 0.00938659 0.00492506 0.0015258 0.00185414 0.000309023 5.79419e-05 3.86279e-05 0
 0 0.00173294 0.00326652 0 0.00397197 0.00683976 0.00946217 0.0152591 0.00757587 0.0136028 0.0228656 0.0392903 0.0559909 0.0764795 0.0681675 0.0726916 0.0566044 0.0477403 0.0527397 0.0444891 0.0609904 0.0582453 0.0661739 0.0445044 0.0529084 0.0360697 0.0280645 0.0235558 0.0158879 0.00826598 0.00280645 0.00217768 0.000904811 0.00058276 9.20147e-05 0
 0 0 0 0 0 0 0 0 0 0 0 0 0 0 0 0 0 0 0 0 0 0 0 0 0 0 0 0 0 0 0 0 0 0 0 0
 0 0 0 0 0 0 0 0 0 0 0 0 0 0 0 0 0 0 0 0 0 0 0 0 0 0 0 0 0 0 0 0 0 0 0 0
 0 0 0 0 0 0 0 0 0 0 0 0 0 0 0 0 0 0 0 0 0 0 0 0 0 0 0 0 0 0 0 0 0 0 0 0
 0 0 0 0 0 0 0 0 0 0 0 0 0 0 0 0 0 0 0 0 0 0 0 0 0 0 0 0 0 0 0 0 0 0 0 0
ppred_pel_tallas
 1.01092e-16 3.04183e-05 0.000178521 0.000848586 0.00326707 0.010188 0.0257342 0.0526563 0.087286 0.11723 0.127589 0.112588 0.0806929 0.0472925 0.0233247 0.0109091 0.00676099 0.00699425 0.00920977 0.0123109 0.0157741 0.0192032 0.0222005 0.0243935 0.0255083 0.0254306 0.0242293 0.0221303 0.019455 0.0165423 0.0136811 0.0110706 0.00881288 0.00693007 0.00539389 0.00415391
 1.00861e-16 3.13773e-05 0.000184152 0.000875358 0.00337015 0.0105095 0.0265462 0.0543175 0.0900394 0.120927 0.131609 0.116128 0.0832144 0.0487378 0.0239765 0.0111103 0.00674328 0.00685974 0.00898012 0.0119725 0.0153017 0.0185699 0.0213829 0.0233758 0.0242854 0.0240109 0.0226359 0.0204013 0.0176414 0.014704 0.0118815 0.00937061 0.00726452 0.00557168 0.0042471 0.00322325
 1.00958e-16 2.40783e-05 0.000141285 0.000671532 0.00258531 0.00806194 0.0203641 0.0416699 0.0690806 0.0927979 0.101047 0.0892849 0.0642488 0.038173 0.01979 0.0108676 0.00889444 0.0108538 0.0148438 0.019902 0.0254143 0.0307765 0.035336 0.0384824 0.03978 0.0390705 0.036511 0.0325259 0.0276973 0.0226279 0.0178223 0.0136165 0.0101648 0.00747167 0.00544576 0.00395493
 1.01453e-16 2.95433e-05 0.000173384 0.000824167 0.00317305 0.00989482 0.0249936 0.0511409 0.0847743 0.113857 0.12392 0.109354 0.0783846 0.0459583 0.022702 0.0106787 0.00670344 0.00700771 0.0092667 0.0124192 0.0159577 0.0194955 0.02264 0.0250194 0.0263546 0.026519 0.0255631 0.0236907 0.0212003 0.0184111 0.0155994 0.0129602 0.0106011 0.00855729 0.00681894 0.00535593
 1.01379e-16 3.03424e-05 0.000178076 0.00084647 0.00325892 0.0101626 0.0256701 0.052525 0.0870683 0.116937 0.12727 0.112305 0.0804882 0.0471679 0.0232546 0.0108619 0.00671242 0.00692935 0.00911981 0.0121912 0.0156236 0.0190259 0.0220057 0.0241965 0.0253293 0.0252926 0.0241554 0.0221408 0.0195646 0.016758 0.0140011 0.0114842 0.00930168 0.00747007 0.00595803 0.00471505
 1.01719e-16 2.26759e-05 0.000133052 0.000632391 0.00243461 0.00759198 0.0191771 0.039241 0.0650548 0.0873921 0.0951666 0.0841025 0.0605495 0.0360354 0.0187934 0.0105004 0.00880459 0.0108774 0.014935 0.0200705 0.025695 0.0312177 0.0359944 0.0394172 0.0410443 0.0407022 0.0385236 0.0349022 0.0303872 0.025551 0.0208758 0.0166866 0.0131394 0.0102516 0.00795437 0.0061427
 1.01417e-16 3.28099e-05 0.000192568 0.000915384 0.00352428 0.0109901 0.0277602 0.0568011 0.0941541 0.126446 0.137599 0.121372 0.0868822 0.0507053 0.024609 0.0108428 0.00582723 0.00534704 0.00681711 0.00909568 0.0117031 0.0143352 0.0167053 0.0185438 0.019646 0.0199147 0.0193774 0.0181703 0.0164972 0.0145776 0.0126021 0.0107069 0.00896897 0.00741779 0.00605384 0.00486548
 1.00957e-16 2.87869e-05 0.000168938 0.000803018 0.0030916 0.00964081 0.0243521 0.0498288 0.082601 0.110944 0.120763 0.106603 0.0764877 0.0449965 0.0225052 0.0110481 0.00754368 0.00833091 0.0111341 0.0148792 0.0189994 0.0230193 0.0264489 0.0288334 0.029848 0.0293745 0.0275284 0.0246235 0.0210899 0.0173722 0.0138417 0.010744 0.00819053 0.00618243 0.00465157 0.00350134
 1.0081e-16 3.22514e-05 0.000189285 0.000899766 0.00346413 0.0108026 0.0272865 0.0558321 0.0925492 0.124295 0.135268 0.119341 0.0854831 0.0499985 0.02447 0.0111266 0.00646594 0.00635292 0.00823937 0.0109744 0.0140342 0.0170482 0.0196552 0.021521 0.022403 0.0222055 0.0209998 0.0190005 0.0165076 0.0138351 0.0112487 0.00892872 0.00696369 0.00536616 0.00410065 0.00311086
 1.00764e-16 3.08875e-05 0.000181275 0.000861677 0.00331747 0.0103452 0.0261312 0.0534687 0.0886328 0.119039 0.129559 0.11433 0.0819486 0.0480424 0.0237197 0.0111343 0.00695087 0.00722136 0.00950406 0.0126756 0.0161905 0.0196305 0.0225767 0.0246415 0.0255464 0.025187 0.0236565 0.0212162 0.0182268 0.0150632 0.0120402 0.00936884 0.00714817 0.00538506 0.00402785 0.00299999
 1.01124e-16 2.47712e-05 0.000145356 0.000690888 0.00265985 0.00829439 0.0209512 0.0428709 0.0710706 0.0954677 0.103946 0.0918247 0.0660304 0.0391393 0.0201221 0.0107819 0.00851983 0.0102234 0.0139385 0.0186948 0.0238998 0.0289871 0.0333482 0.0364124 0.0377683 0.0372602 0.0350231 0.0314399 0.0270406 0.0223764 0.0179112 0.0139569 0.0106614 0.008037 0.00601037 0.00447095
 1.01671e-16 2.57038e-05 0.000150835 0.00071695 0.00276021 0.00860738 0.0217418 0.044488 0.0737494 0.0990602 0.107842 0.0952296 0.0683988 0.0403828 0.0204675 0.0104972 0.00775029 0.00898306 0.0121756 0.0163593 0.020992 0.0255868 0.0296252 0.0326152 0.0341918 0.0341989 0.0327202 0.0300461 0.0265926 0.0227999 0.0190445 0.0155872 0.012564 0.0100087 0.00789044 0.00615067
 1.0088e-16 3.28229e-05 0.000192642 0.000915726 0.00352559 0.0109942 0.0277705 0.0568225 0.0941904 0.126498 0.137661 0.121443 0.0869675 0.0508243 0.0247952 0.011141 0.00628999 0.00602846 0.00776281 0.0103289 0.0132091 0.0160497 0.0185106 0.0202783 0.0211251 0.0209613 0.0198539 0.0180038 0.0156918 0.013211 0.0108084 0.00865108 0.00681966 0.00532428 0.00413083 0.00318678
 1.00194e-16 3.64401e-05 0.000213883 0.00101672 0.00391445 0.0122069 0.0308336 0.0630892 0.104576 0.140439 0.152815 0.13477 0.0964196 0.0561635 0.0270545 0.0115689 0.00570643 0.0047619 0.00584821 0.00769482 0.00978448 0.0118143 0.0135167 0.0146527 0.0150551 0.0146679 0.0135603 0.0119071 0.00994488 0.00791661 0.00602434 0.00440075 0.00310378 0.00212947 0.00143426 0.000957653
 1.00083e-16 3.81358e-05 0.000223841 0.00106407 0.00409677 0.0127754 0.0322697 0.0660274 0.109445 0.146974 0.159916 0.141009 0.100832 0.0586308 0.0280501 0.0116637 0.00526688 0.00392301 0.00460987 0.00601481 0.00763406 0.00920638 0.0105173 0.0113787 0.0116605 0.0113204 0.0104151 0.00908478 0.00751794 0.00590794 0.00441512 0.00314432 0.00214051 0.00139902 0.00088331 0.000543119
 1.00174e-16 3.41559e-05 0.000200467 0.000952929 0.00366882 0.0114409 0.0288988 0.059131 0.0980169 0.131636 0.143252 0.126371 0.0904883 0.052865 0.0257581 0.011516 0.00641571 0.00606514 0.00775739 0.0102732 0.013068 0.0157701 0.0180271 0.0195197 0.0200248 0.0194688 0.0179467 0.0156956 0.0130355 0.0102948 0.00774641 0.0055692 0.00384081 0.00255484 0.00165087 0.00104523
 1.0052e-16 2.9278e-05 0.000171821 0.000816723 0.00314437 0.00980536 0.0247677 0.0506792 0.0840107 0.112837 0.122823 0.108419 0.077785 0.045749 0.0228612 0.0111888 0.00759484 0.00835301 0.0111466 0.0148821 0.018983 0.0229677 0.0263408 0.0286437 0.0295504 0.0289449 0.0269489 0.023886 0.0201986 0.0163444 0.0127063 0.00953964 0.00696096 0.00497228 0.00350191 0.0024461
 1.0086e-16 3.05124e-05 0.000179072 0.000851206 0.00327715 0.0102195 0.0258137 0.0528189 0.0875558 0.117593 0.127986 0.112943 0.080958 0.0474687 0.0234499 0.0110311 0.00691957 0.00721789 0.0095166 0.0127082 0.0162549 0.0197436 0.0227581 0.0249114 0.0259221 0.0256791 0.0242655 0.0219303 0.0190224 0.0159068 0.0128928 0.0101909 0.00790464 0.00604958 0.00458488 0.0034451
 1.0109e-16 2.80378e-05 0.00016454 0.000782108 0.00301109 0.00938974 0.0237179 0.0485312 0.0804504 0.108056 0.117623 0.103838 0.074518 0.0438673 0.0219954 0.0108899 0.00755619 0.0084344 0.011312 0.0151429 0.0193696 0.0235185 0.0270967 0.0296434 0.0308249 0.0305113 0.028805 0.0260068 0.0225359 0.0188294 0.0152558 0.0120643 0.00937497 0.00720165 0.00549123 0.00416196
 1.0103e-16 3.14665e-05 0.000184676 0.000877854 0.00337976 0.0105395 0.0266219 0.0544724 0.0902958 0.12127 0.131979 0.116447 0.083427 0.04883 0.0239618 0.0110038 0.00654553 0.00655815 0.00855783 0.0114189 0.0146211 0.0177879 0.0205477 0.022555 0.0235566 0.0234492 0.0223003 0.020324 0.0178226 0.0151134 0.0124659 0.0100641 0.00800019 0.00629084 0.00490534 0.00379277
 1.01087e-16 2.90823e-05 0.000170674 0.000811274 0.0031234 0.00973997 0.0246025 0.050341 0.0834496 0.112082 0.121997 0.10768 0.0772347 0.0453842 0.0226036 0.0109397 0.00727185 0.00789724 0.0105202 0.0140689 0.0179954 0.0218526 0.0251821 0.0275562 0.0286652 0.0283885 0.026821 0.0242413 0.0210376 0.0176145 0.0143129 0.0113625 0.00887359 0.00685834 0.00526711 0.00402432
 1.015e-16 2.70107e-05 0.00015851 0.00075344 0.00290071 0.00904553 0.0228485 0.0467523 0.0775019 0.104098 0.113317 0.100045 0.0718153 0.0423144 0.0212881 0.0106587 0.00754995 0.00854022 0.011503 0.0154305 0.0197791 0.024079 0.0278366 0.0305866 0.0319866 0.0318947 0.0303984 0.0277825 0.0244502 0.0208257 0.0172695 0.0140287 0.0112278 0.00889153 0.0069816 0.00543321
 1.014e-16 3.04009e-05 0.00017842 0.000848108 0.00326523 0.0101823 0.0257197 0.0526265 0.0872365 0.117163 0.127514 0.112517 0.0806327 0.0472379 0.0232619 0.0108203 0.00662719 0.00679754 0.00893517 0.0119497 0.0153277 0.0186871 0.0216456 0.0238445 0.0250186 0.0250545 0.024013 0.022105 0.019632 0.016912 0.0142161 0.0117305 0.00955102 0.00769958 0.00615249 0.00486732
 1.01192e-16 2.94852e-05 0.000173041 0.000822528 0.00316673 0.00987511 0.0249439 0.0510394 0.0846067 0.113634 0.123683 0.10916 0.0782765 0.0459574 0.0228167 0.0109231 0.00710583 0.00760656 0.0100982 0.0135017 0.0172766 0.0209926 0.0242107 0.0265218 0.0276288 0.0274146 0.0259676 0.023551 0.0205323 0.0172948 0.0141615 0.0113499 0.00896451 0.00701745 0.00546315 0.00423219
 1.02493e-16 1.52879e-05 8.9666e-05 0.000426103 0.0016403 0.00511494 0.0129204 0.0264405 0.0438414 0.0589184 0.0642218 0.0569027 0.0412879 0.0252162 0.014332 0.00988191 0.0103978 0.0140579 0.0196725 0.0265339 0.0340208 0.0413959 0.0478209 0.0524957 0.0548325 0.0545913 0.0519299 0.0473466 0.0415446 0.0352617 0.0291232 0.0235556 0.0187712 0.014807 0.0115901 0.00900139
 1.04826e-16 2.06888e-05 0.000121397 0.000577006 0.0022214 0.00692714 0.0174976 0.0358038 0.0593542 0.0797276 0.086803 0.0766701 0.0551097 0.0326215 0.0166948 0.00883633 0.00688531 0.00826626 0.0113916 0.0155182 0.0202381 0.0251725 0.029895 0.0339728 0.0370445 0.0388871 0.039447 0.0388247 0.0372248 0.0348922 0.0320585 0.0289125 0.0255971 0.0222229 0.0188857 0.0156772
pSPR Fmed_Fpbrs
0.521453   0.6 0.325
Fs Fmed_Fpbrs
0.68   0.482231 1.72438
SSBpbr Bo_Bmed_Bpbrs
645943  304532  355269 177634
Ro
29143.9
SPR SPRFo_SPRFmed_SPRFpbrs
601948 313888 195633
log_Ro
10.1
likeval ReclasPelacesDesembMPH_pf_preclas_ppelaces_ptallas_desvR_qrecl_qpela
 69.5106 13.27 0.0289446 0.000456277 324.871 203.561 84.7169 0 18.0647 3.9488e-06 0.000132081 3.90713e-14 0 0 0
q_reclas_q_pelaces
1.32523 5.12977
M
0.7
N
 31338.2 11228.4 3527.57 424.198 0.19142
 40858.1 14277.8 2854.7 618.988 72.1781
 15109.2 18558.4 3544.98 482.815 113.156
 21563.5 6310.6 2400.67 217.691 34.349
 44505.3 10218.9 2178.76 677.703 69.9451
 28920.5 21918.2 4757.79 978.826 334.874
 67439.4 13286.2 5944.28 922.999 247.666
 64856.9 31758.6 4367.84 1555.08 300.354
 87229.4 29332.8 7626.44 701.402 287.935
 115190 39047.4 6502.61 1081.59 135.047
 65814.3 53335.1 11254.7 1386.69 252.908
 47561.6 29082.1 10691.5 1365.08 190.558
 48516.4 21336.6 6556.41 1556.44 218.22
 26764.5 20416.4 2925.94 440.838 112.326
 13746.7 9562.32 784.525 27.249 4.56581
 11466.1 4743.72 280.506 4.80291 0.170514
 8507.1 4867.9 696.717 20.9825 0.351432
 9825.96 3735.05 928.278 78.1946 2.28971
 9989.07 4461.95 925.497 156.508 13.136
 14905 4618.7 1272.27 194.082 34.6626
 20777.3 6838.82 1240.41 243.096 42.461
 25016.3 9945.18 2551.83 395.084 89.7382
 41408 11899.1 3533.87 753.326 140.885
 57570.2 19495.3 3904.71 921.879 228.769
 22461.1 27136.6 6456.34 1033.24 298.715
 22864.9 10693.2 9709 1926.42 391.318
pred_Ctot
 1869.29 4093.56 1738.65 212.942 0.0961839
 2520.04 5340.09 1437.6 317.379 37.0438
 1744.16 10627.4 2492.55 343.339 80.5153
 710.444 1412.19 769.389 71.3807 11.2767
 264.459 460.46 150.195 48.0584 4.96756
 1564.29 7404.78 2197.9 460.94 157.857
 2514.36 3306.6 2097.88 333.016 89.4622
 4184.99 12290.6 2263.16 820.041 158.533
 6220.24 12222.1 4199.25 392.663 161.336
 5622.48 12153.6 2798.46 474.904 59.3597
 5249.26 24069.9 6608.03 826.828 150.922
 3323.95 11940.9 5816.78 755.254 105.523
 5374.87 11924.2 4529.77 1088.07 152.648
 5502.79 15415.2 2464.79 373.38 95.1648
 3079.87 7440.7 672.614 23.4738 3.93422
 1207.1 2570.15 189.46 3.28434 0.116678
 713.886 2275.42 420.566 12.8557 0.215488
 607.738 1399.93 468.302 40.1637 1.1772
 496.939 1410.26 403.646 69.632 5.85051
 818.787 1579.5 593.904 92.3419 16.5088
 540.625 1242.89 328.129 65.8795 11.5219
 760.165 2073.87 766.63 121.495 27.6303
 1550.49 2972.27 1251.31 272.689 51.0575
 2109.04 4779.8 1359.58 328.189 81.538
 668.784 5558.59 1908.01 312.594 90.4855
 726.961 2319.92 3024.73 614.162 124.91
F
 0.0861359 0.669481 1.04028 1.07151 1.07321
 0.0891839 0.693171 1.07709 1.10943 1.11119
 0.173071 1.34517 2.09021 2.15297 2.15638
 0.0467653 0.363477 0.564793 0.581751 0.582672
 0.00829296 0.064456 0.100156 0.103163 0.103326
 0.0778252 0.604887 0.939909 0.968131 0.969663
 0.0530672 0.412458 0.640902 0.660145 0.66119
 0.0934773 0.726541 1.12894 1.16284 1.16468
 0.103765 0.806502 1.25319 1.29082 1.29286
 0.0699903 0.543991 0.845286 0.870666 0.872044
 0.116714 0.907142 1.40957 1.45189 1.45419
 0.101601 0.78968 1.22705 1.26389 1.2659
 0.165562 1.28681 1.99952 2.05956 2.06282
 0.329245 2.55902 3.97635 4.09575 4.10223
 0.36398 2.82899 4.39586 4.52784 4.53501
 0.156734 1.2182 1.89291 1.94974 1.95283
 0.12314 0.957087 1.48718 1.53183 1.53426
 0.0894432 0.695186 1.08022 1.11266 1.11442
 0.0713784 0.55478 0.86205 0.887933 0.889339
 0.0790835 0.614667 0.955106 0.983784 0.985341
 0.036772 0.285806 0.444102 0.457436 0.45816
 0.0430619 0.334693 0.520066 0.535682 0.53653
 0.0533018 0.414282 0.643736 0.663065 0.664114
 0.0521218 0.40511 0.629484 0.648385 0.649411
 0.0421789 0.32783 0.509402 0.524697 0.525527
 0.0450959 0.350502 0.544631 0.560984 0.561872
Np
 18666.7 8917.73 3989.69 1163.82 1121.23
YTP_r0W_actual
 6542.64 58926 106773 25426.3 5620.93
YTP_p0W_proyectada
 4188.14 44561.4 32387.8 31676.6 8815.56
 4188.14 36612.9 34549.5 13182.2 14111.3
CTP_r0_actual
 726.961 2319.92 3024.73 614.162 124.91
CTP_p0_proyectada
 510.749 2063.03 1031.46 789.941 198.102
 510.749 1695.04 1100.3 328.733 317.107
Wmedp
 8.2 21.6 31.4 40.1 44.5
nmprior
 10.6 11 7 0
nm_flota  nm_reclas  nm_pelaces    nm_pelaL
inf 26.9319 14.6427 42.8419
cv_recla  cv_pelaces  cv_mph
0.737561 0.39905 0.581363
 ------------------------------------------------
Talla a la edad & desviaci?n 
 7.2 14.2025 17.0495 18.207 18.6776
 1.08 2.13037 2.55742 2.73105 2.80164
