years
 1997 1998 1999 2000 2001 2002 2003 2004 2005 2006 2007 2008 2009 2010 2011 2012 2013 2014 2015 2016 2017 2018 2019 2020 2021 2022
reclasobs
 0 0 0 370054 412103 1.49427e+06 250295 1.28982e+06 931140 785840 897777 1.04006e+06 184774 17550 25797 100020 73551 82996 120727 218422 84188 347160 605670 569463 516374 1.08416e+06
reclaspred
 8.07057e+06 1.47149e+06 1.72594e+06 259398 221283 343297 645240 644457 643480 820508 954837 725915 380210 140921 76272.5 76800.6 79439.3 108451 140941 136212 194999 224928 351596 463773 787090 435986
pelacesobs
 0 0 0 0 0 0 0 0 0 2.06254e+06 1.5e+06 0 1.87456e+06 323000 250000 174000 83755 137374 0 501740 490994 745055 786931 1.00524e+06 1.33801e+06 1.41789e+06
pelacespred
 1.75783e+07 9.14021e+06 1.85807e+06 624382 721760 659590 2.12949e+06 2.00259e+06 1.7479e+06 2.54002e+06 2.31078e+06 1.78174e+06 983544 300774 166605 169118 180269 266436 340285 291075 567906 605323 691729 1.13288e+06 1.8197e+06 770239
mphobs
 0 0 0 0 0 112323 0 153150 637223 0 255016 313432 73983 77613 109348 50772 17779 17303 59886 28197 0 207744 136588 643089 65757 0
mphpred
 1.34013e+06 559075 213396 62710.7 39299.9 144211 154831 306501 259395 278070 406544 278530 175406 101783 48058.3 34266.5 30064.5 36499.7 48217.6 44241.5 54247.2 76728.2 87753.9 126527 228124 133479
desembarqueobs
 350755 77701 442110 56441 14545 235359 269955 359681 431902 328805 639364 411747 362871 311530 167758 66681 60226 58785 57116 73181 50977 67692 138656 160484 209506 203330
desembarquepred
 350744 77678.6 441485 56400.3 14541.4 235120 269827 358999 431251 328429 638021 410894 361992 310870 167190 66583.7 60176 58679.2 57016.9 73065.1 50951.8 67600.3 138496 160332 209253 202948
Reclutas
 5698.3 7855.18 977.028 3325.18 39945.2 11394.8 65768 54971.2 60064 114851 65141.1 50136.8 56411.7 29178.8 12030.7 9026.41 7065.66 8674.25 7407.52 8210.72 15030.1 16541.2 27410.7 48481.5 8292.42 2042.43
log_desv_Rt
 -1.03208 -0.711071 -2.79549 -1.57072 0.915263 -0.339089 1.41389 1.23456 1.32317 1.97139 1.40431 1.14251 1.26043 0.601196 -0.284782 -0.57209 -0.816998 -0.611886 -0.769748 -0.666804 -0.062192 0.0336082 0.538688 1.10894 -0.656903 -2.05811
SSB
 1.72323e+06 718895 274398 80637.5 50534.3 185436 199092 394119 333547 357560 522761 358152 225549 130879 61796.4 44062 38658.9 46933.7 62001.3 56888.6 69754.6 98662.1 112840 162697 293336 171635
BT
 2.1279e+06 852607 390424 125634 242465 289643 1.03786e+06 917380 929311 1.09913e+06 1.13108e+06 807539 673583 388946 194785 101626 100743 124044 115063 124909 193896 168417 242049 412368 417761 257677
Ftot
 0.163517 0.279071 1.33669 1.20503 0.379882 1.76377 1.9041 1.74 2.1909 1.5098 1.94213 1.82596 3.03336 4.95303 4.95303 2.40667 2.29741 1.79308 1.23909 1.73868 0.948621 0.988931 1.32549 1.22658 0.800578 1.69166
BD_Bspro_t
 0.977292 0.833631 0.559876 0.171879 0.213774 0.543193 0.378868 0.480736 0.386202 0.364953 0.41838 0.272758 0.191148 0.13197 0.0755683 0.067087 0.0821554 0.136691 0.214108 0.241004 0.309996 0.451056 0.439982 0.457909 0.527951 0.319343
BD_Bspro
 5.21627 2.17612 0.830613 0.244093 0.152969 0.561323 0.602659 1.19301 1.00966 1.08235 1.58242 1.08414 0.682745 0.396177 0.18706 0.133377 0.117022 0.14207 0.18768 0.172204 0.21115 0.298654 0.34157 0.49249 0.88794 0.519547
BD_Bo
 2.91821 1.21742 0.464681 0.136556 0.0855776 0.314028 0.337153 0.667423 0.564846 0.605513 0.885273 0.606515 0.381957 0.221638 0.104649 0.0746171 0.0654671 0.0794801 0.104996 0.0963383 0.118126 0.16708 0.191089 0.27552 0.496752 0.290657
BD_Brms
 5.30583 2.21349 0.844874 0.248284 0.155596 0.57096 0.613006 1.2135 1.02699 1.10093 1.60959 1.10275 0.694467 0.402979 0.190272 0.135667 0.119031 0.144509 0.190902 0.17516 0.214775 0.303781 0.347434 0.500945 0.903185 0.528467
S_f
 0.0765923 0.801042 0.994909 0.999895 0.999998
 0.0765923 0.801042 0.994909 0.999895 0.999998
 0.0765923 0.801042 0.994909 0.999895 0.999998
 0.0765923 0.801042 0.994909 0.999895 0.999998
 0.0765923 0.801042 0.994909 0.999895 0.999998
 0.0765923 0.801042 0.994909 0.999895 0.999998
 0.0765923 0.801042 0.994909 0.999895 0.999998
 0.0765923 0.801042 0.994909 0.999895 0.999998
 0.0765923 0.801042 0.994909 0.999895 0.999998
 0.0765923 0.801042 0.994909 0.999895 0.999998
 0.0765923 0.801042 0.994909 0.999895 0.999998
 0.0765923 0.801042 0.994909 0.999895 0.999998
 0.0765923 0.801042 0.994909 0.999895 0.999998
 0.0765923 0.801042 0.994909 0.999895 0.999998
 0.0765923 0.801042 0.994909 0.999895 0.999998
 0.0765923 0.801042 0.994909 0.999895 0.999998
 0.0765923 0.801042 0.994909 0.999895 0.999998
 0.0765923 0.801042 0.994909 0.999895 0.999998
 0.0765923 0.801042 0.994909 0.999895 0.999998
 0.0765923 0.801042 0.994909 0.999895 0.999998
 0.0765923 0.801042 0.994909 0.999895 0.999998
 0.0765923 0.801042 0.994909 0.999895 0.999998
 0.0765923 0.801042 0.994909 0.999895 0.999998
 0.0765923 0.801042 0.994909 0.999895 0.999998
 0.0765923 0.801042 0.994909 0.999895 0.999998
 0.0765923 0.801042 0.994909 0.999895 0.999998
Scru_reclas
 0.0813673 0.308323 0.691677 0.918633 0.982704
 0.0813673 0.308323 0.691677 0.918633 0.982704
 0.0813673 0.308323 0.691677 0.918633 0.982704
 0.0813673 0.308323 0.691677 0.918633 0.982704
 0.0813673 0.308323 0.691677 0.918633 0.982704
 0.0813673 0.308323 0.691677 0.918633 0.982704
 0.0813673 0.308323 0.691677 0.918633 0.982704
 0.0813673 0.308323 0.691677 0.918633 0.982704
 0.0813673 0.308323 0.691677 0.918633 0.982704
 0.0813673 0.308323 0.691677 0.918633 0.982704
 0.0813673 0.308323 0.691677 0.918633 0.982704
 0.0813673 0.308323 0.691677 0.918633 0.982704
 0.0813673 0.308323 0.691677 0.918633 0.982704
 0.0813673 0.308323 0.691677 0.918633 0.982704
 0.0813673 0.308323 0.691677 0.918633 0.982704
 0.0813673 0.308323 0.691677 0.918633 0.982704
 0.0813673 0.308323 0.691677 0.918633 0.982704
 0.0813673 0.308323 0.691677 0.918633 0.982704
 0.0813673 0.308323 0.691677 0.918633 0.982704
 0.0813673 0.308323 0.691677 0.918633 0.982704
 0.0813673 0.308323 0.691677 0.918633 0.982704
 0.0813673 0.308323 0.691677 0.918633 0.982704
 0.0813673 0.308323 0.691677 0.918633 0.982704
 0.0813673 0.308323 0.691677 0.918633 0.982704
 0.0813673 0.308323 0.691677 0.918633 0.982704
 0.0813673 0.308323 0.691677 0.918633 0.982704
Scru_pelaces
 0.139657 0.449622 0.804356 0.953897 0.990488
 0.139657 0.449622 0.804356 0.953897 0.990488
 0.139657 0.449622 0.804356 0.953897 0.990488
 0.139657 0.449622 0.804356 0.953897 0.990488
 0.139657 0.449622 0.804356 0.953897 0.990488
 0.139657 0.449622 0.804356 0.953897 0.990488
 0.139657 0.449622 0.804356 0.953897 0.990488
 0.139657 0.449622 0.804356 0.953897 0.990488
 0.139657 0.449622 0.804356 0.953897 0.990488
 0.139657 0.449622 0.804356 0.953897 0.990488
 0.139657 0.449622 0.804356 0.953897 0.990488
 0.139657 0.449622 0.804356 0.953897 0.990488
 0.139657 0.449622 0.804356 0.953897 0.990488
 0.139657 0.449622 0.804356 0.953897 0.990488
 0.139657 0.449622 0.804356 0.953897 0.990488
 0.139657 0.449622 0.804356 0.953897 0.990488
 0.139657 0.449622 0.804356 0.953897 0.990488
 0.139657 0.449622 0.804356 0.953897 0.990488
 0.139657 0.449622 0.804356 0.953897 0.990488
 0.139657 0.449622 0.804356 0.953897 0.990488
 0.139657 0.449622 0.804356 0.953897 0.990488
 0.139657 0.449622 0.804356 0.953897 0.990488
 0.139657 0.449622 0.804356 0.953897 0.990488
 0.139657 0.449622 0.804356 0.953897 0.990488
 0.139657 0.449622 0.804356 0.953897 0.990488
 0.139657 0.449622 0.804356 0.953897 0.990488
pf_obs 
 0.256992 0.487395 0.22802 0.0275931 0
 0.321318 0.546541 0.124235 0.00734118 0.000564706
 0.182869 0.594174 0.210203 0.0122559 0.00049798
 0.330522 0.361315 0.267642 0.0388342 0.00168674
 0.649043 0.306663 0.0425973 0.00169635 0
 0.582887 0.30429 0.105238 0.00758474 0
 0.465427 0.430635 0.0974691 0.00646863 0
 0.296916 0.608066 0.0921331 0.00288517 0
 0.311714 0.524322 0.152257 0.0117073 0
 0.15457 0.633149 0.183074 0.0267441 0.00246327
 0.131901 0.49318 0.331252 0.0422183 0.00144891
 0.196976 0.569456 0.194076 0.0375587 0.00193317
 0.518974 0.381816 0.0799577 0.0180837 0.00116848
 0.0928022 0.601141 0.25162 0.0475244 0.00691264
 0.122501 0.610282 0.24278 0.0234846 0.000952079
 0.383417 0.481906 0.127806 0.00687128 0
 0.0376549 0.599619 0.316969 0.0457579 0
 0.0361596 0.667082 0.258105 0.0386534 0
 0.158088 0.579412 0.248529 0.0139706 0
 0.0477256 0.309471 0.559284 0.082774 0.000745712
 0.0406174 0.521527 0.379366 0.0568643 0.0016247
 0.151134 0.462217 0.34131 0.0453401 0
 0.294876 0.26143 0.354403 0.0886775 0.000613685
 0.281977 0.475581 0.204845 0.0348837 0.00271318
 0.0841818 0.532909 0.334909 0.0458182 0.00218182
 0.115287 0.27431 0.454777 0.147771 0.00785563
pf_pred 
 0.00762564 0.638467 0.312734 0.0411713 1.72523e-06
 0.020392 0.069522 0.632016 0.245873 0.0321969
 0.00758039 0.211146 0.0696002 0.495097 0.216577
 0.129237 0.125511 0.212721 0.0478481 0.484683
 0.680773 0.238505 0.015807 0.0186479 0.0462662
 0.0813788 0.883204 0.0281026 0.00143955 0.00587546
 0.582649 0.272057 0.141665 0.00288681 0.000743075
 0.226882 0.751987 0.0158321 0.00516889 0.000130915
 0.27081 0.627522 0.0998701 0.00135108 0.000447369
 0.377514 0.565715 0.051745 0.00493841 8.77999e-05
 0.160806 0.772333 0.0626812 0.00381281 0.000366667
 0.188608 0.663357 0.140462 0.00710504 0.000468226
 0.310032 0.584544 0.0923648 0.0123979 0.000660962
 0.256733 0.709016 0.0313145 0.00257784 0.000358522
 0.246476 0.737168 0.0160706 0.000262416 2.39885e-05
 0.279158 0.703306 0.0173936 0.000140331 2.43818e-06
 0.234387 0.703991 0.060745 0.000869599 7.04095e-06
 0.292865 0.633289 0.0702237 0.00357134 5.08646e-05
 0.195143 0.722915 0.0762704 0.00539641 0.000275279
 0.233491 0.614255 0.141195 0.0102998 0.000759069
 0.315836 0.592155 0.0793597 0.0117404 0.00090959
 0.209203 0.685542 0.094674 0.00913661 0.00144488
 0.28585 0.567616 0.132034 0.0130536 0.00144721
 0.31997 0.595106 0.0721973 0.0114778 0.00124889
 0.0389784 0.847393 0.103409 0.00869986 0.00151995
 0.0279169 0.345651 0.570363 0.0510608 0.00500883
pobs_RECLAS
 0 0 0 0 0
 0 0 0 0 0
 0 0 0 0 0
 0 0 0 0 0
 0.835266 0.146461 0.0176864 0.000547809 3.91292e-05
 0.385257 0.428462 0.181853 0.0044286 0
 0.867414 0.0963971 0.0333333 0.00285562 0
 0.441836 0.489002 0.0689373 0.000224442 0
 0.779404 0.147425 0.0564933 0.0165055 0.000172143
 0.814271 0.122319 0.05973 0.00367925 0
 0.40263 0.566651 0.0304383 0.000280538 0
 0.475488 0.404961 0.113038 0.00651328 0
 0.955842 0.0263864 0.0167828 0.000988607 0
 0.975058 0.0227948 0.00214734 0 0
 0.738997 0.206755 0.0527124 0.00153531 0
 0.850938 0.134255 0.0134407 0.00136685 0
 0.542534 0.407297 0.0501686 0 0
 0.764087 0.199537 0.0359546 0.000420521 0
 0.470689 0.182191 0.310203 0.0369168 0
 0.84361 0.089868 0.0606195 0.00523954 0.000663233
 0.607945 0.314616 0.071237 0.00620181 0
 0.523733 0.453247 0.0230204 0 0
 0.530135 0.295979 0.169645 0.0042399 0
 0.562478 0.366248 0.0663022 0.0049721 0
 0.250443 0.683176 0.0655157 0.000865301 0
 0.195077 0.31981 0.436473 0.0351445 0.0134964
ppred_RECLAS
 0.0160491 0.483195 0.426548 0.0742044 3.32597e-06
 0.0295716 0.0360308 0.589136 0.302843 0.0424186
 0.0114424 0.104414 0.0598031 0.56158 0.262761
 0.177432 0.0572329 0.169519 0.0503443 0.545471
 0.817259 0.101723 0.0121008 0.018862 0.050056
 0.215903 0.730242 0.0395235 0.0026711 0.0116607
 0.78567 0.112273 0.0986742 0.00265229 0.000730222
 0.478559 0.495797 0.0177783 0.00765808 0.000207459
 0.535915 0.365286 0.0964689 0.00172065 0.000609386
 0.638077 0.307268 0.0484374 0.00610113 0.000116022
 0.373127 0.545687 0.0745864 0.00598416 0.00061553
 0.399099 0.433991 0.155782 0.0103954 0.000732739
 0.614606 0.29786 0.0737581 0.0130327 0.000743132
 0.661649 0.317254 0.0187701 0.00202557 0.00030128
 0.651553 0.338335 0.00988059 0.000211501 2.06769e-05
 0.572371 0.410818 0.0166303 0.000176832 3.28614e-06
 0.501019 0.435814 0.0619868 0.00116974 1.01301e-05
 0.553574 0.371667 0.0699917 0.00469601 7.15376e-05
 0.404183 0.495585 0.0912433 0.00852333 0.000465057
 0.459159 0.377635 0.147854 0.0142302 0.00112172
 0.549136 0.350418 0.0829058 0.0161982 0.00134233
 0.412865 0.458803 0.111689 0.0142347 0.00240782
 0.511998 0.333468 0.134847 0.0175996 0.00208704
 0.562577 0.34676 0.0734519 0.0154172 0.00179432
 0.0968006 0.725406 0.157076 0.0174551 0.0032619
 0.0578177 0.225111 0.634286 0.0749242 0.00786127
pobs_PELACES
 0 0 0 0 0
 0 0 0 0 0
 0 0 0 0 0
 0 0 0 0 0
 0 0 0 0 0
 0 0 0 0 0
 0 0 0 0 0
 0 0 0 0 0
 0 0 0 0 0
 0 0 0 0 0
 0.450072 0.473896 0.0757376 0.000293798 0
 0 0 0 0 0
 0.463077 0.371075 0.160297 0.00555027 0
 0.529543 0.364841 0.0842815 0.0213345 0
 0.631943 0.363953 0.00410389 0 0
 0.735681 0.248677 0.0153453 0.000297389 0
 0.695825 0.281241 0.0229344 0 0
 0.275771 0.60734 0.115278 0.00161068 0
 0 0 0 0 0
 0.896147 0.0623911 0.0374545 0.00400742 0
 0.803859 0.145111 0.0509908 3.86294e-05 0
 0.739449 0.233085 0.0266225 0.000797448 4.60066e-05
 0.878498 0.100942 0.0204185 0.000141795 0
 0.694673 0.275183 0.0284847 0.00165964 0
 0.469039 0.446079 0.0841089 0.000773354 0
 0.822795 0.102175 0.0682046 0.00682512 0
ppred_PELACES
 0.0220277 0.541866 0.377483 0.0586215 2.5504e-06
 0.0479935 0.0464766 0.595286 0.273113 0.0371316
 0.0265068 0.149294 0.0625996 0.523744 0.237856
 0.330673 0.0679401 0.148566 0.0393194 0.413501
 0.869577 0.0839754 0.00777492 0.0108147 0.0278576
 0.335505 0.632427 0.0243835 0.00146719 0.00621674
 0.887904 0.0683806 0.0424288 0.00101516 0.000271272
 0.624459 0.362613 0.00927658 0.00355786 9.35496e-05
 0.710669 0.243758 0.0446215 0.000708108 0.000243406
 0.756747 0.215807 0.0246311 0.00276344 5.10064e-05
 0.537021 0.419432 0.0403757 0.0028833 0.000287855
 0.568562 0.339487 0.086463 0.00513644 0.000351408
 0.808283 0.161163 0.0262111 0.0041149 0.000227725
 0.88541 0.110382 0.00379353 0.000362576 5.23378e-05
 0.879237 0.118707 0.00201372 3.81772e-05 3.62219e-06
 0.739312 0.253602 0.00701838 6.63733e-05 1.19715e-06
 0.680637 0.290442 0.0284399 0.000477409 4.01281e-06
 0.702082 0.260871 0.0349302 0.0020865 3.08506e-05
 0.529395 0.410107 0.0556231 0.00463013 0.00024521
 0.624289 0.287874 0.0804188 0.00689142 0.000527259
 0.656455 0.283692 0.0503724 0.00877426 0.000705758
 0.526549 0.392472 0.0715189 0.00812575 0.00133411
 0.650203 0.262085 0.0776437 0.00902888 0.00103922
 0.682925 0.266745 0.0416576 0.00779175 0.000880191
 0.138477 0.728093 0.119447 0.0118367 0.00214701
 0.122322 0.270042 0.544528 0.0572748 0.00583278
pobs_pel_tallas
 0 0 0 0 0 0 0 0 0 0 0 0 0 0 0 0 0 0 0 0 0 0 0 0 0 0 0 0 0 0 0 0 0 0 0 0
 0 0 0 0 0 0 0 0 0 0 0 0 0 0 0 0 0 0 0 0 0 0 0 0 0 0 0 0 0 0 0 0 0 0 0 0
 0 0 0 0 0 0 0 0 0 0 0 0 0 0 0 0 0 0 0 0 0 0 0 0 0 0 0 0 0 0 0 0 0 0 0 0
 0 0 0 0 0 0 0 0 0 0 0 0 0 0 0 0 0 0 0 0 0 0 0 0 0 0 0 0 0 0 0 0 0 0 0 0
 0 0 0 0 0 0 0 0 0 0 0 0 0 0 0 0 0 0 0 0 0 0 0 0 0 0 0 0 0 0 0 0 0 0 0 0
 0 0 0 0 0 0 0 0 0 0 0 0 0 0 0 0 0 0 0 0 0 0 0 0 0 0 0 0 0 0 0 0 0 0 0 0
 0 0 0 0 0 0 0 0 0 0 0 0 0 0 0 0 0 0 0 0 0 0 0 0 0 0 0 0 0 0 0 0 0 0 0 0
 0 0 0 0 0 0 0 0 0 0 0 0 0 0 0 0 0 0 0 0 0 0 0 0 0 0 0 0 0 0 0 0 0 0 0 0
 0 0 0 0 0 0 0 0 0 0 0 0 0 0 0 0 0 0 0 0 0 0 0 0 0 0 0 0 0 0 0 0 0 0 0 0
 0 0 0 0 0 0 0 0 0 0 0 0 0 0 0 0 0 0 0 0 0 0 0 0 0 0 0 0 0 0 0 0 0 0 0 0
 0 0 0 0 0 0 0 0 1.78061e-05 0.00172719 0.00360574 0.0105946 0.0120993 0.0124554 0.0147524 0.0171206 0.0266825 0.0428682 0.0675386 0.121331 0.153587 0.119568 0.100827 0.0573624 0.0630603 0.0341343 0.0324427 0.0444173 0.0211091 0.0280891 0.0125444 0.00206551 0 0 0 0
 0 0 0 0 0 0 0 0 0 0 0 0 0 0 0 0 0 0 0 0 0 0 0 0 0 0 0 0 0 0 0 0 0 0 0 0
 0 0 0 0 0 0 0.0133647 0.0140871 0.0187388 0.0205184 0.03894 0.0496705 0.03968 0.0493445 0.0407372 0.0367815 0.0215668 0.0243155 0.0234873 0.0199281 0.019796 0.0243948 0.0301388 0.0376714 0.0412746 0.0863199 0.0771752 0.113111 0.0741005 0.0525337 0.0229764 0.00759418 0.00175318 0 0 0
 0 0 0 0 0 0 0 0 0 0 0.00219441 0.00772107 0.0458388 0.0604681 0.0671733 0.0775358 0.0609151 0.0617685 0.073594 0.0568108 0.0755445 0.0548602 0.0670107 0.0636378 0.0643287 0.046367 0.0373049 0.0286899 0.0247887 0.0153202 0.00654259 0.00121912 0.000365735 0 0 0
 0 0 0 0 0 0 0 0 0 0 0 0 0.000112435 0.00938835 0.0111873 0.0202946 0.0414886 0.0713402 0.111592 0.104902 0.108894 0.110636 0.117776 0.105296 0.107544 0.0401394 0.0192827 0.0124803 0.00416011 0.0028671 0.000618394 0 0 0 0 0
 0 0 0 0 0 0 0 0 0 0 0.00291406 0.0102884 0.027416 0.0768956 0.0749926 0.110853 0.0956884 0.0897413 0.0766577 0.0534642 0.0500743 0.0551293 0.0594112 0.0620874 0.0668451 0.0424026 0.0208742 0.0120726 0.0048766 0.00582813 0.00118941 0.000297354 0 0 0 0
 0 0.00264628 0.0354308 0.0461629 0.0458689 0.0383711 0.0214643 0.0164657 0.0346957 0.0420465 0.0363128 0.0245516 0.0311673 0.0291091 0.0169068 0.0133784 0.00837989 0.0085269 0.0148486 0.0160247 0.0276389 0.0546898 0.0760071 0.122758 0.109233 0.0665981 0.0333725 0.0166128 0.00676272 0.00308733 0.000882094 0 0 0 0 0
 0 0 0 0 0 0 0 0.000805153 0.000690131 0.00759144 0.0133425 0.0154129 0.00931677 0.000345066 0.00356568 0.00563607 0.00851162 0.0253048 0.0502646 0.0516448 0.0657925 0.0565908 0.0611916 0.0827007 0.0866115 0.110766 0.145733 0.0935128 0.0569358 0.0249597 0.0138026 0.00621118 0.00161031 0.00115022 0 0
 0 0 0 0 0 0 0 0 0 0 0 0 0 0 0 0 0 0 0 0 0 0 0 0 0 0 0 0 0 0 0 0 0 0 0 0
 0.00147267 0.00158595 0.00478618 0.00569244 0.00954404 0.0108468 0.00647125 0.017049 0.0510054 0.094081 0.124002 0.0959785 0.0687766 0.0820023 0.061753 0.0591476 0.0492212 0.0479892 0.0443925 0.0268479 0.0217502 0.0140895 0.0121071 0.0120363 0.00920419 0.00665534 0.0049561 0.00860946 0.00930331 0.0156896 0.0114698 0.00855282 0.00243557 0.00046729 0 2.83206e-05
 0 0 0 0 0.000772559 0.00158375 0.000888443 0.00281984 0.00712685 0.0440552 0.0773331 0.111326 0.0921469 0.0852325 0.0710754 0.0886704 0.0786465 0.0553345 0.0373146 0.0185414 0.00753245 0.00457741 0.012979 0.0271748 0.0457355 0.0583668 0.034881 0.0177882 0.00938659 0.00492506 0.0015258 0.00185414 0.000309023 5.79419e-05 3.86279e-05 0
 0 0.00173294 0.00326652 0 0.00397197 0.00683976 0.00946217 0.0152591 0.00757587 0.0136028 0.0228656 0.0392903 0.0559909 0.0764795 0.0681675 0.0726916 0.0566044 0.0477403 0.0527397 0.0444891 0.0609904 0.0582453 0.0661739 0.0445044 0.0529084 0.0360697 0.0280645 0.0235558 0.0158879 0.00826598 0.00280645 0.00217768 0.000904811 0.00058276 9.20147e-05 0
 0 0 0 0 0 0 0 0 0 0 0 0 0 0 0 0 0 0 0 0 0 0 0 0 0 0 0 0 0 0 0 0 0 0 0 0
 0 0 0 0 0 0 0 0 0 0 0 0 0 0 0 0 0 0 0 0 0 0 0 0 0 0 0 0 0 0 0 0 0 0 0 0
 0 0 0 0 0 0 0 0 0 0 0 0 0 0 0 0 0 0 0 0 0 0 0 0 0 0 0 0 0 0 0 0 0 0 0 0
 0 0 0 0 0 0 0 0 0 0 0 0 0 0 0 0 0 0 0 0 0 0 0 0 0 0 0 0 0 0 0 0 0 0 0 0
ppred_pel_tallas
 1.0755e-16 9.96011e-07 5.75681e-06 2.71809e-05 0.000104339 0.000325086 0.000821737 0.00168593 0.00281198 0.00382903 0.00430557 0.00412829 0.00367711 0.003606 0.00448764 0.00666271 0.01031 0.0155328 0.022341 0.0305622 0.0397708 0.0492867 0.0582601 0.0658232 0.0712635 0.0741623 0.0744574 0.0724077 0.0684878 0.0632504 0.0572101 0.0507767 0.0442448 0.0378203 0.0316589 0.0258939
 1.19585e-16 2.10838e-06 1.23325e-05 5.8542e-05 0.000225257 0.000702284 0.00177392 0.00363055 0.00602173 0.00809844 0.00884305 0.00787289 0.00579647 0.00371493 0.00244518 0.00222519 0.00295293 0.00451684 0.00693239 0.0103132 0.0147947 0.0204692 0.0273375 0.0352731 0.044 0.053089 0.0619779 0.0700197 0.0765544 0.0809976 0.082927 0.0821512 0.0787441 0.0730333 0.0655496 0.0569434
 1.30048e-16 1.17349e-06 6.83971e-06 3.24196e-05 0.000124664 0.000388584 0.000981648 0.00201003 0.00333763 0.00450003 0.00494369 0.00447214 0.00344553 0.00250789 0.00215883 0.00258822 0.00380069 0.00578567 0.0085778 0.0122283 0.0167591 0.0221365 0.0282689 0.0350183 0.0422146 0.0496609 0.0571274 0.0643336 0.0709357 0.0765295 0.0806824 0.0829917 0.0831569 0.0810455 0.0767347 0.0705126
 1.22804e-16 1.44337e-05 8.46952e-05 0.000402568 0.00154985 0.00483299 0.0122077 0.0249788 0.041406 0.0556099 0.060522 0.0534026 0.038267 0.0224162 0.0110443 0.00517155 0.00327059 0.00355423 0.00497431 0.0071388 0.00996185 0.0134367 0.0175458 0.0222346 0.0274057 0.032915 0.0385672 0.0441131 0.0492541 0.0536591 0.0569957 0.0589729 0.0593877 0.0581612 0.055358 0.0511828
 1.01812e-16 3.79336e-05 0.000222658 0.00105845 0.00407515 0.012708 0.0320994 0.0656787 0.108866 0.146193 0.159058 0.140232 0.100233 0.0581949 0.027678 0.0112285 0.00465148 0.00303067 0.00336694 0.00437981 0.00561361 0.00687075 0.00800749 0.00889953 0.0094575 0.00964539 0.0094868 0.00905438 0.00844731 0.00776434 0.00708182 0.00644264 0.00585735 0.00531398 0.00479144 0.00427134
 1.00894e-16 1.46679e-05 8.60166e-05 0.000408731 0.00157338 0.00490623 0.0123934 0.0253628 0.0420582 0.0565329 0.0616503 0.0546923 0.0398317 0.0246196 0.0145126 0.0107546 0.0119805 0.0164633 0.0230405 0.0309522 0.039457 0.0476496 0.0545089 0.0590792 0.0606884 0.0591129 0.0546343 0.0479611 0.0400497 0.0318818 0.0242723 0.0177546 0.0125589 0.00866545 0.00589419 0.00399761
 1.00673e-16 3.87323e-05 0.000227347 0.00108075 0.00416101 0.0129758 0.0327757 0.0670623 0.111159 0.149271 0.162404 0.143173 0.102317 0.059367 0.0281656 0.0113061 0.00450008 0.00272514 0.00292164 0.00379155 0.00488603 0.00602448 0.00708135 0.00794481 0.00852675 0.00877863 0.00869907 0.00832891 0.00773695 0.00700152 0.00619443 0.00537161 0.00457107 0.00381621 0.00312107 0.00249485
 1.00377e-16 2.72567e-05 0.000159949 0.000760268 0.00292698 0.00912744 0.0230554 0.0471762 0.0782061 0.105048 0.114364 0.100997 0.0725595 0.0428748 0.0217937 0.0112743 0.00842936 0.00981058 0.013257 0.0177099 0.0225513 0.0272161 0.0311101 0.0336847 0.0345557 0.0335976 0.0309754 0.0270993 0.0225218 0.0178095 0.0134322 0.00969659 0.00673433 0.00453193 0.00298319 0.00194258
 1.00749e-16 3.10111e-05 0.000182001 0.000865132 0.00333077 0.0103867 0.026236 0.053683 0.0889879 0.119515 0.130075 0.11478 0.0822595 0.0482015 0.0237554 0.0110801 0.00682368 0.00702081 0.00922201 0.012306 0.0157367 0.0191095 0.0220202 0.0240931 0.0250554 0.0247995 0.0234065 0.0211189 0.0182762 0.015234 0.0122939 0.00966166 0.00743912 0.00564195 0.00423059 0.00314079
 1.00518e-16 3.30192e-05 0.000193793 0.000921197 0.00354665 0.0110599 0.0279364 0.0571619 0.0947534 0.127255 0.138487 0.122176 0.0875035 0.0511592 0.0249984 0.0112987 0.00646935 0.00627186 0.00809366 0.0107552 0.0137224 0.0166218 0.0190929 0.0208053 0.021523 0.0211596 0.0197977 0.0176642 0.015071 0.0123417 0.00974744 0.00746989 0.00559338 0.00412206 0.00300884 0.00218452
 1.00823e-16 2.34464e-05 0.000137573 0.000653881 0.00251734 0.00784999 0.0198288 0.0405747 0.0672658 0.0903626 0.0984024 0.0869643 0.0626145 0.0372735 0.0194547 0.010892 0.00915207 0.0113055 0.0154994 0.020783 0.02653 0.0321106 0.0368419 0.0400849 0.0413843 0.0405769 0.0378304 0.0335937 0.0284812 0.0231285 0.018068 0.0136542 0.0100494 0.00725731 0.00517952 0.00367371
 1.01531e-16 2.48186e-05 0.000145636 0.00069223 0.00266502 0.00831054 0.020992 0.0429541 0.0712075 0.0956489 0.104136 0.0919755 0.0661017 0.0391075 0.0199705 0.0104859 0.00804023 0.00951131 0.0129494 0.0174058 0.022327 0.0271984 0.0314667 0.0346064 0.0362285 0.0361676 0.0345157 0.0315866 0.0278291 0.0237185 0.0196616 0.0159414 0.0127061 0.00999256 0.00776669 0.00596283
 1.00577e-16 3.52642e-05 0.000206978 0.000983892 0.00378806 0.0118127 0.029838 0.0610523 0.1012 0.135906 0.147886 0.13043 0.0933294 0.0543941 0.0262601 0.01133 0.00573986 0.00494315 0.00615078 0.00813426 0.0103891 0.0126126 0.0145317 0.0158979 0.016532 0.0163642 0.0154493 0.0139484 0.0120862 0.0100971 0.00817875 0.00646501 0.00502045 0.00385283 0.00293389 0.00221996
 1.00105e-16 3.86251e-05 0.000226715 0.00107773 0.00414939 0.0129395 0.0326841 0.0668753 0.11085 0.14886 0.161965 0.142807 0.102101 0.0593337 0.0283213 0.0116643 0.00509815 0.00361907 0.00416654 0.00541767 0.00687601 0.00829676 0.00948557 0.0102733 0.0105424 0.0102541 0.00945831 0.00827929 0.00688496 0.00544768 0.00411058 0.0029675 0.0020591 0.00138199 0.000904511 0.000582899
 1.00069e-16 3.83563e-05 0.000225136 0.00107022 0.00412048 0.0128494 0.0324564 0.0664094 0.110078 0.147824 0.16084 0.14182 0.101406 0.0589519 0.0281801 0.0116769 0.00521117 0.00381606 0.00445178 0.00580013 0.00735897 0.0088723 0.0101324 0.0109577 0.0112227 0.0108872 0.0100063 0.00871601 0.00719881 0.00564185 0.00420022 0.00297516 0.0020099 0.00129955 0.000808274 0.00048697
 1.00185e-16 3.22604e-05 0.000189335 0.000899996 0.00346501 0.0108053 0.0272934 0.0558465 0.0925741 0.124331 0.135315 0.119401 0.0855653 0.0501257 0.0246786 0.0114658 0.00699441 0.00713188 0.00932097 0.0123855 0.0157585 0.0190127 0.0217263 0.0235144 0.0241081 0.0234195 0.0215647 0.0188316 0.0156077 0.0122911 0.009212 0.00658659 0.00450815 0.00296795 0.00189173 0.00117701
 1.00515e-16 2.97034e-05 0.00017432 0.000828604 0.00319012 0.00994803 0.0251281 0.0514165 0.0852324 0.114476 0.124604 0.109983 0.0788895 0.0463627 0.0231017 0.011197 0.00746014 0.00810655 0.010786 0.0143956 0.0183643 0.0222236 0.025494 0.0277322 0.0286226 0.028052 0.026137 0.0231888 0.0196337 0.0159129 0.0123962 0.00933016 0.00682823 0.00489342 0.00345782 0.00242255
 1.00655e-16 3.06373e-05 0.000179805 0.000854689 0.00329056 0.0102613 0.0259193 0.0530351 0.0879144 0.118075 0.128512 0.113411 0.0813021 0.0476873 0.0235887 0.011147 0.00705787 0.00740798 0.00977525 0.0130409 0.0166545 0.0201875 0.023208 0.0253164 0.0262256 0.0258279 0.0242199 0.0216719 0.0185574 0.0152649 0.0121215 0.00934713 0.0070461 0.00522691 0.00383671 0.00279589
 1.01094e-16 2.31135e-05 0.00013562 0.000644596 0.00248159 0.00773851 0.0195472 0.0399984 0.0663104 0.0890791 0.0970044 0.085728 0.0617229 0.0367399 0.0191714 0.0107271 0.00900919 0.011132 0.0152731 0.0205007 0.0262046 0.0317716 0.0365344 0.0398662 0.0413155 0.0407127 0.0382082 0.0342256 0.0293502 0.0241913 0.0192613 0.0149051 0.0112861 0.00841797 0.00621837 0.00456348
 1.01497e-16 2.72464e-05 0.000159895 0.000760027 0.00292607 0.00912463 0.0230483 0.047161 0.0781789 0.105005 0.114302 0.100906 0.0724139 0.0426288 0.0213758 0.0105879 0.00735777 0.00823128 0.0110658 0.0148545 0.0190672 0.0232543 0.0269446 0.0296915 0.0311622 0.0312117 0.0299114 0.0275195 0.0244085 0.0209742 0.0175567 0.0143938 0.0116123 0.00924752 0.00727702 0.00565271
 1.01143e-16 2.86488e-05 0.000168129 0.000799172 0.00307679 0.00959465 0.0242355 0.04959 0.0822049 0.110411 0.12018 0.106083 0.0761003 0.0447413 0.0223275 0.0108797 0.00732823 0.00802936 0.0107229 0.0143508 0.018366 0.0223173 0.0257391 0.0281956 0.02937 0.0291367 0.027588 0.0250028 0.0217717 0.0183029 0.0149413 0.011921 0.00935618 0.00726297 0.00559542 0.00428123
 1.01485e-16 2.29887e-05 0.000134889 0.000641124 0.00246823 0.00769684 0.0194419 0.0397829 0.0659528 0.0885975 0.0964768 0.0852544 0.061366 0.0364956 0.0189862 0.0105335 0.00874878 0.0107614 0.014763 0.0198388 0.025401 0.0308647 0.0355924 0.0389818 0.0405941 0.0402549 0.0380921 0.0344922 0.0299963 0.025171 0.0204957 0.0162964 0.0127334 0.0098303 0.00752444 0.00571556
 1.01547e-16 2.83754e-05 0.000166525 0.000791553 0.00304747 0.0095032 0.0240044 0.0491172 0.0814207 0.109356 0.119029 0.105057 0.075346 0.0442603 0.0220188 0.0106177 0.00701268 0.00759484 0.0101322 0.0135919 0.0174569 0.0213105 0.0247231 0.0272874 0.0286989 0.0288222 0.0277177 0.0256147 0.0228461 0.0197667 0.0166817 0.0138052 0.0112525 0.00905808 0.00720562 0.00565672
 1.00988e-16 2.98023e-05 0.000174902 0.000831378 0.0032008 0.00998137 0.0252123 0.0515885 0.0855169 0.114857 0.125012 0.110331 0.0791114 0.046438 0.0230373 0.0109984 0.00711416 0.00758391 0.0100542 0.0134341 0.0171789 0.0208565 0.0240274 0.0262829 0.0273271 0.0270453 0.0255292 0.0230462 0.0199686 0.0166845 0.0135205 0.0106972 0.00832008 0.00640061 0.00489071 0.00371711
 1.0244e-16 6.08066e-06 3.55926e-05 0.000168989 0.000650277 0.00202753 0.00512217 0.0104862 0.0174031 0.0234357 0.0256707 0.0230431 0.0173671 0.0118952 0.0090614 0.00959332 0.0131394 0.0191386 0.0271301 0.0366192 0.0468839 0.0569235 0.0655708 0.0717123 0.0745392 0.0737367 0.0695541 0.0627217 0.0542577 0.045225 0.036521 0.0287535 0.0222169 0.0169474 0.0128169 0.00962585
 1.10059e-16 5.35873e-06 3.13937e-05 0.000149115 0.000573906 0.00178948 0.00452033 0.00925155 0.0153447 0.0206354 0.0225291 0.0200482 0.0147364 0.00938301 0.00603167 0.00521192 0.00652501 0.00946025 0.0137232 0.0191608 0.0255992 0.0327515 0.0402091 0.047488 0.0540978 0.0596075 0.0636912 0.066142 0.0668661 0.0658663 0.0632296 0.0591237 0.0537984 0.0475784 0.0408444 0.0339964
pSPR Fmed_Fpbrs
0.491214   0.6 0.325
Fs Fmed_Fpbrs
0.68   0.427742 1.48375
SSBpbr Bo_Bmed_Bpbrs
590509  260540  324780 162390
Ro
15994.5
SPR SPRFo_SPRFmed_SPRFpbrs
330356 162275 107366
log_Ro
9.5
likeval ReclasPelacesDesembMPH_pf_preclas_ppelaces_ptallas_desvR_qrecl_qpela
 72.193 15.0095 0.313051 0.000484686 407.729 211.493 97.2191 0 49.8236 0.000192921 0.000558727 1.31881e-14 0 0 0
q_reclas_q_pelaces
7.15789 28.8726
M
0.7
N
 5698.3 48037.9 19205.1 2516.61 0.105445
 7855.18 2794.47 20926.3 8105.08 1061.26
 977.028 3818.28 1109.71 7872.35 3443.52
 3325.18 437.963 649.893 145.761 1476.41
 39945.2 1505.66 82.8354 97.3112 241.412
 11394.8 19267.3 551.522 28.1883 115.044
 65768 4943.46 2329.28 47.3654 12.1915
 54971.2 28227.4 534.085 173.974 4.40611
 60064 23891.9 3478.08 46.9655 15.5505
 114851 25219.2 2051.42 195.29 3.47188
 65141.1 50805 3736.67 226.825 21.8122
 50136.8 27877 5324.21 268.729 17.7086
 56411.7 21647.7 3206.34 429.815 22.9139
 29178.8 22205.6 946.536 77.8646 10.8291
 12030.7 9915.28 208.619 3.40414 0.31118
 9026.41 4088.18 93.1532 0.750284 0.0130354
 7065.66 3727.81 295.305 4.21995 0.0341667
 8674.25 2942.57 293.905 14.9139 0.212401
 7407.52 3754.75 347.48 24.5155 1.2505
 8210.72 3345.42 691.049 50.2957 3.70649
 15030.1 3568.95 412.645 60.848 4.71389
 16541.2 6940.65 828.934 79.742 12.6097
 27410.7 7614.91 1560.83 153.891 17.0605
 48481.5 12297.7 1307.78 207.314 22.5563
 8292.42 21916.4 2286.14 191.666 33.4834
 2042.43 3872.98 5731.27 511.895 50.2121
pred_Ctot
 51.041 4273.48 2093.24 275.573 0.0115475
 119.616 407.804 3707.3 1442.25 188.861
 68.7822 1915.88 631.532 4492.36 1965.16
 211.96 205.85 348.881 78.4751 794.922
 825.189 289.101 19.1603 22.6037 56.0808
 1043.62 11326.4 360.393 18.4611 75.3481
 6472.73 3022.32 1573.78 32.07 8.25493
 4970.73 16475.2 346.863 113.245 2.8682
 6737.87 15613 2484.82 33.6156 11.1307
 9080.19 13606.9 1244.6 118.782 2.11181
 6530.89 31367.1 2545.7 154.851 14.8916
 4744.06 16685.4 3533.04 178.713 11.7773
 8523.96 16071.3 2539.46 340.865 18.1723
 6770.53 18698.1 825.823 67.9826 9.45491
 2791.56 8349.1 182.014 2.97211 0.271691
 1104.45 2782.53 68.8153 0.555199 0.00964634
 828.247 2487.68 214.653 3.07288 0.0248804
 806.872 1744.77 193.473 9.83937 0.140137
 484.982 1796.64 189.553 13.4115 0.684143
 741.917 1951.8 448.649 32.7277 2.41195
 760.691 1426.21 191.138 28.2768 2.19075
 871.569 2856.07 394.426 38.0645 6.01959
 1914.24 3801.14 884.187 87.4158 9.69152
 3143.41 5846.37 709.272 112.758 12.2692
 355.951 7738.38 944.331 79.447 13.8801
 179.841 2226.68 3674.28 328.934 32.2669
F
 0.0125241 0.130984 0.162685 0.1635 0.163517
 0.0213747 0.223548 0.277651 0.279042 0.279071
 0.10238 1.07075 1.32989 1.33655 1.33669
 0.0922959 0.965279 1.19889 1.2049 1.20503
 0.029096 0.304302 0.377948 0.379842 0.379881
 0.135091 1.41285 1.75479 1.76358 1.76377
 0.145839 1.52526 1.89441 1.9039 1.9041
 0.133271 1.39381 1.73114 1.73982 1.74
 0.167806 1.755 2.17975 2.19067 2.1909
 0.115639 1.20941 1.50211 1.50964 1.50979
 0.148752 1.55573 1.93224 1.94193 1.94213
 0.139854 1.46267 1.81666 1.82577 1.82596
 0.232332 2.42985 3.01792 3.03304 3.03335
 0.379364 3.96759 4.92782 4.95251 4.95302
 0.379364 3.96759 4.92782 4.95251 4.95302
 0.184333 1.92785 2.39442 2.40642 2.40667
 0.175964 1.84032 2.28571 2.29717 2.2974
 0.137336 1.43633 1.78395 1.79289 1.79307
 0.0949051 0.992567 1.23279 1.23896 1.23909
 0.13317 1.39276 1.72983 1.7385 1.73868
 0.072657 0.759886 0.943792 0.948521 0.948619
 0.0757444 0.792175 0.983896 0.988826 0.988928
 0.101522 1.06177 1.31874 1.32535 1.32549
 0.0939467 0.982544 1.22034 1.22645 1.22658
 0.0613181 0.641297 0.796502 0.800494 0.800576
 0.129568 1.35509 1.68305 1.69148 1.69166
Np
 11563.5 5557.19 314.092 160.955 226.655
YTP_r0W_actual
 1618.57 56557.8 129702 13617.9 1452.01
YTP_p0W_proyectada
 2202.05 4094.98 3978.33 5438.57 583.471
 2202.05 25540.9 2518.99 1655.32 2586.99
CTP_r0_actual
 179.841 2226.68 3674.28 328.934 32.2669
CTP_p0_proyectada
 268.542 189.582 126.698 135.625 13.1117
 268.542 1182.45 80.2228 41.2798 58.1347
Wmedp
 8.2 21.6 31.4 40.1 44.5
nmprior
 10.6 11 7 0
nm_flota  nm_reclas  nm_pelaces    nm_pelaL
inf 21.2035 13.1575 36.8844
cv_recla  cv_pelaces  cv_mph
0.751657 0.424398 0.599188
 ------------------------------------------------
Talla a la edad & desviaci?n 
 7.2 14.2025 17.0495 18.207 18.6776
 1.08 2.13037 2.55742 2.73105 2.80164
