years
 1997 1998 1999 2000 2001 2002 2003 2004 2005 2006 2007 2008 2009 2010 2011 2012 2013 2014 2015 2016 2017 2018 2019 2020 2021 2022
reclasobs
 0 0 0 370054 412103 1.49427e+06 250295 1.28982e+06 931140 785840 897777 1.04006e+06 184774 17550 25797 100020 73551 82996 120727 218422 84188 347160 605670 569463 516374 1.08416e+06
reclaspred
 6.23552e+06 1.12445e+06 1.35896e+06 243718 235101 343604 660653 639670 649954 825720 942035 712869 374911 139562 76082 76341.9 79377.1 108227 138863 136867 198904 227448 358001 464024 758581 450383
pelacesobs
 0 0 0 0 0 0 0 0 0 2.06254e+06 1.5e+06 0 1.87456e+06 323000 250000 174000 83755 137374 0 501740 490994 745055 786931 1.00524e+06 1.33801e+06 1.41789e+06
pelacespred
 1.32572e+07 6.47202e+06 1.39728e+06 591396 759793 648977 2.15537e+06 1.98899e+06 1.78641e+06 2.56228e+06 2.27012e+06 1.73895e+06 972185 299408 167510 169157 181115 266397 332105 293250 577069 604956 701187 1.12532e+06 1.71472e+06 805451
mphobs
 0 0 0 0 0 112323 0 153150 637223 0 255016 313432 73983 77613 109348 50772 17779 17303 59886 28197 0 207744 136588 643089 65757 0
mphpred
 1.10799e+06 467126 198500 64714.2 44923.3 142374 159100 305728 260811 283942 403018 277147 174237 100878 47696.8 34119.1 30154.6 36617.8 48079.4 44653.2 56027.6 78201.9 90008.7 129107 222812 139436
desembarqueobs
 350755 77701 442110 56441 14545 235359 269955 359681 431902 328805 639364 411747 362871 311530 167758 66681 60226 58785 57116 73181 50977 67692 138656 160484 209506 203330
desembarquepred
 350743 77676.6 441498 56406.8 14542.3 235160 269871 359068 431344 328481 638137 410985 362085 310927 167226 66596.6 60187 58690.8 57025.9 73081.4 50957.6 67611.7 138522 160357 209283 203015
Reclutas
 10284.2 14803.5 1756.88 4770.94 38730.9 13094.7 65440.4 55247.4 62523 113929 65576.5 49784.4 56075.9 29317.2 12245.1 9147.27 7145.73 8742.51 7503.88 8640.09 15266.9 16956.2 28271.5 47156.1 9860.71 3296.22
log_desv_Rt
 -0.561638 -0.197383 -2.32871 -1.3297 0.764393 -0.320039 1.2889 1.11958 1.24329 1.84333 1.29097 1.01546 1.13446 0.485931 -0.387121 -0.678789 -0.92573 -0.724047 -0.876824 -0.735832 -0.166559 -0.0616099 0.44961 0.961219 -0.603686 -1.69947
SSB
 1.46172e+06 616258 261872 85374.5 59265.3 187827 209894 403333 344076 374592 531684 365627 229863 133084 62924.2 45011.8 39781.7 48308.2 63429.1 58908.9 73914.7 103168 118744 170326 293945 183951
BT
 1.96097e+06 748622 385351 137368 246781 296496 1.04533e+06 928277 956691 1.1121e+06 1.14202e+06 812561 674720 389645 196095 102859 102275 125848 117021 129293 200133 174402 251289 415325 428659 275338
Ftot
 0.200319 0.328829 1.4219 1.11385 0.317428 1.78059 1.74458 1.72778 2.13612 1.44593 1.9413 1.80704 2.99304 4.95303 4.95303 2.39486 2.26101 1.7583 1.23548 1.69585 0.900877 0.959345 1.27142 1.18519 0.822226 1.56104
BD_Bspro_t
 0.973174 0.811272 0.548587 0.178206 0.230845 0.532141 0.387036 0.485462 0.394409 0.375755 0.422715 0.277012 0.194375 0.134278 0.0769681 0.0684298 0.0842874 0.139879 0.217477 0.247151 0.321844 0.461577 0.452524 0.468781 0.52824 0.336307
BD_Bspro
 3.92435 1.65449 0.703058 0.229208 0.159112 0.504267 0.563511 1.08285 0.923757 1.00568 1.42743 0.981615 0.617122 0.357297 0.168935 0.120845 0.106803 0.129695 0.170291 0.158155 0.198442 0.27698 0.318798 0.45728 0.789167 0.493862
BD_Bo
 2.59089 1.09231 0.464164 0.151325 0.105047 0.332921 0.372034 0.714903 0.609871 0.66396 0.942403 0.648069 0.407429 0.23589 0.111532 0.0797829 0.0705125 0.0856257 0.112427 0.104415 0.131013 0.182864 0.210473 0.3019 0.521014 0.326051
BD_Brms
 4.71071 1.98602 0.843935 0.275137 0.190994 0.605311 0.676426 1.29982 1.10886 1.2072 1.71346 1.17831 0.74078 0.428891 0.202786 0.14506 0.128204 0.155683 0.204413 0.189846 0.238205 0.332481 0.382678 0.548909 0.947298 0.59282
S_f
 0.0787704 0.774265 0.992784 0.999819 0.999995
 0.0787704 0.774265 0.992784 0.999819 0.999995
 0.0787704 0.774265 0.992784 0.999819 0.999995
 0.0787704 0.774265 0.992784 0.999819 0.999995
 0.0787704 0.774265 0.992784 0.999819 0.999995
 0.0787704 0.774265 0.992784 0.999819 0.999995
 0.0787704 0.774265 0.992784 0.999819 0.999995
 0.0787704 0.774265 0.992784 0.999819 0.999995
 0.0787704 0.774265 0.992784 0.999819 0.999995
 0.0787704 0.774265 0.992784 0.999819 0.999995
 0.0787704 0.774265 0.992784 0.999819 0.999995
 0.0787704 0.774265 0.992784 0.999819 0.999995
 0.0787704 0.774265 0.992784 0.999819 0.999995
 0.0787704 0.774265 0.992784 0.999819 0.999995
 0.0787704 0.774265 0.992784 0.999819 0.999995
 0.0787704 0.774265 0.992784 0.999819 0.999995
 0.0787704 0.774265 0.992784 0.999819 0.999995
 0.0787704 0.774265 0.992784 0.999819 0.999995
 0.0787704 0.774265 0.992784 0.999819 0.999995
 0.0787704 0.774265 0.992784 0.999819 0.999995
 0.0787704 0.774265 0.992784 0.999819 0.999995
 0.0787704 0.774265 0.992784 0.999819 0.999995
 0.0787704 0.774265 0.992784 0.999819 0.999995
 0.0787704 0.774265 0.992784 0.999819 0.999995
 0.0787704 0.774265 0.992784 0.999819 0.999995
 0.0787704 0.774265 0.992784 0.999819 0.999995
Scru_reclas
 0.0869408 0.32396 0.706887 0.923879 0.983892
 0.0869408 0.32396 0.706887 0.923879 0.983892
 0.0869408 0.32396 0.706887 0.923879 0.983892
 0.0869408 0.32396 0.706887 0.923879 0.983892
 0.0869408 0.32396 0.706887 0.923879 0.983892
 0.0869408 0.32396 0.706887 0.923879 0.983892
 0.0869408 0.32396 0.706887 0.923879 0.983892
 0.0869408 0.32396 0.706887 0.923879 0.983892
 0.0869408 0.32396 0.706887 0.923879 0.983892
 0.0869408 0.32396 0.706887 0.923879 0.983892
 0.0869408 0.32396 0.706887 0.923879 0.983892
 0.0869408 0.32396 0.706887 0.923879 0.983892
 0.0869408 0.32396 0.706887 0.923879 0.983892
 0.0869408 0.32396 0.706887 0.923879 0.983892
 0.0869408 0.32396 0.706887 0.923879 0.983892
 0.0869408 0.32396 0.706887 0.923879 0.983892
 0.0869408 0.32396 0.706887 0.923879 0.983892
 0.0869408 0.32396 0.706887 0.923879 0.983892
 0.0869408 0.32396 0.706887 0.923879 0.983892
 0.0869408 0.32396 0.706887 0.923879 0.983892
 0.0869408 0.32396 0.706887 0.923879 0.983892
 0.0869408 0.32396 0.706887 0.923879 0.983892
 0.0869408 0.32396 0.706887 0.923879 0.983892
 0.0869408 0.32396 0.706887 0.923879 0.983892
 0.0869408 0.32396 0.706887 0.923879 0.983892
 0.0869408 0.32396 0.706887 0.923879 0.983892
Scru_pelaces
 0.162687 0.494393 0.83111 0.961189 0.99204
 0.162687 0.494393 0.83111 0.961189 0.99204
 0.162687 0.494393 0.83111 0.961189 0.99204
 0.162687 0.494393 0.83111 0.961189 0.99204
 0.162687 0.494393 0.83111 0.961189 0.99204
 0.162687 0.494393 0.83111 0.961189 0.99204
 0.162687 0.494393 0.83111 0.961189 0.99204
 0.162687 0.494393 0.83111 0.961189 0.99204
 0.162687 0.494393 0.83111 0.961189 0.99204
 0.162687 0.494393 0.83111 0.961189 0.99204
 0.162687 0.494393 0.83111 0.961189 0.99204
 0.162687 0.494393 0.83111 0.961189 0.99204
 0.162687 0.494393 0.83111 0.961189 0.99204
 0.162687 0.494393 0.83111 0.961189 0.99204
 0.162687 0.494393 0.83111 0.961189 0.99204
 0.162687 0.494393 0.83111 0.961189 0.99204
 0.162687 0.494393 0.83111 0.961189 0.99204
 0.162687 0.494393 0.83111 0.961189 0.99204
 0.162687 0.494393 0.83111 0.961189 0.99204
 0.162687 0.494393 0.83111 0.961189 0.99204
 0.162687 0.494393 0.83111 0.961189 0.99204
 0.162687 0.494393 0.83111 0.961189 0.99204
 0.162687 0.494393 0.83111 0.961189 0.99204
 0.162687 0.494393 0.83111 0.961189 0.99204
 0.162687 0.494393 0.83111 0.961189 0.99204
 0.162687 0.494393 0.83111 0.961189 0.99204
pf_obs 
 0.256992 0.487395 0.22802 0.0275931 0
 0.321318 0.546541 0.124235 0.00734118 0.000564706
 0.182869 0.594174 0.210203 0.0122559 0.00049798
 0.330522 0.361315 0.267642 0.0388342 0.00168674
 0.649043 0.306663 0.0425973 0.00169635 0
 0.582887 0.30429 0.105238 0.00758474 0
 0.465427 0.430635 0.0974691 0.00646863 0
 0.296916 0.608066 0.0921331 0.00288517 0
 0.311714 0.524322 0.152257 0.0117073 0
 0.15457 0.633149 0.183074 0.0267441 0.00246327
 0.131901 0.49318 0.331252 0.0422183 0.00144891
 0.196976 0.569456 0.194076 0.0375587 0.00193317
 0.518974 0.381816 0.0799577 0.0180837 0.00116848
 0.0928022 0.601141 0.25162 0.0475244 0.00691264
 0.122501 0.610282 0.24278 0.0234846 0.000952079
 0.383417 0.481906 0.127806 0.00687128 0
 0.0376549 0.599619 0.316969 0.0457579 0
 0.0361596 0.667082 0.258105 0.0386534 0
 0.158088 0.579412 0.248529 0.0139706 0
 0.0477256 0.309471 0.559284 0.082774 0.000745712
 0.0406174 0.521527 0.379366 0.0568643 0.0016247
 0.151134 0.462217 0.34131 0.0453401 0
 0.294876 0.26143 0.354403 0.0886775 0.000613685
 0.281977 0.475581 0.204845 0.0348837 0.00271318
 0.0841818 0.532909 0.334909 0.0458182 0.00218182
 0.115287 0.27431 0.454777 0.147771 0.00785563
pf_pred 
 0.0171509 0.640812 0.302231 0.039803 2.32093e-06
 0.0441623 0.133579 0.583952 0.210762 0.027545
 0.0132492 0.359463 0.11181 0.366966 0.148512
 0.152209 0.178803 0.318086 0.063253 0.287648
 0.600525 0.300712 0.0282181 0.0337571 0.0367882
 0.0969461 0.849357 0.0431183 0.00304058 0.00753793
 0.557935 0.297132 0.139637 0.00426547 0.00102999
 0.232929 0.739235 0.0214933 0.00611519 0.000228347
 0.282089 0.610822 0.104705 0.00184733 0.000536929
 0.371662 0.566297 0.056442 0.00547576 0.000122499
 0.166655 0.756863 0.071506 0.00453253 0.000443416
 0.191334 0.652954 0.147025 0.00813005 0.000556467
 0.314101 0.572975 0.098836 0.0133135 0.000774251
 0.264135 0.697877 0.0347008 0.00288504 0.000401894
 0.256012 0.725556 0.0181126 0.000292961 2.67706e-05
 0.287423 0.692828 0.019587 0.000159278 2.71262e-06
 0.239475 0.694174 0.0653461 0.000997022 8.08892e-06
 0.297653 0.621498 0.0767897 0.00399916 6.03922e-05
 0.202011 0.708982 0.0825222 0.00616358 0.000320845
 0.245135 0.598153 0.144766 0.0110867 0.000860208
 0.314685 0.587728 0.0841281 0.0124469 0.00101178
 0.214788 0.669042 0.104191 0.0103417 0.00163644
 0.290985 0.554871 0.137734 0.0147353 0.00167504
 0.312537 0.593985 0.079108 0.0128582 0.00151244
 0.0490256 0.822585 0.11626 0.0102847 0.00184532
 0.0419656 0.376066 0.524644 0.0519599 0.00536404
pobs_RECLAS
 0 0 0 0 0
 0 0 0 0 0
 0 0 0 0 0
 0 0 0 0 0
 0.835266 0.146461 0.0176864 0.000547809 3.91292e-05
 0.385257 0.428462 0.181853 0.0044286 0
 0.867414 0.0963971 0.0333333 0.00285562 0
 0.441836 0.489002 0.0689373 0.000224442 0
 0.779404 0.147425 0.0564933 0.0165055 0.000172143
 0.814271 0.122319 0.05973 0.00367925 0
 0.40263 0.566651 0.0304383 0.000280538 0
 0.475488 0.404961 0.113038 0.00651328 0
 0.955842 0.0263864 0.0167828 0.000988607 0
 0.975058 0.0227948 0.00214734 0 0
 0.738997 0.206755 0.0527124 0.00153531 0
 0.850938 0.134255 0.0134407 0.00136685 0
 0.542534 0.407297 0.0501686 0 0
 0.764087 0.199537 0.0359546 0.000420521 0
 0.470689 0.182191 0.310203 0.0369168 0
 0.84361 0.089868 0.0606195 0.00523954 0.000663233
 0.607945 0.314616 0.071237 0.00620181 0
 0.523733 0.453247 0.0230204 0 0
 0.530135 0.295979 0.169645 0.0042399 0
 0.562478 0.366248 0.0663022 0.0049721 0
 0.250443 0.683176 0.0655157 0.000865301 0
 0.195077 0.31981 0.436473 0.0351445 0.0134964
ppred_RECLAS
 0.0354781 0.497995 0.398432 0.0680901 4.22752e-06
 0.0669829 0.0755993 0.559135 0.261846 0.0364375
 0.0230434 0.21352 0.107759 0.458228 0.197449
 0.224708 0.0929301 0.272298 0.0701926 0.339872
 0.759752 0.142048 0.0225571 0.0350138 0.040629
 0.239075 0.687048 0.0554512 0.0050627 0.0133631
 0.761423 0.133582 0.100022 0.00395612 0.00101711
 0.472871 0.495359 0.0229706 0.00846262 0.00033645
 0.536145 0.364001 0.0969556 0.00221301 0.000684823
 0.6197 0.321664 0.0519512 0.00652984 0.000155535
 0.370734 0.541456 0.0805168 0.00660558 0.000688031
 0.392886 0.438395 0.156684 0.0112171 0.000817441
 0.604953 0.30441 0.0765097 0.0133035 0.000823673
 0.652141 0.325713 0.0197294 0.0021047 0.000312091
 0.644163 0.345103 0.0104948 0.000217806 2.1186e-05
 0.567883 0.414064 0.0178624 0.000187798 3.40517e-06
 0.493658 0.441101 0.0639686 0.00126228 1.09033e-05
 0.546135 0.375041 0.0737699 0.00497442 7.99807e-05
 0.403538 0.492899 0.0939627 0.00909586 0.000504136
 0.464111 0.375207 0.145103 0.0143902 0.00118878
 0.536945 0.359659 0.0855597 0.0164148 0.00142072
 0.409518 0.455253 0.117551 0.0151286 0.0025489
 0.50725 0.335451 0.136139 0.0188756 0.00228458
 0.542179 0.360353 0.0787898 0.0165994 0.0020789
 0.115241 0.697876 0.164416 0.0188625 0.00360353
 0.08509 0.256536 0.576315 0.0739322 0.00812629
pobs_PELACES
 0 0 0 0 0
 0 0 0 0 0
 0 0 0 0 0
 0 0 0 0 0
 0 0 0 0 0
 0 0 0 0 0
 0 0 0 0 0
 0 0 0 0 0
 0 0 0 0 0
 0 0 0 0 0
 0.450072 0.473896 0.0757376 0.000293798 0
 0 0 0 0 0
 0.463077 0.371075 0.160297 0.00555027 0
 0.529543 0.364841 0.0842815 0.0213345 0
 0.631943 0.363953 0.00410389 0 0
 0.735681 0.248677 0.0153453 0.000297389 0
 0.695825 0.281241 0.0229344 0 0
 0.275771 0.60734 0.115278 0.00161068 0
 0 0 0 0 0
 0.896147 0.0623911 0.0374545 0.00400742 0
 0.803859 0.145111 0.0509908 3.86294e-05 0
 0.739449 0.233085 0.0266225 0.000797448 4.60066e-05
 0.878498 0.100942 0.0204185 0.000141795 0
 0.694673 0.275183 0.0284847 0.00165964 0
 0.469039 0.446079 0.0841089 0.000773354 0
 0.822795 0.102175 0.0682046 0.00682512 0
ppred_PELACES
 0.0510728 0.558392 0.339253 0.0512786 3.08547e-06
 0.113185 0.096609 0.537584 0.222602 0.0300201
 0.0539396 0.294119 0.103213 0.387092 0.161637
 0.398406 0.104062 0.216782 0.0493212 0.231429
 0.827712 0.117343 0.014031 0.019258 0.0216565
 0.374949 0.583974 0.0319361 0.00256947 0.00657222
 0.872023 0.0836004 0.0425253 0.00148234 0.00036931
 0.625431 0.359411 0.011336 0.00368075 0.000141807
 0.714116 0.24217 0.0426011 0.000856178 0.000256739
 0.745329 0.22641 0.0253825 0.00281365 6.49452e-05
 0.542035 0.413503 0.0411846 0.00297637 0.000300416
 0.569418 0.342265 0.0827293 0.00521888 0.000368549
 0.80392 0.165984 0.0259011 0.00395763 0.00023743
 0.880736 0.115104 0.00375822 0.000350711 5.03853e-05
 0.875251 0.122698 0.0020113 3.65142e-05 3.44115e-06
 0.739158 0.253681 0.00709396 6.56312e-05 1.15315e-06
 0.677694 0.29392 0.0278982 0.000484586 4.05607e-06
 0.700753 0.262141 0.0349944 0.00207957 3.24012e-05
 0.537617 0.40332 0.0541856 0.00462819 0.000248584
 0.634656 0.283534 0.074753 0.00653421 0.000523087
 0.651658 0.289492 0.0497199 0.00842314 0.000706501
 0.531816 0.386874 0.0718171 0.00816052 0.0013324
 0.652119 0.262697 0.0749411 0.0091673 0.00107524
 0.671081 0.277126 0.0428578 0.00796786 0.000967034
 0.170271 0.696315 0.119111 0.0120687 0.00223438
 0.175177 0.301024 0.465535 0.0526548 0.00560848
pobs_pel_tallas
 0 0 0 0 0 0 0 0 0 0 0 0 0 0 0 0 0 0 0 0 0 0 0 0 0 0 0 0 0 0 0 0 0 0 0 0
 0 0 0 0 0 0 0 0 0 0 0 0 0 0 0 0 0 0 0 0 0 0 0 0 0 0 0 0 0 0 0 0 0 0 0 0
 0 0 0 0 0 0 0 0 0 0 0 0 0 0 0 0 0 0 0 0 0 0 0 0 0 0 0 0 0 0 0 0 0 0 0 0
 0 0 0 0 0 0 0 0 0 0 0 0 0 0 0 0 0 0 0 0 0 0 0 0 0 0 0 0 0 0 0 0 0 0 0 0
 0 0 0 0 0 0 0 0 0 0 0 0 0 0 0 0 0 0 0 0 0 0 0 0 0 0 0 0 0 0 0 0 0 0 0 0
 0 0 0 0 0 0 0 0 0 0 0 0 0 0 0 0 0 0 0 0 0 0 0 0 0 0 0 0 0 0 0 0 0 0 0 0
 0 0 0 0 0 0 0 0 0 0 0 0 0 0 0 0 0 0 0 0 0 0 0 0 0 0 0 0 0 0 0 0 0 0 0 0
 0 0 0 0 0 0 0 0 0 0 0 0 0 0 0 0 0 0 0 0 0 0 0 0 0 0 0 0 0 0 0 0 0 0 0 0
 0 0 0 0 0 0 0 0 0 0 0 0 0 0 0 0 0 0 0 0 0 0 0 0 0 0 0 0 0 0 0 0 0 0 0 0
 0 0 0 0 0 0 0 0 0 0 0 0 0 0 0 0 0 0 0 0 0 0 0 0 0 0 0 0 0 0 0 0 0 0 0 0
 0 0 0 0 0 0 0 0 1.78061e-05 0.00172719 0.00360574 0.0105946 0.0120993 0.0124554 0.0147524 0.0171206 0.0266825 0.0428682 0.0675386 0.121331 0.153587 0.119568 0.100827 0.0573624 0.0630603 0.0341343 0.0324427 0.0444173 0.0211091 0.0280891 0.0125444 0.00206551 0 0 0 0
 0 0 0 0 0 0 0 0 0 0 0 0 0 0 0 0 0 0 0 0 0 0 0 0 0 0 0 0 0 0 0 0 0 0 0 0
 0 0 0 0 0 0 0.0133647 0.0140871 0.0187388 0.0205184 0.03894 0.0496705 0.03968 0.0493445 0.0407372 0.0367815 0.0215668 0.0243155 0.0234873 0.0199281 0.019796 0.0243948 0.0301388 0.0376714 0.0412746 0.0863199 0.0771752 0.113111 0.0741005 0.0525337 0.0229764 0.00759418 0.00175318 0 0 0
 0 0 0 0 0 0 0 0 0 0 0.00219441 0.00772107 0.0458388 0.0604681 0.0671733 0.0775358 0.0609151 0.0617685 0.073594 0.0568108 0.0755445 0.0548602 0.0670107 0.0636378 0.0643287 0.046367 0.0373049 0.0286899 0.0247887 0.0153202 0.00654259 0.00121912 0.000365735 0 0 0
 0 0 0 0 0 0 0 0 0 0 0 0 0.000112435 0.00938835 0.0111873 0.0202946 0.0414886 0.0713402 0.111592 0.104902 0.108894 0.110636 0.117776 0.105296 0.107544 0.0401394 0.0192827 0.0124803 0.00416011 0.0028671 0.000618394 0 0 0 0 0
 0 0 0 0 0 0 0 0 0 0 0.00291406 0.0102884 0.027416 0.0768956 0.0749926 0.110853 0.0956884 0.0897413 0.0766577 0.0534642 0.0500743 0.0551293 0.0594112 0.0620874 0.0668451 0.0424026 0.0208742 0.0120726 0.0048766 0.00582813 0.00118941 0.000297354 0 0 0 0
 0 0.00264628 0.0354308 0.0461629 0.0458689 0.0383711 0.0214643 0.0164657 0.0346957 0.0420465 0.0363128 0.0245516 0.0311673 0.0291091 0.0169068 0.0133784 0.00837989 0.0085269 0.0148486 0.0160247 0.0276389 0.0546898 0.0760071 0.122758 0.109233 0.0665981 0.0333725 0.0166128 0.00676272 0.00308733 0.000882094 0 0 0 0 0
 0 0 0 0 0 0 0 0.000805153 0.000690131 0.00759144 0.0133425 0.0154129 0.00931677 0.000345066 0.00356568 0.00563607 0.00851162 0.0253048 0.0502646 0.0516448 0.0657925 0.0565908 0.0611916 0.0827007 0.0866115 0.110766 0.145733 0.0935128 0.0569358 0.0249597 0.0138026 0.00621118 0.00161031 0.00115022 0 0
 0 0 0 0 0 0 0 0 0 0 0 0 0 0 0 0 0 0 0 0 0 0 0 0 0 0 0 0 0 0 0 0 0 0 0 0
 0.00147267 0.00158595 0.00478618 0.00569244 0.00954404 0.0108468 0.00647125 0.017049 0.0510054 0.094081 0.124002 0.0959785 0.0687766 0.0820023 0.061753 0.0591476 0.0492212 0.0479892 0.0443925 0.0268479 0.0217502 0.0140895 0.0121071 0.0120363 0.00920419 0.00665534 0.0049561 0.00860946 0.00930331 0.0156896 0.0114698 0.00855282 0.00243557 0.00046729 0 2.83206e-05
 0 0 0 0 0.000772559 0.00158375 0.000888443 0.00281984 0.00712685 0.0440552 0.0773331 0.111326 0.0921469 0.0852325 0.0710754 0.0886704 0.0786465 0.0553345 0.0373146 0.0185414 0.00753245 0.00457741 0.012979 0.0271748 0.0457355 0.0583668 0.034881 0.0177882 0.00938659 0.00492506 0.0015258 0.00185414 0.000309023 5.79419e-05 3.86279e-05 0
 0 0.00173294 0.00326652 0 0.00397197 0.00683976 0.00946217 0.0152591 0.00757587 0.0136028 0.0228656 0.0392903 0.0559909 0.0764795 0.0681675 0.0726916 0.0566044 0.0477403 0.0527397 0.0444891 0.0609904 0.0582453 0.0661739 0.0445044 0.0529084 0.0360697 0.0280645 0.0235558 0.0158879 0.00826598 0.00280645 0.00217768 0.000904811 0.00058276 9.20147e-05 0
 0 0 0 0 0 0 0 0 0 0 0 0 0 0 0 0 0 0 0 0 0 0 0 0 0 0 0 0 0 0 0 0 0 0 0 0
 0 0 0 0 0 0 0 0 0 0 0 0 0 0 0 0 0 0 0 0 0 0 0 0 0 0 0 0 0 0 0 0 0 0 0 0
 0 0 0 0 0 0 0 0 0 0 0 0 0 0 0 0 0 0 0 0 0 0 0 0 0 0 0 0 0 0 0 0 0 0 0 0
 0 0 0 0 0 0 0 0 0 0 0 0 0 0 0 0 0 0 0 0 0 0 0 0 0 0 0 0 0 0 0 0 0 0 0 0
ppred_pel_tallas
 1.0676e-16 2.26309e-06 1.31944e-05 6.25371e-05 0.000240465 0.000749585 0.001894 0.00387997 0.00644898 0.00871381 0.00962222 0.00882037 0.00704099 0.00557907 0.00546236 0.00711804 0.0105842 0.0157956 0.0226514 0.0309198 0.0401359 0.0495863 0.0583916 0.065664 0.0706884 0.0730653 0.0727734 0.0701291 0.0656707 0.0600098 0.0537034 0.0471819 0.0407363 0.0345479 0.028734 0.0233831
 1.16715e-16 4.95298e-06 2.90283e-05 0.000137906 0.000530813 0.00165514 0.0041808 0.00855554 0.0141862 0.0190652 0.0207826 0.0184177 0.0133734 0.00819361 0.0047219 0.00339656 0.00380589 0.00546393 0.00813815 0.0118009 0.0164858 0.0221872 0.0288113 0.0361584 0.043922 0.051701 0.0590238 0.0653846 0.0702918 0.0733264 0.0742005 0.0728064 0.0692431 0.0638083 0.0569598 0.0492494
 1.22415e-16 2.376e-06 1.3885e-05 6.5882e-05 0.000253448 0.000790153 0.00199615 0.00408687 0.00678411 0.00914026 0.010024 0.00902654 0.00686525 0.00482464 0.00388024 0.00435615 0.00617257 0.00918674 0.0133136 0.0184704 0.0244938 0.0311068 0.0379444 0.0446164 0.0507819 0.056201 0.0607498 0.0643896 0.067111 0.0688786 0.0696023 0.0691503 0.0673942 0.0642687 0.0598219 0.0542361
 1.1562e-16 1.73892e-05 0.000102042 0.000485025 0.00186731 0.00582298 0.0147084 0.0300956 0.0498883 0.0670031 0.0729246 0.0643534 0.0461297 0.0270526 0.0133831 0.00635108 0.00411224 0.00449989 0.00622353 0.00876478 0.0119544 0.015702 0.0198963 0.0243893 0.0290059 0.0335574 0.0378498 0.0416856 0.0448656 0.047195 0.0484997 0.04865 0.0475888 0.0453504 0.0420671 0.0379577
 1.01912e-16 3.61095e-05 0.000211945 0.00100751 0.00387903 0.0120964 0.0305545 0.062518 0.103628 0.139163 0.151419 0.133519 0.095482 0.0555321 0.0265915 0.0111009 0.00508425 0.00387413 0.00461752 0.00608128 0.00779864 0.00953169 0.0110843 0.012281 0.0129945 0.0131727 0.0128487 0.0121259 0.0111475 0.0100588 0.00897574 0.00796865 0.00706238 0.00624861 0.00550319 0.00480182
 1.01039e-16 1.63859e-05 9.6107e-05 0.000456712 0.00175814 0.00548239 0.0138486 0.0283401 0.0469916 0.0631532 0.0688411 0.0610031 0.0442794 0.0270747 0.0154417 0.0107179 0.0113271 0.0153062 0.021359 0.0286927 0.0365964 0.0442293 0.0506479 0.0549683 0.0565666 0.05523 0.0512105 0.045153 0.037931 0.030443 0.0234361 0.0174008 0.0125522 0.00887708 0.00621752 0.00435409
 1.007e-16 3.80404e-05 0.000223284 0.00106143 0.00408662 0.0127438 0.0321897 0.0658634 0.109172 0.146605 0.159507 0.140628 0.100519 0.0583648 0.0277674 0.0112809 0.00470048 0.00309844 0.00346989 0.00453294 0.00583151 0.00716573 0.00838599 0.00935763 0.00997657 0.0101891 0.0100009 0.00946994 0.00868831 0.00775794 0.00677018 0.00579352 0.00487125 0.00402588 0.00326685 0.00259714
 1.00412e-16 2.72989e-05 0.000160197 0.00076145 0.00293153 0.00914163 0.0230913 0.0472495 0.0783275 0.105211 0.11454 0.101151 0.0726657 0.042929 0.0218055 0.011255 0.00838443 0.00973954 0.0131565 0.0175773 0.0223869 0.0270249 0.0309025 0.0334754 0.0343622 0.0334369 0.0308615 0.0270404 0.0225195 0.0178585 0.0135221 0.00981415 0.00686566 0.00466462 0.00310759 0.00205232
 1.00726e-16 3.11613e-05 0.000182883 0.000869326 0.00334692 0.010437 0.0263632 0.0539433 0.0894192 0.120094 0.130705 0.115333 0.0826526 0.0484243 0.0238512 0.0111011 0.00680432 0.00697531 0.0091522 0.012209 0.0156092 0.0189496 0.0218287 0.0238734 0.0248132 0.0245425 0.023143 0.020857 0.0180233 0.0149962 0.0120759 0.00946678 0.00726934 0.00549803 0.00411212 0.0030463
 1.00534e-16 3.25217e-05 0.000190871 0.000907305 0.00349316 0.0108931 0.0275151 0.0563 0.093325 0.125337 0.136404 0.120347 0.0862101 0.0504376 0.0247104 0.0112777 0.00660901 0.00653379 0.00847899 0.011277 0.0143887 0.0174274 0.0200159 0.0218077 0.0225554 0.0221686 0.0207344 0.0184913 0.015767 0.0129012 0.0101788 0.00779046 0.00582443 0.00428482 0.00312183 0.0022624
 1.00836e-16 2.36648e-05 0.000138856 0.000659981 0.00254083 0.00792323 0.0200138 0.0409531 0.0678929 0.0912043 0.0993166 0.0877667 0.0631803 0.0375864 0.0195741 0.0108895 0.00907241 0.0111634 0.0152926 0.0205049 0.0261776 0.0316887 0.0363647 0.0395756 0.0408719 0.0400919 0.0373997 0.0332365 0.0282068 0.0229362 0.0179488 0.0135939 0.0100321 0.00726774 0.00520502 0.00370496
 1.01483e-16 2.4856e-05 0.000145856 0.000693273 0.00266904 0.00832306 0.0210236 0.0430188 0.0713149 0.0957934 0.104293 0.0921158 0.0662047 0.0391728 0.0200117 0.01052 0.00808062 0.00956663 0.0130244 0.017502 0.0224419 0.0273251 0.0315937 0.0347186 0.0363094 0.0362019 0.0344925 0.0315013 0.0276848 0.0235249 0.0194338 0.0156968 0.0124617 0.00976286 0.00756231 0.00578982
 1.00569e-16 3.50741e-05 0.000205862 0.000978583 0.00376762 0.011749 0.029677 0.0607228 0.100654 0.135174 0.14709 0.129731 0.0928364 0.0541208 0.0261543 0.0113292 0.00580442 0.00505978 0.00632101 0.00836363 0.0106804 0.0129624 0.0149288 0.0163239 0.0169635 0.0167765 0.0158203 0.014262 0.012334 0.0102789 0.00830085 0.00653789 0.0050563 0.0038634 0.00292913 0.0022074
 1.00106e-16 3.84215e-05 0.000225519 0.00107205 0.00412749 0.0128713 0.0325117 0.0665225 0.110266 0.148075 0.161112 0.142059 0.101572 0.0590396 0.0282056 0.0116592 0.00516083 0.00373442 0.00433555 0.00564595 0.00716671 0.00864702 0.00988498 0.0107043 0.0109827 0.0106798 0.00984755 0.00861603 0.00716042 0.00566063 0.00426603 0.00307448 0.00212834 0.00142395 0.000928137 0.000595063
 1.00071e-16 3.81826e-05 0.000224116 0.00106537 0.0041018 0.0127911 0.0323093 0.0661084 0.10958 0.147154 0.160113 0.141182 0.100955 0.0587009 0.0280812 0.0116723 0.00526409 0.00391363 0.00459482 0.00599336 0.00760513 0.00916899 0.0104708 0.0113232 0.0115965 0.0112489 0.0103377 0.00900333 0.00743463 0.00582505 0.0043349 0.00306885 0.00207156 0.00133792 0.000830835 0.000499489
 1.00186e-16 3.22537e-05 0.000189296 0.000899809 0.00346429 0.010803 0.0272877 0.0558349 0.0925548 0.124305 0.135287 0.119376 0.0855478 0.0501158 0.0246744 0.0114649 0.00699538 0.00713407 0.00932431 0.0123901 0.0157645 0.0190203 0.0217353 0.0235246 0.0241192 0.0234312 0.0215765 0.0188431 0.0156187 0.0123014 0.00922131 0.00659485 0.00451532 0.00297404 0.00189676 0.00118105
 1.00509e-16 2.95752e-05 0.000173567 0.000825024 0.00317633 0.00990504 0.0250195 0.0511943 0.0848642 0.113982 0.124067 0.109512 0.0785573 0.0461791 0.0230315 0.0111984 0.00750678 0.00818975 0.0109071 0.0145584 0.0185706 0.0224705 0.0257732 0.0280301 0.0289222 0.0283356 0.0263888 0.0233976 0.0197942 0.0160257 0.0124666 0.00936644 0.00683983 0.00488921 0.00344512 0.00240667
 1.00656e-16 3.05794e-05 0.000179465 0.000853072 0.00328433 0.0102419 0.0258702 0.0529347 0.0877481 0.117852 0.12827 0.113198 0.0811516 0.0476034 0.0235554 0.0111449 0.00707466 0.00743926 0.0098212 0.0131031 0.0167339 0.0202832 0.0233176 0.0254352 0.0263475 0.0259467 0.0243297 0.0217681 0.0186376 0.0153286 0.0121697 0.00938206 0.00707045 0.00524331 0.00384747 0.00280281
 1.01072e-16 2.34717e-05 0.000137724 0.000654599 0.00252011 0.00785863 0.0198506 0.0406191 0.0673391 0.0904598 0.0985047 0.0870464 0.0626557 0.0372621 0.0193834 0.0107499 0.00892067 0.0109612 0.0150202 0.020157 0.0257638 0.0312357 0.0359161 0.0391885 0.0406093 0.0400119 0.0375445 0.0336241 0.028827 0.0237523 0.0189043 0.0146221 0.0110663 0.00824973 0.00609125 0.00446854
 1.01403e-16 2.76983e-05 0.000162548 0.000772641 0.00297465 0.0092761 0.0234308 0.0479437 0.0794762 0.106747 0.116195 0.102572 0.0735971 0.0433005 0.0216665 0.0106554 0.00730679 0.00810527 0.0108711 0.014583 0.0187091 0.0228035 0.0264019 0.0290646 0.0304658 0.0304655 0.0291374 0.02674 0.0236443 0.0202434 0.0168742 0.0137712 0.011058 0.00876646 0.00687079 0.0053195
 1.01123e-16 2.84398e-05 0.000166901 0.000793336 0.00305432 0.00952457 0.0240585 0.0492279 0.0816049 0.109606 0.119306 0.105315 0.0755592 0.0444425 0.0222141 0.0108834 0.00740657 0.00816845 0.0109252 0.0146228 0.0187107 0.0227298 0.0262052 0.0286927 0.0298695 0.0296085 0.0280055 0.0253469 0.0220331 0.0184823 0.0150475 0.011968 0.00936003 0.00723905 0.00555664 0.00423727
 1.01489e-16 2.32182e-05 0.000136236 0.000647531 0.00249291 0.00777379 0.0196363 0.0401805 0.0666116 0.0894817 0.0974374 0.0860979 0.0619614 0.0368262 0.0191151 0.0105366 0.00867419 0.0106255 0.0145644 0.019571 0.0250605 0.0304553 0.0351269 0.0384812 0.0400853 0.0397664 0.0376495 0.0341142 0.0296928 0.0249426 0.0203357 0.0161932 0.0126733 0.00980042 0.00751367 0.00571556
 1.01515e-16 2.84589e-05 0.000167016 0.000793885 0.00305645 0.00953119 0.0240752 0.0492619 0.0816605 0.109678 0.119379 0.105366 0.075567 0.0443889 0.0220802 0.0106429 0.00702314 0.00760083 0.0101367 0.0135944 0.0174546 0.0212996 0.0246983 0.0272431 0.0286298 0.0287246 0.0275902 0.0254587 0.0226665 0.0195709 0.0164789 0.0136051 0.011064 0.00888828 0.00705925 0.00553589
 1.01018e-16 2.92863e-05 0.000171872 0.000816969 0.00314532 0.00980834 0.0247752 0.0506944 0.0840352 0.112868 0.122852 0.108432 0.0777688 0.0456876 0.0227351 0.0109709 0.00724995 0.0078422 0.0104352 0.0139508 0.0178401 0.0216578 0.0249484 0.0272872 0.0283671 0.0280692 0.0264891 0.023905 0.0207042 0.0172901 0.0140025 0.0110703 0.00860329 0.00661294 0.00504895 0.00383477
 1.02437e-16 7.46574e-06 4.37271e-05 0.000207668 0.000799213 0.00249199 0.00629531 0.0128863 0.0213804 0.0287735 0.03147 0.0281363 0.0209645 0.0138971 0.00985068 0.00963077 0.0127177 0.0183608 0.0259898 0.0350785 0.044921 0.0545572 0.0628704 0.0687951 0.0715558 0.0708485 0.0669071 0.0604255 0.0523725 0.0437605 0.035445 0.0280066 0.0217279 0.0166465 0.0126441 0.00953464
 1.08778e-16 7.66451e-06 4.49284e-05 0.000213455 0.000821622 0.00256196 0.0064716 0.0132442 0.0219631 0.0295246 0.0322043 0.0285869 0.0208584 0.0129745 0.00780701 0.00604276 0.0070268 0.00994102 0.0142893 0.0198084 0.0262529 0.0332738 0.0404086 0.047138 0.0529692 0.05751 0.0605137 0.0618826 0.0616423 0.0599033 0.0568286 0.0526187 0.0475102 0.0417764 0.0357211 0.0296582
pSPR Fmed_Fpbrs
0.494955   0.6 0.325
Fs Fmed_Fpbrs
0.68   0.43413 1.50921
SSBpbr Bo_Bmed_Bpbrs
564179  251034  310299 155149
Ro
18033.7
SPR SPRFo_SPRFmed_SPRFpbrs
372475 184358 121054
log_Ro
9.62
likeval ReclasPelacesDesembMPH_pf_preclas_ppelaces_ptallas_desvR_qrecl_qpela
 71.5198 14.5305 0.250296 0.0004751 384.24 210.145 94.3294 0 38.9218 0.000174449 0.000505998 1.34181e-14 0 0 0
q_reclas_q_pelaces
6.49879 24.5393
M
0.7
N
 10284.2 41535.5 15566.7 2036.89 0.118753
 14803.5 5027.02 17662.6 6336.08 827.95
 1756.88 7163.22 1935.23 6328.05 2560.74
 4770.94 779.997 1182.98 234.239 1065.11
 38730.9 2170.17 163.51 194.411 211.834
 13094.7 18758.2 842.847 59.2482 146.871
 65440.4 5651.65 2346.64 71.4531 17.2526
 55247.4 28324.2 727.004 206.178 7.69827
 62523 23944.1 3691.23 64.9502 18.8766
 113929 26239.7 2274.59 219.864 4.91817
 65576.5 50485.2 4253.5 268.826 26.2972
 49784.4 27946.8 5576.73 307.418 21.0398
 56075.9 21442.2 3425.24 460.519 26.7804
 29317.2 21997.8 1049.12 87.137 12.1381
 12245.1 9855.44 235.978 3.81299 0.34842
 9147.27 4116.37 105.723 0.857654 0.0146056
 7145.73 3761.48 320.049 4.87073 0.0395141
 8742.51 2969.56 324.391 16.8404 0.25429
 7503.88 3779.89 377.958 28.116 1.46343
 8640.09 3380.76 721.159 55.0485 4.27084
 15266.9 3754.03 451.612 66.5033 5.40528
 16956.2 7061.96 928.034 91.693 14.5076
 28271.5 7807.36 1668.52 177.798 20.2091
 47156.1 12701.3 1448.67 234.497 27.5799
 9860.71 21329.8 2519.48 221.798 39.7909
 3296.22 4589.59 5604.02 553.087 57.0925
pred_Ctot
 115.893 4330.13 2042.25 268.959 0.0156831
 272.623 824.609 3604.86 1301.08 170.041
 134.746 3655.79 1137.12 3732.09 1510.39
 289.675 340.286 605.361 120.379 547.433
 688.817 344.924 32.3668 38.7203 42.197
 1242.41 10884.9 552.581 38.9664 96.6019
 6090.79 3243.69 1524.37 46.5646 11.2441
 5095.46 16171.2 470.179 133.774 4.99523
 7031.44 15225.5 2609.9 46.047 13.3836
 8878.3 13527.8 1348.29 130.805 2.92627
 6746.51 30639.4 2894.71 183.486 17.9504
 4789.35 16344.3 3680.23 203.506 13.9291
 8585.88 15662.1 2701.65 363.92 21.1639
 6965.14 18402.7 915.047 76.0773 10.5978
 2909.17 8244.79 205.821 3.32904 0.304205
 1143.31 2755.93 77.9131 0.633578 0.0107903
 847.03 2455.31 231.131 3.5265 0.0286107
 819.713 1711.55 211.473 11.0134 0.166315
 503.261 1766.25 205.584 15.355 0.799306
 782.995 1910.59 462.402 35.4124 2.74763
 755.212 1410.49 201.899 29.8713 2.42817
 891.426 2776.7 432.421 42.9208 6.79165
 1948.84 3716.18 922.457 98.688 11.2184
 3039.1 5775.88 769.243 125.032 14.7069
 446.404 7490.05 1058.6 93.6475 16.8026
 276.234 2475.41 3453.41 342.02 35.3082
F
 0.0157792 0.1551 0.198874 0.200283 0.200318
 0.025902 0.254601 0.326457 0.32877 0.328828
 0.112004 1.10093 1.41164 1.42164 1.42189
 0.0877386 0.862417 1.10582 1.11365 1.11385
 0.0250039 0.245774 0.315138 0.317371 0.317427
 0.140258 1.37865 1.76774 1.78027 1.78058
 0.137422 1.35077 1.732 1.74427 1.74458
 0.136098 1.33776 1.71531 1.72746 1.72777
 0.168263 1.65392 2.12071 2.13573 2.13611
 0.113896 1.11953 1.43549 1.44566 1.44592
 0.152917 1.50308 1.92729 1.94094 1.94129
 0.142342 1.39913 1.79401 1.80672 1.80704
 0.235763 2.31741 2.97144 2.9925 2.99303
 0.390152 3.83496 4.91729 4.95213 4.95301
 0.390152 3.83496 4.91729 4.95213 4.95301
 0.188644 1.85425 2.37758 2.39442 2.39485
 0.1781 1.75062 2.24469 2.2606 2.261
 0.138502 1.36139 1.74561 1.75798 1.75829
 0.0973195 0.956591 1.22657 1.23526 1.23548
 0.133582 1.31303 1.68361 1.69554 1.69584
 0.0709624 0.697517 0.894377 0.900714 0.900873
 0.075568 0.742788 0.952423 0.959172 0.959341
 0.10015 0.984418 1.26225 1.27119 1.27142
 0.0933579 0.917652 1.17664 1.18498 1.18519
 0.064767 0.636621 0.816293 0.822077 0.822222
 0.122964 1.20866 1.54978 1.56076 1.56103
Np
 12310.9 5907.87 513.596 219.618 251.221
YTP_r0W_actual
 2486.1 62875.4 121905 14159.6 1588.87
YTP_p0W_proyectada
 2445.5 6543.86 5515.32 6150.23 735.799
 2445.5 26709 4162.35 2286.26 2902.63
CTP_r0_actual
 276.234 2475.41 3453.41 342.02 35.3082
CTP_p0_proyectada
 298.232 302.956 175.647 153.372 16.5348
 298.232 1236.53 132.559 57.0139 65.2276
Wmedp
 8.2 21.6 31.4 40.1 44.5
nmprior
 10.6 11 7 0
nm_flota  nm_reclas  nm_pelaces    nm_pelaL
inf 20.3585 12.8303 35.6065
cv_recla  cv_pelaces  cv_mph
0.748145 0.417571 0.593234
 ------------------------------------------------
Talla a la edad & desviaci?n 
 7.2 14.2025 17.0495 18.207 18.6776
 1.08 2.13037 2.55742 2.73105 2.80164
