years
 1997 1998 1999 2000 2001 2002 2003 2004 2005 2006 2007 2008 2009 2010 2011 2012 2013 2014 2015 2016 2017 2018 2019 2020 2021 2022
reclasobs
 0 0 0 370054 412103 1.49427e+06 250295 1.28982e+06 931140 785840 897777 1.04006e+06 184774 17550 25797 100020 73551 82996 120727 218422 84188 347160 605670 569463 516374 1.08416e+06
reclaspred
 4.73709e+06 826407 1.04959e+06 223993 244844 346133 671938 636896 654509 834650 938648 706721 374912 140764 77336.4 76666.9 80076.4 108667 137152 136977 201669 227042 358983 467048 740660 446177
pelacesobs
 0 0 0 0 0 0 0 0 0 2.06254e+06 1.5e+06 0 1.87456e+06 323000 250000 174000 83755 137374 0 501740 490994 745055 786931 1.00524e+06 1.33801e+06 1.41789e+06
pelacespred
 1.01621e+07 4.63443e+06 1.1188e+06 576556 785381 650080 2.16013e+06 1.96176e+06 1.80629e+06 2.57024e+06 2.25363e+06 1.72322e+06 966705 298858 168308 168983 181928 266170 325476 295311 581698 600400 705032 1.12611e+06 1.65953e+06 824570
mphobs
 0 0 0 0 0 112323 0 153150 637223 0 255016 313432 73983 77613 109348 50772 17779 17303 59886 28197 0 207744 136588 643089 65757 0
mphpred
 914904 387181 186932 66764 48869.3 142245 161016 302414 260753 286620 401144 277579 173630 99903.6 47321.7 33852.5 30193.1 36625.1 47881.9 44975.7 57231.5 79076.7 91506.4 131260 221776 143446
desembarqueobs
 350755 77701 442110 56441 14545 235359 269955 359681 431902 328805 639364 411747 362871 311530 167758 66681 60226 58785 57116 73181 50977 67692 138656 160484 209506 203330
desembarquepred
 350741 77674.1 441502 56411.2 14542.8 235180 269888 359099 431385 328503 638189 411026 362124 310948 167237 66601.9 60191.1 58696.2 57029.9 73088.4 50959.8 67617.1 138533 160368 209297 203048
Reclutas
 13119.7 21864.1 2319.93 5638.88 38430.9 13925.5 65144.5 55808.1 64238.6 114115 66104.1 49245.6 55538.3 29384.9 12379.6 9279.37 7208.75 8813.2 7613.88 8975.94 15495.4 17334.9 29038.7 47129.5 10410.9 3991.23
log_desv_Rt
 -0.378127 0.132602 -2.11071 -1.22256 0.696616 -0.318525 1.22436 1.06967 1.21036 1.78496 1.23899 0.944576 1.06483 0.428236 -0.436196 -0.724452 -0.976949 -0.775994 -0.922272 -0.757697 -0.211701 -0.0995227 0.416384 0.900654 -0.609393 -1.56815
SSB
 1.241e+06 525182 253559 90560.3 66287.5 192945 218405 410202 353691 388778 544120 376514 235516 135512 64188.2 45918.4 40954.6 49679.1 64948.1 61006.1 77630.2 107261 124121 178044 300822 194573
BT
 1.79194e+06 657777 381924 146912 253334 303911 1.05118e+06 938838 978262 1.12819e+06 1.15735e+06 820258 676692 390725 197304 104147 103804 127717 119158 133304 205858 179870 259711 423763 439874 289349
Ftot
 0.245526 0.390857 1.49864 1.03294 0.28295 1.76594 1.65207 1.73243 2.09891 1.407 1.92767 1.7697 2.93971 4.95303 4.95303 2.39193 2.22943 1.7309 1.23148 1.65639 0.867838 0.937693 1.23121 1.15037 0.82217 1.46869
BD_Bspro_t
 0.968284 0.785708 0.541258 0.185079 0.241948 0.526984 0.392417 0.488923 0.401694 0.384576 0.428743 0.283062 0.198437 0.136804 0.0786114 0.0698459 0.0866908 0.143305 0.221424 0.253721 0.332317 0.471083 0.463635 0.479682 0.533999 0.350013
BD_Bspro
 3.13773 1.32787 0.641097 0.228972 0.167601 0.487841 0.552215 1.03715 0.894271 0.982983 1.37575 0.951976 0.595478 0.342627 0.162293 0.1161 0.103549 0.125608 0.164214 0.154247 0.19628 0.271199 0.313828 0.450166 0.760597 0.491958
BD_Bo
 2.28459 0.966825 0.466785 0.166715 0.122031 0.355199 0.40207 0.755154 0.651122 0.715714 1.00169 0.693137 0.43357 0.249468 0.118166 0.0845327 0.0753946 0.091456 0.119565 0.112308 0.142912 0.197461 0.228499 0.327767 0.553793 0.358196
BD_Brms
 4.1538 1.75786 0.848701 0.303119 0.221874 0.645816 0.731036 1.37301 1.18386 1.3013 1.82125 1.26025 0.788309 0.453578 0.214848 0.153696 0.137081 0.166284 0.217391 0.204197 0.25984 0.35902 0.415453 0.595941 1.0069 0.651266
S_f
 0.0797051 0.748489 0.990316 0.999715 0.999992
 0.0797051 0.748489 0.990316 0.999715 0.999992
 0.0797051 0.748489 0.990316 0.999715 0.999992
 0.0797051 0.748489 0.990316 0.999715 0.999992
 0.0797051 0.748489 0.990316 0.999715 0.999992
 0.0797051 0.748489 0.990316 0.999715 0.999992
 0.0797051 0.748489 0.990316 0.999715 0.999992
 0.0797051 0.748489 0.990316 0.999715 0.999992
 0.0797051 0.748489 0.990316 0.999715 0.999992
 0.0797051 0.748489 0.990316 0.999715 0.999992
 0.0797051 0.748489 0.990316 0.999715 0.999992
 0.0797051 0.748489 0.990316 0.999715 0.999992
 0.0797051 0.748489 0.990316 0.999715 0.999992
 0.0797051 0.748489 0.990316 0.999715 0.999992
 0.0797051 0.748489 0.990316 0.999715 0.999992
 0.0797051 0.748489 0.990316 0.999715 0.999992
 0.0797051 0.748489 0.990316 0.999715 0.999992
 0.0797051 0.748489 0.990316 0.999715 0.999992
 0.0797051 0.748489 0.990316 0.999715 0.999992
 0.0797051 0.748489 0.990316 0.999715 0.999992
 0.0797051 0.748489 0.990316 0.999715 0.999992
 0.0797051 0.748489 0.990316 0.999715 0.999992
 0.0797051 0.748489 0.990316 0.999715 0.999992
 0.0797051 0.748489 0.990316 0.999715 0.999992
 0.0797051 0.748489 0.990316 0.999715 0.999992
 0.0797051 0.748489 0.990316 0.999715 0.999992
Scru_reclas
 0.102981 0.366192 0.744094 0.936034 0.986603
 0.102981 0.366192 0.744094 0.936034 0.986603
 0.102981 0.366192 0.744094 0.936034 0.986603
 0.102981 0.366192 0.744094 0.936034 0.986603
 0.102981 0.366192 0.744094 0.936034 0.986603
 0.102981 0.366192 0.744094 0.936034 0.986603
 0.102981 0.366192 0.744094 0.936034 0.986603
 0.102981 0.366192 0.744094 0.936034 0.986603
 0.102981 0.366192 0.744094 0.936034 0.986603
 0.102981 0.366192 0.744094 0.936034 0.986603
 0.102981 0.366192 0.744094 0.936034 0.986603
 0.102981 0.366192 0.744094 0.936034 0.986603
 0.102981 0.366192 0.744094 0.936034 0.986603
 0.102981 0.366192 0.744094 0.936034 0.986603
 0.102981 0.366192 0.744094 0.936034 0.986603
 0.102981 0.366192 0.744094 0.936034 0.986603
 0.102981 0.366192 0.744094 0.936034 0.986603
 0.102981 0.366192 0.744094 0.936034 0.986603
 0.102981 0.366192 0.744094 0.936034 0.986603
 0.102981 0.366192 0.744094 0.936034 0.986603
 0.102981 0.366192 0.744094 0.936034 0.986603
 0.102981 0.366192 0.744094 0.936034 0.986603
 0.102981 0.366192 0.744094 0.936034 0.986603
 0.102981 0.366192 0.744094 0.936034 0.986603
 0.102981 0.366192 0.744094 0.936034 0.986603
 0.102981 0.366192 0.744094 0.936034 0.986603
Scru_pelaces
 0.185619 0.534249 0.85235 0.966725 0.993207
 0.185619 0.534249 0.85235 0.966725 0.993207
 0.185619 0.534249 0.85235 0.966725 0.993207
 0.185619 0.534249 0.85235 0.966725 0.993207
 0.185619 0.534249 0.85235 0.966725 0.993207
 0.185619 0.534249 0.85235 0.966725 0.993207
 0.185619 0.534249 0.85235 0.966725 0.993207
 0.185619 0.534249 0.85235 0.966725 0.993207
 0.185619 0.534249 0.85235 0.966725 0.993207
 0.185619 0.534249 0.85235 0.966725 0.993207
 0.185619 0.534249 0.85235 0.966725 0.993207
 0.185619 0.534249 0.85235 0.966725 0.993207
 0.185619 0.534249 0.85235 0.966725 0.993207
 0.185619 0.534249 0.85235 0.966725 0.993207
 0.185619 0.534249 0.85235 0.966725 0.993207
 0.185619 0.534249 0.85235 0.966725 0.993207
 0.185619 0.534249 0.85235 0.966725 0.993207
 0.185619 0.534249 0.85235 0.966725 0.993207
 0.185619 0.534249 0.85235 0.966725 0.993207
 0.185619 0.534249 0.85235 0.966725 0.993207
 0.185619 0.534249 0.85235 0.966725 0.993207
 0.185619 0.534249 0.85235 0.966725 0.993207
 0.185619 0.534249 0.85235 0.966725 0.993207
 0.185619 0.534249 0.85235 0.966725 0.993207
 0.185619 0.534249 0.85235 0.966725 0.993207
 0.185619 0.534249 0.85235 0.966725 0.993207
pf_obs 
 0.256992 0.487395 0.22802 0.0275931 0
 0.321318 0.546541 0.124235 0.00734118 0.000564706
 0.182869 0.594174 0.210203 0.0122559 0.00049798
 0.330522 0.361315 0.267642 0.0388342 0.00168674
 0.649043 0.306663 0.0425973 0.00169635 0
 0.582887 0.30429 0.105238 0.00758474 0
 0.465427 0.430635 0.0974691 0.00646863 0
 0.296916 0.608066 0.0921331 0.00288517 0
 0.311714 0.524322 0.152257 0.0117073 0
 0.15457 0.633149 0.183074 0.0267441 0.00246327
 0.131901 0.49318 0.331252 0.0422183 0.00144891
 0.196976 0.569456 0.194076 0.0375587 0.00193317
 0.518974 0.381816 0.0799577 0.0180837 0.00116848
 0.0928022 0.601141 0.25162 0.0475244 0.00691264
 0.122501 0.610282 0.24278 0.0234846 0.000952079
 0.383417 0.481906 0.127806 0.00687128 0
 0.0376549 0.599619 0.316969 0.0457579 0
 0.0361596 0.667082 0.258105 0.0386534 0
 0.158088 0.579412 0.248529 0.0139706 0
 0.0477256 0.309471 0.559284 0.082774 0.000745712
 0.0406174 0.521527 0.379366 0.0568643 0.0016247
 0.151134 0.462217 0.34131 0.0453401 0
 0.294876 0.26143 0.354403 0.0886775 0.000613685
 0.281977 0.475581 0.204845 0.0348837 0.00271318
 0.0841818 0.532909 0.334909 0.0458182 0.00218182
 0.115287 0.27431 0.454777 0.147771 0.00785563
pf_pred 
 0.0268598 0.640348 0.293997 0.0387922 2.93603e-06
 0.0744556 0.182631 0.537498 0.181691 0.023724
 0.0168736 0.484597 0.127377 0.269381 0.101771
 0.155526 0.199737 0.400971 0.0631622 0.180604
 0.558594 0.324332 0.0378801 0.0495439 0.0296497
 0.103876 0.829297 0.0529774 0.00451441 0.00933487
 0.542222 0.30561 0.145516 0.00529608 0.00135555
 0.238732 0.728213 0.0256347 0.00710147 0.000318187
 0.288208 0.600632 0.108355 0.00218498 0.000619576
 0.368755 0.564009 0.0611818 0.00590419 0.000149284
 0.169354 0.746401 0.0785596 0.00518141 0.000503456
 0.18936 0.644434 0.156465 0.00909783 0.000644023
 0.312915 0.563399 0.107893 0.0148856 0.000907699
 0.268097 0.689367 0.0387282 0.0033342 0.000473529
 0.261099 0.71816 0.0203809 0.000329832 3.09079e-05
 0.293428 0.684289 0.0220995 0.000181008 3.0539e-06
 0.241229 0.687907 0.0697195 0.00113502 9.21418e-06
 0.299676 0.611939 0.0838841 0.00443003 7.09604e-05
 0.206527 0.697533 0.0886023 0.00697155 0.000366507
 0.251524 0.586464 0.149157 0.0118866 0.000967968
 0.312989 0.58284 0.0897498 0.0132975 0.00112343
 0.218245 0.655981 0.112381 0.0115619 0.0018312
 0.293658 0.544919 0.143316 0.0162045 0.00190261
 0.309127 0.589909 0.0851494 0.0140668 0.00174752
 0.0526066 0.806559 0.127011 0.0116878 0.00213565
 0.0483029 0.373563 0.51748 0.0547761 0.00587776
pobs_RECLAS
 0 0 0 0 0
 0 0 0 0 0
 0 0 0 0 0
 0 0 0 0 0
 0.835266 0.146461 0.0176864 0.000547809 3.91292e-05
 0.385257 0.428462 0.181853 0.0044286 0
 0.867414 0.0963971 0.0333333 0.00285562 0
 0.441836 0.489002 0.0689373 0.000224442 0
 0.779404 0.147425 0.0564933 0.0165055 0.000172143
 0.814271 0.122319 0.05973 0.00367925 0
 0.40263 0.566651 0.0304383 0.000280538 0
 0.475488 0.404961 0.113038 0.00651328 0
 0.955842 0.0263864 0.0167828 0.000988607 0
 0.975058 0.0227948 0.00214734 0 0
 0.738997 0.206755 0.0527124 0.00153531 0
 0.850938 0.134255 0.0134407 0.00136685 0
 0.542534 0.407297 0.0501686 0 0
 0.764087 0.199537 0.0359546 0.000420521 0
 0.470689 0.182191 0.310203 0.0369168 0
 0.84361 0.089868 0.0606195 0.00523954 0.000663233
 0.607945 0.314616 0.071237 0.00620181 0
 0.523733 0.453247 0.0230204 0 0
 0.530135 0.295979 0.169645 0.0042399 0
 0.562478 0.366248 0.0663022 0.0049721 0
 0.250443 0.683176 0.0655157 0.000865301 0
 0.195077 0.31981 0.436473 0.0351445 0.0134964
ppred_RECLAS
 0.0580409 0.518305 0.363837 0.0598125 4.77019e-06
 0.125659 0.11457 0.513697 0.216313 0.0297621
 0.0354591 0.346546 0.132174 0.347494 0.138326
 0.256975 0.117283 0.350231 0.0686565 0.206855
 0.73599 0.159765 0.0285053 0.0464486 0.0292907
 0.252441 0.666381 0.0607402 0.00642986 0.0140088
 0.754543 0.1424 0.0974608 0.00440783 0.00118872
 0.480373 0.486323 0.0244807 0.00842558 0.000397765
 0.545171 0.361074 0.0908033 0.00227242 0.000678913
 0.617789 0.324529 0.0513556 0.00616238 0.000164174
 0.375677 0.53731 0.0798085 0.00653598 0.000669129
 0.392989 0.442034 0.153094 0.0110584 0.000824794
 0.602894 0.306749 0.0764632 0.0130548 0.000838662
 0.650328 0.327705 0.0195876 0.00206974 0.000309605
 0.642816 0.346494 0.0104621 0.000207807 2.05103e-05
 0.573034 0.408785 0.0179955 0.00018275 3.24849e-06
 0.4954 0.441564 0.0617784 0.00124766 1.06714e-05
 0.549573 0.372525 0.0730298 0.00479165 8.08698e-05
 0.412706 0.486806 0.0910788 0.00891459 0.000493814
 0.477048 0.372267 0.136055 0.0134733 0.00115604
 0.538677 0.361228 0.083353 0.0153736 0.00136857
 0.417854 0.449815 0.115129 0.0147429 0.0024604
 0.515778 0.334265 0.129491 0.018213 0.00225323
 0.541127 0.363285 0.0775593 0.0159414 0.00208672
 0.124548 0.690029 0.163135 0.0186893 0.00359838
 0.102733 0.271196 0.546082 0.0718642 0.0081252
pobs_PELACES
 0 0 0 0 0
 0 0 0 0 0
 0 0 0 0 0
 0 0 0 0 0
 0 0 0 0 0
 0 0 0 0 0
 0 0 0 0 0
 0 0 0 0 0
 0 0 0 0 0
 0 0 0 0 0
 0.450072 0.473896 0.0757376 0.000293798 0
 0 0 0 0 0
 0.463077 0.371075 0.160297 0.00555027 0
 0.529543 0.364841 0.0842815 0.0213345 0
 0.631943 0.363953 0.00410389 0 0
 0.735681 0.248677 0.0153453 0.000297389 0
 0.695825 0.281241 0.0229344 0 0
 0.275771 0.60734 0.115278 0.00161068 0
 0 0 0 0 0
 0.896147 0.0623911 0.0374545 0.00400742 0
 0.803859 0.145111 0.0509908 3.86294e-05 0
 0.739449 0.233085 0.0266225 0.000797448 4.60066e-05
 0.878498 0.100942 0.0204185 0.000141795 0
 0.694673 0.275183 0.0284847 0.00165964 0
 0.469039 0.446079 0.0841089 0.000773354 0
 0.822795 0.102175 0.0682046 0.00682512 0
ppred_PELACES
 0.0826762 0.566068 0.30594 0.0453118 3.52234e-06
 0.20078 0.135927 0.463823 0.175883 0.0235871
 0.0761181 0.432564 0.114935 0.271178 0.105205
 0.422025 0.124121 0.267992 0.0472149 0.138646
 0.805635 0.132984 0.0182134 0.0267348 0.0164328
 0.390073 0.56444 0.0350852 0.00333036 0.0070714
 0.863104 0.0915612 0.0431251 0.00174952 0.000459829
 0.631104 0.352831 0.0121445 0.00374837 0.000172459
 0.716693 0.241763 0.0403746 0.000905083 0.000263522
 0.740669 0.23086 0.0256375 0.00276161 7.17049e-05
 0.543991 0.411537 0.0411509 0.0030204 0.000301352
 0.564453 0.347736 0.082106 0.00531795 0.000386558
 0.797467 0.171656 0.0265705 0.00405301 0.000253726
 0.876048 0.119759 0.00378532 0.000355128 5.17568e-05
 0.870617 0.127311 0.00203275 3.58487e-05 3.44728e-06
 0.740522 0.252209 0.00720255 6.54603e-05 1.13395e-06
 0.674591 0.297551 0.0273586 0.000494734 4.12377e-06
 0.700449 0.262285 0.0351629 0.00206899 3.40312e-05
 0.545443 0.396825 0.0528366 0.00464495 0.000250773
 0.64143 0.281093 0.070674 0.00627779 0.000524961
 0.650369 0.291476 0.0492743 0.00817197 0.000709041
 0.538148 0.381246 0.0710905 0.00818406 0.00133119
 0.655496 0.262035 0.0722423 0.00912631 0.00110042
 0.666912 0.281143 0.0429932 0.00793893 0.00101284
 0.182817 0.683774 0.118865 0.0122465 0.00229816
 0.199889 0.308861 0.434301 0.0512965 0.00565246
pobs_pel_tallas
 0 0 0 0 0 0 0 0 0 0 0 0 0 0 0 0 0 0 0 0 0 0 0 0 0 0 0 0 0 0 0 0 0 0 0 0
 0 0 0 0 0 0 0 0 0 0 0 0 0 0 0 0 0 0 0 0 0 0 0 0 0 0 0 0 0 0 0 0 0 0 0 0
 0 0 0 0 0 0 0 0 0 0 0 0 0 0 0 0 0 0 0 0 0 0 0 0 0 0 0 0 0 0 0 0 0 0 0 0
 0 0 0 0 0 0 0 0 0 0 0 0 0 0 0 0 0 0 0 0 0 0 0 0 0 0 0 0 0 0 0 0 0 0 0 0
 0 0 0 0 0 0 0 0 0 0 0 0 0 0 0 0 0 0 0 0 0 0 0 0 0 0 0 0 0 0 0 0 0 0 0 0
 0 0 0 0 0 0 0 0 0 0 0 0 0 0 0 0 0 0 0 0 0 0 0 0 0 0 0 0 0 0 0 0 0 0 0 0
 0 0 0 0 0 0 0 0 0 0 0 0 0 0 0 0 0 0 0 0 0 0 0 0 0 0 0 0 0 0 0 0 0 0 0 0
 0 0 0 0 0 0 0 0 0 0 0 0 0 0 0 0 0 0 0 0 0 0 0 0 0 0 0 0 0 0 0 0 0 0 0 0
 0 0 0 0 0 0 0 0 0 0 0 0 0 0 0 0 0 0 0 0 0 0 0 0 0 0 0 0 0 0 0 0 0 0 0 0
 0 0 0 0 0 0 0 0 0 0 0 0 0 0 0 0 0 0 0 0 0 0 0 0 0 0 0 0 0 0 0 0 0 0 0 0
 0 0 0 0 0 0 0 0 1.78061e-05 0.00172719 0.00360574 0.0105946 0.0120993 0.0124554 0.0147524 0.0171206 0.0266825 0.0428682 0.0675386 0.121331 0.153587 0.119568 0.100827 0.0573624 0.0630603 0.0341343 0.0324427 0.0444173 0.0211091 0.0280891 0.0125444 0.00206551 0 0 0 0
 0 0 0 0 0 0 0 0 0 0 0 0 0 0 0 0 0 0 0 0 0 0 0 0 0 0 0 0 0 0 0 0 0 0 0 0
 0 0 0 0 0 0 0.0133647 0.0140871 0.0187388 0.0205184 0.03894 0.0496705 0.03968 0.0493445 0.0407372 0.0367815 0.0215668 0.0243155 0.0234873 0.0199281 0.019796 0.0243948 0.0301388 0.0376714 0.0412746 0.0863199 0.0771752 0.113111 0.0741005 0.0525337 0.0229764 0.00759418 0.00175318 0 0 0
 0 0 0 0 0 0 0 0 0 0 0.00219441 0.00772107 0.0458388 0.0604681 0.0671733 0.0775358 0.0609151 0.0617685 0.073594 0.0568108 0.0755445 0.0548602 0.0670107 0.0636378 0.0643287 0.046367 0.0373049 0.0286899 0.0247887 0.0153202 0.00654259 0.00121912 0.000365735 0 0 0
 0 0 0 0 0 0 0 0 0 0 0 0 0.000112435 0.00938835 0.0111873 0.0202946 0.0414886 0.0713402 0.111592 0.104902 0.108894 0.110636 0.117776 0.105296 0.107544 0.0401394 0.0192827 0.0124803 0.00416011 0.0028671 0.000618394 0 0 0 0 0
 0 0 0 0 0 0 0 0 0 0 0.00291406 0.0102884 0.027416 0.0768956 0.0749926 0.110853 0.0956884 0.0897413 0.0766577 0.0534642 0.0500743 0.0551293 0.0594112 0.0620874 0.0668451 0.0424026 0.0208742 0.0120726 0.0048766 0.00582813 0.00118941 0.000297354 0 0 0 0
 0 0.00264628 0.0354308 0.0461629 0.0458689 0.0383711 0.0214643 0.0164657 0.0346957 0.0420465 0.0363128 0.0245516 0.0311673 0.0291091 0.0169068 0.0133784 0.00837989 0.0085269 0.0148486 0.0160247 0.0276389 0.0546898 0.0760071 0.122758 0.109233 0.0665981 0.0333725 0.0166128 0.00676272 0.00308733 0.000882094 0 0 0 0 0
 0 0 0 0 0 0 0 0.000805153 0.000690131 0.00759144 0.0133425 0.0154129 0.00931677 0.000345066 0.00356568 0.00563607 0.00851162 0.0253048 0.0502646 0.0516448 0.0657925 0.0565908 0.0611916 0.0827007 0.0866115 0.110766 0.145733 0.0935128 0.0569358 0.0249597 0.0138026 0.00621118 0.00161031 0.00115022 0 0
 0 0 0 0 0 0 0 0 0 0 0 0 0 0 0 0 0 0 0 0 0 0 0 0 0 0 0 0 0 0 0 0 0 0 0 0
 0.00147267 0.00158595 0.00478618 0.00569244 0.00954404 0.0108468 0.00647125 0.017049 0.0510054 0.094081 0.124002 0.0959785 0.0687766 0.0820023 0.061753 0.0591476 0.0492212 0.0479892 0.0443925 0.0268479 0.0217502 0.0140895 0.0121071 0.0120363 0.00920419 0.00665534 0.0049561 0.00860946 0.00930331 0.0156896 0.0114698 0.00855282 0.00243557 0.00046729 0 2.83206e-05
 0 0 0 0 0.000772559 0.00158375 0.000888443 0.00281984 0.00712685 0.0440552 0.0773331 0.111326 0.0921469 0.0852325 0.0710754 0.0886704 0.0786465 0.0553345 0.0373146 0.0185414 0.00753245 0.00457741 0.012979 0.0271748 0.0457355 0.0583668 0.034881 0.0177882 0.00938659 0.00492506 0.0015258 0.00185414 0.000309023 5.79419e-05 3.86279e-05 0
 0 0.00173294 0.00326652 0 0.00397197 0.00683976 0.00946217 0.0152591 0.00757587 0.0136028 0.0228656 0.0392903 0.0559909 0.0764795 0.0681675 0.0726916 0.0566044 0.0477403 0.0527397 0.0444891 0.0609904 0.0582453 0.0661739 0.0445044 0.0529084 0.0360697 0.0280645 0.0235558 0.0158879 0.00826598 0.00280645 0.00217768 0.000904811 0.00058276 9.20147e-05 0
 0 0 0 0 0 0 0 0 0 0 0 0 0 0 0 0 0 0 0 0 0 0 0 0 0 0 0 0 0 0 0 0 0 0 0 0
 0 0 0 0 0 0 0 0 0 0 0 0 0 0 0 0 0 0 0 0 0 0 0 0 0 0 0 0 0 0 0 0 0 0 0 0
 0 0 0 0 0 0 0 0 0 0 0 0 0 0 0 0 0 0 0 0 0 0 0 0 0 0 0 0 0 0 0 0 0 0 0 0
 0 0 0 0 0 0 0 0 0 0 0 0 0 0 0 0 0 0 0 0 0 0 0 0 0 0 0 0 0 0 0 0 0 0 0 0
ppred_pel_tallas
 1.06085e-16 3.64138e-06 2.12857e-05 0.000101003 0.000388565 0.00121143 0.00306059 0.00626693 0.0104055 0.0140269 0.0154029 0.0139168 0.0106836 0.00769323 0.00646543 0.00751799 0.010733 0.0158607 0.0226825 0.0309082 0.0400431 0.0493531 0.0579437 0.0649202 0.069572 0.0715185 0.0707707 0.0676871 0.0628508 0.0569132 0.0504599 0.0439326 0.0376167 0.0316726 0.026186 0.0212096
 1.13774e-16 8.77404e-06 5.14579e-05 0.000244532 0.000941335 0.00293533 0.00741449 0.0151722 0.0251541 0.0337954 0.0368134 0.0325612 0.0235044 0.0141183 0.00761671 0.00469684 0.0045217 0.00609798 0.00886503 0.0126234 0.0173026 0.0228101 0.028975 0.0355433 0.0421956 0.0485714 0.0542959 0.0590036 0.0623653 0.0641175 0.0640957 0.0622643 0.0587359 0.0537677 0.0477354 0.0410842
 1.16007e-16 3.349e-06 1.95839e-05 9.29452e-05 0.000357597 0.0011149 0.0028166 0.00576662 0.00957217 0.0128957 0.0141399 0.0127268 0.00966578 0.00676432 0.00538906 0.00597968 0.00839388 0.0123839 0.0177625 0.024324 0.0317299 0.0394738 0.0469342 0.0534891 0.0586451 0.0621342 0.0639461 0.0642818 0.0634547 0.0617762 0.0594702 0.0566423 0.053303 0.0494252 0.0450077 0.0401176
 1.11946e-16 1.84203e-05 0.000108092 0.000513784 0.00197803 0.00616825 0.0155805 0.0318803 0.052847 0.070978 0.0772538 0.0681809 0.0488888 0.0287019 0.0142565 0.00686006 0.00456231 0.00506775 0.0070026 0.00980168 0.0132587 0.0172403 0.0215846 0.0260897 0.0305332 0.0346946 0.0383708 0.0413822 0.0435736 0.0448171 0.0450203 0.0441414 0.0422066 0.0393194 0.0356585 0.0314606
 1.01989e-16 3.51475e-05 0.000206296 0.000980655 0.0037756 0.0117739 0.0297399 0.0608513 0.100866 0.135455 0.147389 0.129977 0.0929731 0.0541216 0.0260076 0.0110154 0.00528382 0.00427662 0.00521817 0.00690164 0.00885675 0.0108274 0.0125931 0.0139543 0.0147651 0.0149649 0.014589 0.0137535 0.0126198 0.0113531 0.0100863 0.00890225 0.00783272 0.00687237 0.00599761 0.00518366
 1.01127e-16 1.70446e-05 9.99761e-05 0.00047511 0.00182898 0.00570332 0.0144067 0.0294817 0.0488833 0.0656916 0.071598 0.0634222 0.0459832 0.0280129 0.0157923 0.0106946 0.011062 0.014841 0.020684 0.0277866 0.0354503 0.0428609 0.0491061 0.0533313 0.0549315 0.0536987 0.0498724 0.0440714 0.0371352 0.0299285 0.02317 0.0173329 0.0126254 0.00903736 0.00641949 0.00456409
 1.00724e-16 3.76518e-05 0.000221002 0.00105058 0.00404484 0.0126135 0.0318606 0.0651901 0.108057 0.145107 0.157879 0.139199 0.0995078 0.0578001 0.0275406 0.0112614 0.00480459 0.00329565 0.00376052 0.0049268 0.00633501 0.00777536 0.00908572 0.0101194 0.0107638 0.0109621 0.0107231 0.0101136 0.009237 0.00820729 0.00712573 0.00606735 0.00507831 0.00418103 0.00338297 0.00268438
 1.00425e-16 2.7546e-05 0.000161648 0.00076835 0.0029581 0.00922449 0.0233006 0.0476777 0.0790371 0.106163 0.115574 0.102059 0.073306 0.0432833 0.0219413 0.0112533 0.00829615 0.00958154 0.0129264 0.0172676 0.0219942 0.0265545 0.0303699 0.0329062 0.0337885 0.0328925 0.0303761 0.0266357 0.0222059 0.0176356 0.0133801 0.00973786 0.00683758 0.00466814 0.00312887 0.00208109
 1.00696e-16 3.12737e-05 0.000183543 0.000872463 0.003359 0.0104747 0.0264584 0.0541379 0.0897418 0.120528 0.131176 0.115748 0.0829479 0.0485934 0.0239271 0.0111239 0.00680107 0.00695783 0.00912296 0.0121664 0.0155503 0.0188717 0.0217293 0.0237511 0.024668 0.0243757 0.0229575 0.0206572 0.0178149 0.0147856 0.0118699 0.00927186 0.0070911 0.00534065 0.00397803 0.00293616
 1.00538e-16 3.23187e-05 0.000189679 0.000901637 0.00347133 0.010825 0.0273432 0.0559482 0.0927421 0.124555 0.135554 0.1196 0.0856826 0.0501436 0.0245936 0.0112703 0.00666785 0.00664341 0.00864004 0.0114948 0.0146667 0.0177632 0.0204001 0.0222242 0.0229833 0.0225853 0.0211194 0.018829 0.0160484 0.0131245 0.0103479 0.00791285 0.00590952 0.00434189 0.00315897 0.00228598
 1.00837e-16 2.375e-05 0.000139356 0.00066236 0.00254999 0.0079518 0.0200859 0.0411007 0.0681375 0.0915325 0.0996733 0.0880799 0.0634016 0.0377094 0.0196226 0.0108917 0.00904627 0.0111153 0.0152221 0.0204096 0.0260561 0.0315424 0.0361977 0.0393953 0.0406875 0.0399135 0.0372364 0.0330951 0.028091 0.0228466 0.0178834 0.013549 0.0100033 0.00725059 0.00519579 0.00370071
 1.0148e-16 2.46397e-05 0.000144586 0.000687233 0.00264578 0.00825053 0.0208404 0.042644 0.0706938 0.0949599 0.103388 0.0913208 0.0656437 0.0388617 0.0198912 0.0105187 0.00815353 0.00969846 0.0132168 0.0177611 0.0227709 0.02772 0.0320416 0.0351988 0.0367955 0.0366661 0.0349101 0.0318545 0.0279646 0.0237314 0.0195745 0.0157837 0.0125086 0.00978289 0.00756623 0.0057856
 1.00585e-16 3.47929e-05 0.000204211 0.000970733 0.00373739 0.0116547 0.0294389 0.0602357 0.0998469 0.13409 0.145913 0.128696 0.092105 0.053712 0.0259898 0.0113143 0.00587868 0.00520092 0.00652919 0.00864596 0.0110416 0.0134002 0.0154319 0.0168724 0.0175315 0.0173355 0.0163441 0.0147303 0.0127348 0.0106084 0.00856246 0.00673977 0.00520883 0.00397705 0.00301316 0.00226929
 1.00108e-16 3.82173e-05 0.00022432 0.00106634 0.00410553 0.0128028 0.0323387 0.0661686 0.109679 0.147288 0.160257 0.141308 0.101042 0.0587444 0.028089 0.0116534 0.0052225 0.00384836 0.00450262 0.0058717 0.00745437 0.00899384 0.0102808 0.0111321 0.0114204 0.0111038 0.0102366 0.00895403 0.00743863 0.00587764 0.00442652 0.00318711 0.00220344 0.00147162 0.000957036 0.000611877
 1.00072e-16 3.79808e-05 0.00022293 0.00105974 0.00408009 0.0127234 0.0321383 0.0657586 0.109 0.146376 0.159267 0.140439 0.100431 0.0584091 0.027966 0.0116666 0.00532523 0.00402652 0.00476034 0.00621701 0.00789007 0.00951251 0.0108629 0.0117468 0.0120298 0.0116685 0.0107225 0.00933747 0.00770942 0.0060391 0.00449289 0.00317939 0.00214492 0.00138415 0.000858545 0.000515323
 1.00187e-16 3.23131e-05 0.000189644 0.000901468 0.00347067 0.010823 0.027338 0.0559378 0.0927254 0.124534 0.135536 0.119595 0.0857019 0.0502013 0.0247077 0.0114656 0.00697576 0.00709845 0.00927227 0.0123199 0.0156754 0.0189132 0.0216136 0.0233939 0.0239865 0.0233041 0.0214617 0.0187455 0.0155408 0.0122432 0.0091811 0.00656943 0.00450107 0.00296748 0.00189498 0.00118185
 1.00503e-16 2.94401e-05 0.000172773 0.00082125 0.0031618 0.00985972 0.024905 0.0509601 0.0844762 0.113462 0.123502 0.109016 0.0782072 0.0459854 0.0229574 0.0111996 0.00755545 0.00827673 0.0110338 0.0147287 0.0187865 0.022729 0.0260656 0.0283422 0.0292364 0.0286333 0.0266536 0.0236179 0.0199642 0.0161459 0.0125426 0.00940683 0.0068543 0.00488694 0.00343369 0.00239165
 1.00658e-16 3.05662e-05 0.000179388 0.000852703 0.00328291 0.0102374 0.025859 0.0529118 0.0877101 0.117801 0.128214 0.11315 0.081117 0.0475838 0.023547 0.0111431 0.00707641 0.00744334 0.00982744 0.0131118 0.0167452 0.0202975 0.0233346 0.0254547 0.0263689 0.0259693 0.0243528 0.0217911 0.0186597 0.0153493 0.0121887 0.00939902 0.00708524 0.00525587 0.00385786 0.00281114
 1.01051e-16 2.38127e-05 0.000139726 0.00066412 0.00255677 0.00797295 0.0201393 0.0412099 0.0683181 0.0917738 0.0999326 0.0883011 0.0635434 0.037759 0.019585 0.0107713 0.00883589 0.0107978 0.0147785 0.0198285 0.0253425 0.0307236 0.0353254 0.0385414 0.0399354 0.0393434 0.0369121 0.0330517 0.0283297 0.0233359 0.0185666 0.0143552 0.0108597 0.00809231 0.00597281 0.00438051
 1.01336e-16 2.79936e-05 0.000164282 0.000780885 0.00300639 0.00937508 0.0236809 0.0484552 0.080324 0.107885 0.117433 0.103661 0.0743709 0.0437407 0.0218586 0.0107031 0.00727914 0.00803128 0.0107555 0.0144208 0.0184935 0.02253 0.0260692 0.0286761 0.0300287 0.0299905 0.0286373 0.0262285 0.0231351 0.0197492 0.0164065 0.0133397 0.0106701 0.00842734 0.00658282 0.00508234
 1.01109e-16 2.83837e-05 0.000166572 0.000791768 0.00304829 0.00950574 0.0240109 0.0491306 0.0814437 0.109389 0.119071 0.105109 0.0754146 0.0443635 0.022186 0.0108884 0.00743387 0.00821506 0.0109924 0.0147127 0.0188239 0.0228643 0.0263556 0.0288507 0.030025 0.0297509 0.0281257 0.0254387 0.0220939 0.018513 0.0150522 0.0119525 0.00933101 0.00720263 0.00551798 0.00420015
 1.01477e-16 2.3494e-05 0.000137857 0.000655235 0.00252257 0.00786629 0.0198699 0.0406585 0.0674038 0.0905449 0.0985927 0.0871129 0.062679 0.0372271 0.0192762 0.0105505 0.00860026 0.0104855 0.0143579 0.019291 0.0247024 0.0300213 0.0346283 0.0379379 0.0395232 0.0392138 0.0371326 0.0336532 0.0292999 0.0246215 0.0200829 0.0160004 0.0125301 0.00969611 0.00743875 0.0056623
 1.01476e-16 2.86061e-05 0.00016788 0.000797994 0.00307227 0.00958053 0.0241998 0.0495169 0.0820831 0.110246 0.119996 0.105909 0.0759536 0.04461 0.0221789 0.0106716 0.00701713 0.00757538 0.0100949 0.0135341 0.0173721 0.0211914 0.0245619 0.0270772 0.0284351 0.0285034 0.0273466 0.0251988 0.0223974 0.0193007 0.0162158 0.0133568 0.0108373 0.00868801 0.00688835 0.0053951
 1.01023e-16 2.91046e-05 0.000170805 0.000811897 0.00312579 0.00974744 0.0246214 0.0503797 0.0835137 0.112168 0.122091 0.107764 0.0772969 0.0454246 0.0226308 0.0109645 0.00730301 0.00794089 0.0105801 0.0141468 0.01809 0.0219596 0.0252934 0.0276609 0.0287505 0.0284421 0.0268329 0.024206 0.0209545 0.0174881 0.0141519 0.0111783 0.0086784 0.00666357 0.00508234 0.00385658
 1.02439e-16 8.0123e-06 4.69371e-05 0.000222931 0.000857983 0.00267527 0.00675823 0.0138334 0.0229498 0.0308798 0.0337583 0.0301461 0.0223841 0.014687 0.0101621 0.00964544 0.0125511 0.0180536 0.0255394 0.03447 0.0441455 0.0536223 0.0618034 0.0676423 0.0703767 0.0697068 0.0658607 0.0595178 0.0516275 0.0431822 0.035021 0.0277133 0.0215373 0.016531 0.0125798 0.00950293
 1.08293e-16 8.7423e-06 5.12554e-05 0.000243533 0.000937429 0.0029231 0.00738381 0.0151107 0.025057 0.0336794 0.0367251 0.0325734 0.0237094 0.0146326 0.00860008 0.00636985 0.00716532 0.010024 0.014357 0.0198542 0.0262444 0.0331599 0.040124 0.0466102 0.0521294 0.0563062 0.0589227 0.059919 0.0593607 0.0573932 0.0542036 0.0500009 0.0450148 0.0394982 0.0337263 0.0279808
pSPR Fmed_Fpbrs
0.499005   0.6 0.325
Fs Fmed_Fpbrs
0.68   0.441087 1.53902
SSBpbr Bo_Bmed_Bpbrs
543203  243901  298761 149381
Ro
19148.9
SPR SPRFo_SPRFmed_SPRFpbrs
395508 197360 128540
log_Ro
9.68
likeval ReclasPelacesDesembMPH_pf_preclas_ppelaces_ptallas_desvR_qrecl_qpela
 72.3041 14.3156 0.22621 0.000470088 371.659 209.11 93.0628 0 35.1417 0.00014516 0.000462084 9.66519e-15 0 0 0
q_reclas_q_pelaces
5.51397 21.2903
M
0.7
N
 13119.7 35767 12728.5 1665.33 0.126011
 21864.1 6388.81 14779.6 4956.49 647.034
 2319.93 10524.4 2367.88 4983.73 1882.57
 5638.88 1022.33 1702.3 266.568 762.085
 38430.9 2578.88 234.322 303.931 181.844
 13925.5 18658.6 1036.21 87.9253 181.789
 65144.5 6007.24 2470.76 89.5225 22.9106
 55808.1 28358.6 866.241 238.939 10.7045
 64238.6 24139.2 3850.58 77.3631 21.9348
 114115 26985.8 2491.35 239.224 6.04776
 66104.1 50656.3 4674.82 307.112 29.8374
 49245.6 28151.1 5943.06 344.105 24.3557
 55538.3 21237.5 3717.26 511.537 31.1903
 29384.9 21818.6 1168.15 100.434 14.2633
 12379.6 9832.56 265.928 4.29785 0.402727
 9279.37 4142.36 119.841 0.978398 0.0165056
 7208.75 3808.15 343.329 5.57003 0.0452132
 8813.2 2996.96 356.452 18.7437 0.300199
 7613.88 3812.52 407.401 31.8827 1.67587
 8975.94 3427.45 753.172 59.7543 4.86538
 15495.4 3906.04 492.64 72.5257 6.12613
 17334.9 7180.52 1013.04 103.58 16.4023
 29038.7 7988.34 1767.42 198.76 23.3333
 47129.5 13072.3 1578.44 259.3 32.2076
 10410.9 21353.4 2744.11 250.878 45.8325
 3991.23 4841.97 5730.62 603.657 64.7662
pred_Ctot
 183.057 4364.15 2003.67 264.38 0.0200098
 483.169 1185.16 3488.01 1179.06 153.953
 189.147 5432.16 1427.85 3019.67 1140.82
 322.026 413.568 830.235 130.781 373.953
 617.139 358.324 41.8502 54.7364 32.7572
 1325.62 10583.2 676.076 57.6111 119.128
 5824.27 3282.7 1563.06 56.8877 14.5606
 5217.8 15916 560.279 155.212 6.95439
 7185.75 14975.2 2701.56 54.4771 15.4476
 8762.68 13402.5 1453.85 140.301 3.54742
 6831.05 30106.8 3168.77 208.997 20.3073
 4697.28 15985.9 3881.28 225.682 15.9757
 8456.35 15225.6 2915.74 402.276 24.5301
 7050.64 18129.5 1018.51 87.6855 12.4532
 2970.37 8170.07 231.861 3.75231 0.351621
 1171.15 2731.17 88.2049 0.722449 0.0121889
 852.71 2431.65 246.449 4.01215 0.0325708
 823.309 1681.2 230.457 12.1708 0.194952
 514.837 1738.83 220.871 17.3789 0.913642
 804.477 1875.75 477.065 38.0181 3.09595
 747.752 1392.45 214.418 31.7687 2.68395
 901.661 2710.13 464.292 47.767 7.56545
 1963.13 3642.84 958.078 108.328 12.7191
 2985.28 5696.82 822.297 135.845 16.876
 476.711 7308.88 1150.95 105.913 19.3528
 319.238 2468.91 3420.07 362.021 38.8466
F
 0.0195697 0.183774 0.243149 0.245456 0.245524
 0.0311533 0.292552 0.387072 0.390746 0.390854
 0.119449 1.12171 1.48412 1.49821 1.49862
 0.0823305 0.773144 1.02294 1.03264 1.03293
 0.0225526 0.211785 0.28021 0.28287 0.282948
 0.140754 1.32178 1.74883 1.76543 1.76592
 0.131678 1.23656 1.63607 1.6516 1.65206
 0.138083 1.29671 1.71565 1.73194 1.73242
 0.167293 1.57101 2.07858 2.09831 2.09889
 0.112145 1.05312 1.39337 1.40659 1.40698
 0.153645 1.44284 1.909 1.92712 1.92765
 0.141054 1.3246 1.75256 1.76919 1.76968
 0.23431 2.20034 2.91124 2.93887 2.93969
 0.394782 3.70729 4.90506 4.95162 4.95299
 0.394782 3.70729 4.90506 4.95162 4.95299
 0.190649 1.79033 2.36876 2.39125 2.39191
 0.177696 1.6687 2.20783 2.22879 2.22941
 0.137961 1.29556 1.71413 1.7304 1.73088
 0.0981553 0.921751 1.21956 1.23113 1.23147
 0.132023 1.23979 1.64035 1.65592 1.65638
 0.0691711 0.649568 0.859434 0.867591 0.867831
 0.0747389 0.701854 0.928612 0.937427 0.937686
 0.0981337 0.921548 1.21929 1.23086 1.2312
 0.09169 0.861037 1.13923 1.15004 1.15036
 0.0655311 0.615385 0.814207 0.821936 0.822163
 0.117062 1.0993 1.45447 1.46828 1.46868
Np
 12701.3 6089.38 629.322 256.97 280.165
YTP_r0W_actual
 2873.14 62710.4 120729 14987.7 1748.1
YTP_p0W_proyectada
 2592.81 7848.14 6563.04 7008.45 900.621
 2592.81 27106.8 5156.84 2710.05 3279.62
CTP_r0_actual
 319.238 2468.91 3420.07 362.021 38.8466
CTP_p0_proyectada
 316.196 363.34 209.014 174.774 20.2387
 316.196 1254.95 164.23 67.5823 73.6992
Wmedp
 8.2 21.6 31.4 40.1 44.5
nmprior
 10.6 11 7 0
nm_flota  nm_reclas  nm_pelaces    nm_pelaL
inf 20.9067 12.7193 35.1761
cv_recla  cv_pelaces  cv_mph
0.752236 0.414473 0.590096
 ------------------------------------------------
Talla a la edad & desviaci?n 
 7.2 14.2025 17.0495 18.207 18.6776
 1.08 2.13037 2.55742 2.73105 2.80164
