years
 1997 1998 1999 2000 2001 2002 2003 2004 2005 2006 2007 2008 2009 2010 2011 2012 2013 2014 2015 2016 2017 2018 2019 2020 2021 2022
reclasobs
 0 0 0 370054 412103 1.49427e+06 250295 1.28982e+06 931140 785840 897777 1.04006e+06 184774 17550 25797 100020 73551 82996 120727 218422 84188 347160 605670 569463 516374 1.08416e+06
reclaspred
 2.40125e+06 399798 676758 201335 256342 349041 681856 633238 658997 844777 934920 701098 377264 144892 80106.9 77268.3 80990.7 109201 135205 136853 204166 225313 358163 469777 720328 436028
pelacesobs
 0 0 0 0 0 0 0 0 0 2.06254e+06 1.5e+06 0 1.87456e+06 323000 250000 174000 83755 137374 0 501740 490994 745055 786931 1.00524e+06 1.33801e+06 1.41789e+06
pelacespred
 5.28298e+06 1.92007e+06 785445 556604 813526 655877 2.15113e+06 1.92497e+06 1.8212e+06 2.56849e+06 2.23769e+06 1.71357e+06 964936 302163 169875 168712 182507 265392 318633 297096 584223 593791 706876 1.12478e+06 1.60822e+06 842379
mphobs
 0 0 0 0 0 112323 0 153150 637223 0 255016 313432 73983 77613 109348 50772 17779 17303 59886 28197 0 207744 136588 643089 65757 0
mphpred
 532404 213607 166812 68414.3 53462.3 142482 162230 297622 259797 288634 398650 278416 173448 99758.1 47415.2 33488.9 30187.8 36572.7 47597.5 45223.1 58346.2 79756.1 92817.6 133296 221007 147139
desembarqueobs
 350755 77701 442110 56441 14545 235359 269955 359681 431902 328805 639364 411747 362871 311530 167758 66681 60226 58785 57116 73181 50977 67692 138656 160484 209506 203330
desembarquepred
 350733 77664 441510 56416.3 14543.3 235199 269902 359124 431417 328520 638232 411061 362152 310945 167240 66606 60193.7 58700.7 57033.1 73093.6 50961.2 67621.7 138542 160377 209310 203076
Reclutas
 14208.3 41308.2 3023.56 6592.69 38287.6 14607.1 64937.9 56565.4 66186.7 114680 66753.1 48638.7 54927.3 29323.4 12348.5 9433.68 7279.65 8899.17 7744.71 9348.29 15780.9 17789 29943 47412 10797.7 4596.2
log_desv_Rt
 -0.358418 0.708817 -1.90581 -1.12628 0.632881 -0.330736 1.16119 1.02315 1.18023 1.7299 1.18876 0.872174 0.993765 0.36614 -0.49871 -0.767959 -1.02716 -0.826286 -0.965235 -0.777052 -0.253446 -0.133666 0.387052 0.84663 -0.632911 -1.48702
SSB
 749614 300754 234869 96326.1 75273.9 200612 228417 419046 365790 406391 561292 392005 244212 140457 66759.6 47151.7 42503.9 51493.7 67016.4 63673.2 82150.3 112295 130685 187679 311173 207170
BT
 1.27429e+06 437459 366228 157457 262822 313785 1.06026e+06 953268 1.0048e+06 1.15058e+06 1.17888e+06 832795 682075 393875 198986 105920 105854 130236 122029 138222 212935 186628 270022 435782 453948 305303
Ftot
 0.448773 0.713069 1.74388 0.957313 0.253363 1.7561 1.59129 1.76685 2.09009 1.38959 1.93249 1.73732 2.89561 4.95303 4.95303 2.42154 2.2249 1.72329 1.24002 1.63176 0.846138 0.925275 1.20278 1.12866 0.825239 1.3822
BD_Bspro_t
 0.946176 0.678134 0.524748 0.189402 0.245235 0.508638 0.39328 0.491708 0.410068 0.395144 0.436925 0.291635 0.204638 0.141764 0.0819056 0.0719353 0.0901013 0.148276 0.227412 0.262461 0.345241 0.482942 0.476997 0.493095 0.542961 0.365855
BD_Bspro
 1.78495 0.716141 0.559258 0.229367 0.179239 0.477687 0.543895 0.997812 0.871001 0.967678 1.33652 0.933423 0.581505 0.334451 0.158965 0.112275 0.101208 0.122614 0.159576 0.151616 0.195612 0.267392 0.311182 0.446892 0.74095 0.493302
BD_Bo
 1.53833 0.617195 0.481988 0.197677 0.154474 0.411688 0.468748 0.859949 0.750659 0.833979 1.15186 0.804457 0.501161 0.288241 0.137001 0.0967628 0.0872247 0.105673 0.137528 0.130668 0.168586 0.230447 0.268187 0.385147 0.638577 0.425145
BD_Brms
 2.79696 1.12217 0.876342 0.359412 0.280862 0.748523 0.852269 1.56354 1.36484 1.51633 2.09429 1.46265 0.911203 0.524075 0.249094 0.175932 0.15859 0.192133 0.250052 0.237578 0.306519 0.418995 0.487613 0.700267 1.16105 0.772991
S_f
 0.0776379 0.708408 0.985939 0.999506 0.999983
 0.0776379 0.708408 0.985939 0.999506 0.999983
 0.0776379 0.708408 0.985939 0.999506 0.999983
 0.0776379 0.708408 0.985939 0.999506 0.999983
 0.0776379 0.708408 0.985939 0.999506 0.999983
 0.0776379 0.708408 0.985939 0.999506 0.999983
 0.0776379 0.708408 0.985939 0.999506 0.999983
 0.0776379 0.708408 0.985939 0.999506 0.999983
 0.0776379 0.708408 0.985939 0.999506 0.999983
 0.0776379 0.708408 0.985939 0.999506 0.999983
 0.0776379 0.708408 0.985939 0.999506 0.999983
 0.0776379 0.708408 0.985939 0.999506 0.999983
 0.0776379 0.708408 0.985939 0.999506 0.999983
 0.0776379 0.708408 0.985939 0.999506 0.999983
 0.0776379 0.708408 0.985939 0.999506 0.999983
 0.0776379 0.708408 0.985939 0.999506 0.999983
 0.0776379 0.708408 0.985939 0.999506 0.999983
 0.0776379 0.708408 0.985939 0.999506 0.999983
 0.0776379 0.708408 0.985939 0.999506 0.999983
 0.0776379 0.708408 0.985939 0.999506 0.999983
 0.0776379 0.708408 0.985939 0.999506 0.999983
 0.0776379 0.708408 0.985939 0.999506 0.999983
 0.0776379 0.708408 0.985939 0.999506 0.999983
 0.0776379 0.708408 0.985939 0.999506 0.999983
 0.0776379 0.708408 0.985939 0.999506 0.999983
 0.0776379 0.708408 0.985939 0.999506 0.999983
Scru_reclas
 0.127291 0.423314 0.786971 0.948957 0.989425
 0.127291 0.423314 0.786971 0.948957 0.989425
 0.127291 0.423314 0.786971 0.948957 0.989425
 0.127291 0.423314 0.786971 0.948957 0.989425
 0.127291 0.423314 0.786971 0.948957 0.989425
 0.127291 0.423314 0.786971 0.948957 0.989425
 0.127291 0.423314 0.786971 0.948957 0.989425
 0.127291 0.423314 0.786971 0.948957 0.989425
 0.127291 0.423314 0.786971 0.948957 0.989425
 0.127291 0.423314 0.786971 0.948957 0.989425
 0.127291 0.423314 0.786971 0.948957 0.989425
 0.127291 0.423314 0.786971 0.948957 0.989425
 0.127291 0.423314 0.786971 0.948957 0.989425
 0.127291 0.423314 0.786971 0.948957 0.989425
 0.127291 0.423314 0.786971 0.948957 0.989425
 0.127291 0.423314 0.786971 0.948957 0.989425
 0.127291 0.423314 0.786971 0.948957 0.989425
 0.127291 0.423314 0.786971 0.948957 0.989425
 0.127291 0.423314 0.786971 0.948957 0.989425
 0.127291 0.423314 0.786971 0.948957 0.989425
 0.127291 0.423314 0.786971 0.948957 0.989425
 0.127291 0.423314 0.786971 0.948957 0.989425
 0.127291 0.423314 0.786971 0.948957 0.989425
 0.127291 0.423314 0.786971 0.948957 0.989425
 0.127291 0.423314 0.786971 0.948957 0.989425
 0.127291 0.423314 0.786971 0.948957 0.989425
Scru_pelaces
 0.211355 0.574238 0.871592 0.971558 0.994217
 0.211355 0.574238 0.871592 0.971558 0.994217
 0.211355 0.574238 0.871592 0.971558 0.994217
 0.211355 0.574238 0.871592 0.971558 0.994217
 0.211355 0.574238 0.871592 0.971558 0.994217
 0.211355 0.574238 0.871592 0.971558 0.994217
 0.211355 0.574238 0.871592 0.971558 0.994217
 0.211355 0.574238 0.871592 0.971558 0.994217
 0.211355 0.574238 0.871592 0.971558 0.994217
 0.211355 0.574238 0.871592 0.971558 0.994217
 0.211355 0.574238 0.871592 0.971558 0.994217
 0.211355 0.574238 0.871592 0.971558 0.994217
 0.211355 0.574238 0.871592 0.971558 0.994217
 0.211355 0.574238 0.871592 0.971558 0.994217
 0.211355 0.574238 0.871592 0.971558 0.994217
 0.211355 0.574238 0.871592 0.971558 0.994217
 0.211355 0.574238 0.871592 0.971558 0.994217
 0.211355 0.574238 0.871592 0.971558 0.994217
 0.211355 0.574238 0.871592 0.971558 0.994217
 0.211355 0.574238 0.871592 0.971558 0.994217
 0.211355 0.574238 0.871592 0.971558 0.994217
 0.211355 0.574238 0.871592 0.971558 0.994217
 0.211355 0.574238 0.871592 0.971558 0.994217
 0.211355 0.574238 0.871592 0.971558 0.994217
 0.211355 0.574238 0.871592 0.971558 0.994217
 0.211355 0.574238 0.871592 0.971558 0.994217
pf_obs 
 0.256992 0.487395 0.22802 0.0275931 0
 0.321318 0.546541 0.124235 0.00734118 0.000564706
 0.182869 0.594174 0.210203 0.0122559 0.00049798
 0.330522 0.361315 0.267642 0.0388342 0.00168674
 0.649043 0.306663 0.0425973 0.00169635 0
 0.582887 0.30429 0.105238 0.00758474 0
 0.465427 0.430635 0.0974691 0.00646863 0
 0.296916 0.608066 0.0921331 0.00288517 0
 0.311714 0.524322 0.152257 0.0117073 0
 0.15457 0.633149 0.183074 0.0267441 0.00246327
 0.131901 0.49318 0.331252 0.0422183 0.00144891
 0.196976 0.569456 0.194076 0.0375587 0.00193317
 0.518974 0.381816 0.0799577 0.0180837 0.00116848
 0.0928022 0.601141 0.25162 0.0475244 0.00691264
 0.122501 0.610282 0.24278 0.0234846 0.000952079
 0.383417 0.481906 0.127806 0.00687128 0
 0.0376549 0.599619 0.316969 0.0457579 0
 0.0361596 0.667082 0.258105 0.0386534 0
 0.158088 0.579412 0.248529 0.0139706 0
 0.0477256 0.309471 0.559284 0.082774 0.000745712
 0.0406174 0.521527 0.379366 0.0568643 0.0016247
 0.151134 0.462217 0.34131 0.0453401 0
 0.294876 0.26143 0.354403 0.0886775 0.000613685
 0.281977 0.475581 0.204845 0.0348837 0.00271318
 0.0841818 0.532909 0.334909 0.0458182 0.00218182
 0.115287 0.27431 0.454777 0.147771 0.00785563
pf_pred 
 0.0505295 0.631977 0.280009 0.0374795 5.13994e-06
 0.210576 0.262429 0.393827 0.117679 0.0154891
 0.0199731 0.762941 0.0951469 0.0915721 0.0303672
 0.147511 0.208741 0.561347 0.0367221 0.0456797
 0.509347 0.344204 0.0505608 0.0838462 0.0120418
 0.10684 0.809333 0.0648594 0.00661491 0.0123521
 0.521303 0.312469 0.157756 0.00659976 0.00187208
 0.241198 0.719641 0.0304283 0.00829903 0.000433261
 0.289537 0.593386 0.113875 0.00250448 0.000697499
 0.360525 0.565002 0.0679644 0.00633586 0.000172251
 0.168355 0.73752 0.0876376 0.0059337 0.00055363
 0.182023 0.636261 0.17079 0.010195 0.00073105
 0.304057 0.555954 0.121835 0.0170922 0.00106141
 0.264035 0.686392 0.0450454 0.00396179 0.0005654
 0.255878 0.718784 0.024911 0.00039051 3.66167e-05
 0.294965 0.677515 0.0272893 0.000226522 3.62433e-06
 0.238123 0.684688 0.0758042 0.00137329 1.11575e-05
 0.296086 0.604838 0.0940853 0.00490505 8.65016e-05
 0.206918 0.687332 0.0973683 0.00797127 0.000410651
 0.252898 0.576032 0.157069 0.012916 0.00108502
 0.306087 0.579846 0.0983996 0.0144184 0.00124923
 0.217636 0.643689 0.123473 0.0131508 0.00205131
 0.291094 0.536494 0.152203 0.0180357 0.00217358
 0.301161 0.587555 0.0936959 0.0155701 0.00201822
 0.0537897 0.789439 0.140944 0.0133742 0.00245276
 0.0513115 0.361701 0.521927 0.0586116 0.00644817
pobs_RECLAS
 0 0 0 0 0
 0 0 0 0 0
 0 0 0 0 0
 0 0 0 0 0
 0.835266 0.146461 0.0176864 0.000547809 3.91292e-05
 0.385257 0.428462 0.181853 0.0044286 0
 0.867414 0.0963971 0.0333333 0.00285562 0
 0.441836 0.489002 0.0689373 0.000224442 0
 0.779404 0.147425 0.0564933 0.0165055 0.000172143
 0.814271 0.122319 0.05973 0.00367925 0
 0.40263 0.566651 0.0304383 0.000280538 0
 0.475488 0.404961 0.113038 0.00651328 0
 0.955842 0.0263864 0.0167828 0.000988607 0
 0.975058 0.0227948 0.00214734 0 0
 0.738997 0.206755 0.0527124 0.00153531 0
 0.850938 0.134255 0.0134407 0.00136685 0
 0.542534 0.407297 0.0501686 0 0
 0.764087 0.199537 0.0359546 0.000420521 0
 0.470689 0.182191 0.310203 0.0369168 0
 0.84361 0.089868 0.0606195 0.00523954 0.000663233
 0.607945 0.314616 0.071237 0.00620181 0
 0.523733 0.453247 0.0230204 0 0
 0.530135 0.295979 0.169645 0.0042399 0
 0.562478 0.366248 0.0663022 0.0049721 0
 0.250443 0.683176 0.0655157 0.000865301 0
 0.195077 0.31981 0.436473 0.0351445 0.0134964
ppred_RECLAS
 0.117692 0.525647 0.307693 0.0489604 6.99729e-06
 0.378028 0.16561 0.325106 0.115424 0.0158319
 0.0552263 0.680173 0.104436 0.119033 0.0411313
 0.28623 0.139993 0.486922 0.0378239 0.0490303
 0.714732 0.174191 0.0339982 0.0670443 0.0100345
 0.265578 0.647839 0.0638624 0.00771305 0.0150073
 0.753317 0.147819 0.0928975 0.00460527 0.0013612
 0.493441 0.473567 0.0246108 0.00794855 0.000432385
 0.559365 0.356025 0.0818638 0.00212909 0.000617816
 0.620668 0.324486 0.0492479 0.00544426 0.000154233
 0.384345 0.532168 0.0767402 0.00614852 0.000597744
 0.39541 0.445939 0.147449 0.0104238 0.000778842
 0.602504 0.308903 0.0753384 0.0124493 0.000805391
 0.644518 0.333901 0.0193109 0.00197649 0.000293734
 0.634017 0.354926 0.0108402 0.000197756 1.93095e-05
 0.582027 0.399072 0.018714 0.000183414 3.05748e-06
 0.500781 0.440234 0.0577378 0.00123617 1.04644e-05
 0.557231 0.367788 0.0705449 0.00435586 8.00421e-05
 0.426272 0.478563 0.0863302 0.00838527 0.000450145
 0.494874 0.367548 0.124398 0.0121197 0.00106089
 0.545469 0.36001 0.0794456 0.0138271 0.00124842
 0.431647 0.442286 0.109906 0.0139012 0.00225961
 0.529975 0.331151 0.119898 0.0168584 0.00211715
 0.545879 0.363258 0.0742426 0.0146426 0.00197784
 0.133861 0.685457 0.159296 0.017955 0.00343147
 0.120838 0.284347 0.517934 0.0689741 0.00790718
pobs_PELACES
 0 0 0 0 0
 0 0 0 0 0
 0 0 0 0 0
 0 0 0 0 0
 0 0 0 0 0
 0 0 0 0 0
 0 0 0 0 0
 0 0 0 0 0
 0 0 0 0 0
 0 0 0 0 0
 0.450072 0.473896 0.0757376 0.000293798 0
 0 0 0 0 0
 0.463077 0.371075 0.160297 0.00555027 0
 0.529543 0.364841 0.0842815 0.0213345 0
 0.631943 0.363953 0.00410389 0 0
 0.735681 0.248677 0.0153453 0.000297389 0
 0.695825 0.281241 0.0229344 0 0
 0.275771 0.60734 0.115278 0.00161068 0
 0 0 0 0 0
 0.896147 0.0623911 0.0374545 0.00400742 0
 0.803859 0.145111 0.0509908 3.86294e-05 0
 0.739449 0.233085 0.0266225 0.000797448 4.60066e-05
 0.878498 0.100942 0.0204185 0.000141795 0
 0.694673 0.275183 0.0284847 0.00165964 0
 0.469039 0.446079 0.0841089 0.000773354 0
 0.822795 0.102175 0.0682046 0.00682512 0
ppred_PELACES
 0.164699 0.547376 0.251064 0.0368559 5.16936e-06
 0.514469 0.158736 0.238329 0.0779703 0.0104953
 0.102104 0.714636 0.076362 0.0798314 0.0270666
 0.431516 0.141274 0.367506 0.0262771 0.0334262
 0.781429 0.147599 0.0229806 0.0418449 0.00614659
 0.39872 0.551325 0.03778 0.00418501 0.00798967
 0.855315 0.0984558 0.0436663 0.00198688 0.000576243
 0.637552 0.346062 0.0124896 0.00369949 0.00019746
 0.719256 0.242069 0.037527 0.000893817 0.000254477
 0.736171 0.235457 0.0256897 0.00260901 7.25261e-05
 0.54431 0.411805 0.0406187 0.00298253 0.000284494
 0.555606 0.35658 0.0821005 0.00532381 0.000390302
 0.787474 0.18053 0.0275739 0.00415779 0.000263878
 0.86508 0.130587 0.00391746 0.000362521 5.28359e-05
 0.857819 0.139924 0.00221673 3.6563e-05 3.50123e-06
 0.741366 0.25087 0.00769436 6.89599e-05 1.12782e-06
 0.670135 0.302888 0.0264539 0.000518382 4.30534e-06
 0.699311 0.263428 0.03523 0.00199544 3.59783e-05
 0.552346 0.391364 0.0514529 0.00459431 0.000242018
 0.647319 0.279667 0.0665524 0.0059503 0.000511071
 0.649065 0.293466 0.048931 0.00784274 0.000694891
 0.5445 0.37596 0.0700783 0.00815984 0.0013016
 0.658791 0.26182 0.0693222 0.00896204 0.00110442
 0.663215 0.285074 0.0428972 0.0077816 0.00103143
 0.191591 0.675017 0.118752 0.0123278 0.00231206
 0.217951 0.314246 0.411759 0.0503774 0.00566699
pobs_pel_tallas
 0 0 0 0 0 0 0 0 0 0 0 0 0 0 0 0 0 0 0 0 0 0 0 0 0 0 0 0 0 0 0 0 0 0 0 0
 0 0 0 0 0 0 0 0 0 0 0 0 0 0 0 0 0 0 0 0 0 0 0 0 0 0 0 0 0 0 0 0 0 0 0 0
 0 0 0 0 0 0 0 0 0 0 0 0 0 0 0 0 0 0 0 0 0 0 0 0 0 0 0 0 0 0 0 0 0 0 0 0
 0 0 0 0 0 0 0 0 0 0 0 0 0 0 0 0 0 0 0 0 0 0 0 0 0 0 0 0 0 0 0 0 0 0 0 0
 0 0 0 0 0 0 0 0 0 0 0 0 0 0 0 0 0 0 0 0 0 0 0 0 0 0 0 0 0 0 0 0 0 0 0 0
 0 0 0 0 0 0 0 0 0 0 0 0 0 0 0 0 0 0 0 0 0 0 0 0 0 0 0 0 0 0 0 0 0 0 0 0
 0 0 0 0 0 0 0 0 0 0 0 0 0 0 0 0 0 0 0 0 0 0 0 0 0 0 0 0 0 0 0 0 0 0 0 0
 0 0 0 0 0 0 0 0 0 0 0 0 0 0 0 0 0 0 0 0 0 0 0 0 0 0 0 0 0 0 0 0 0 0 0 0
 0 0 0 0 0 0 0 0 0 0 0 0 0 0 0 0 0 0 0 0 0 0 0 0 0 0 0 0 0 0 0 0 0 0 0 0
 0 0 0 0 0 0 0 0 0 0 0 0 0 0 0 0 0 0 0 0 0 0 0 0 0 0 0 0 0 0 0 0 0 0 0 0
 0 0 0 0 0 0 0 0 1.78061e-05 0.00172719 0.00360574 0.0105946 0.0120993 0.0124554 0.0147524 0.0171206 0.0266825 0.0428682 0.0675386 0.121331 0.153587 0.119568 0.100827 0.0573624 0.0630603 0.0341343 0.0324427 0.0444173 0.0211091 0.0280891 0.0125444 0.00206551 0 0 0 0
 0 0 0 0 0 0 0 0 0 0 0 0 0 0 0 0 0 0 0 0 0 0 0 0 0 0 0 0 0 0 0 0 0 0 0 0
 0 0 0 0 0 0 0.0133647 0.0140871 0.0187388 0.0205184 0.03894 0.0496705 0.03968 0.0493445 0.0407372 0.0367815 0.0215668 0.0243155 0.0234873 0.0199281 0.019796 0.0243948 0.0301388 0.0376714 0.0412746 0.0863199 0.0771752 0.113111 0.0741005 0.0525337 0.0229764 0.00759418 0.00175318 0 0 0
 0 0 0 0 0 0 0 0 0 0 0.00219441 0.00772107 0.0458388 0.0604681 0.0671733 0.0775358 0.0609151 0.0617685 0.073594 0.0568108 0.0755445 0.0548602 0.0670107 0.0636378 0.0643287 0.046367 0.0373049 0.0286899 0.0247887 0.0153202 0.00654259 0.00121912 0.000365735 0 0 0
 0 0 0 0 0 0 0 0 0 0 0 0 0.000112435 0.00938835 0.0111873 0.0202946 0.0414886 0.0713402 0.111592 0.104902 0.108894 0.110636 0.117776 0.105296 0.107544 0.0401394 0.0192827 0.0124803 0.00416011 0.0028671 0.000618394 0 0 0 0 0
 0 0 0 0 0 0 0 0 0 0 0.00291406 0.0102884 0.027416 0.0768956 0.0749926 0.110853 0.0956884 0.0897413 0.0766577 0.0534642 0.0500743 0.0551293 0.0594112 0.0620874 0.0668451 0.0424026 0.0208742 0.0120726 0.0048766 0.00582813 0.00118941 0.000297354 0 0 0 0
 0 0.00264628 0.0354308 0.0461629 0.0458689 0.0383711 0.0214643 0.0164657 0.0346957 0.0420465 0.0363128 0.0245516 0.0311673 0.0291091 0.0169068 0.0133784 0.00837989 0.0085269 0.0148486 0.0160247 0.0276389 0.0546898 0.0760071 0.122758 0.109233 0.0665981 0.0333725 0.0166128 0.00676272 0.00308733 0.000882094 0 0 0 0 0
 0 0 0 0 0 0 0 0.000805153 0.000690131 0.00759144 0.0133425 0.0154129 0.00931677 0.000345066 0.00356568 0.00563607 0.00851162 0.0253048 0.0502646 0.0516448 0.0657925 0.0565908 0.0611916 0.0827007 0.0866115 0.110766 0.145733 0.0935128 0.0569358 0.0249597 0.0138026 0.00621118 0.00161031 0.00115022 0 0
 0 0 0 0 0 0 0 0 0 0 0 0 0 0 0 0 0 0 0 0 0 0 0 0 0 0 0 0 0 0 0 0 0 0 0 0
 0.00147267 0.00158595 0.00478618 0.00569244 0.00954404 0.0108468 0.00647125 0.017049 0.0510054 0.094081 0.124002 0.0959785 0.0687766 0.0820023 0.061753 0.0591476 0.0492212 0.0479892 0.0443925 0.0268479 0.0217502 0.0140895 0.0121071 0.0120363 0.00920419 0.00665534 0.0049561 0.00860946 0.00930331 0.0156896 0.0114698 0.00855282 0.00243557 0.00046729 0 2.83206e-05
 0 0 0 0 0.000772559 0.00158375 0.000888443 0.00281984 0.00712685 0.0440552 0.0773331 0.111326 0.0921469 0.0852325 0.0710754 0.0886704 0.0786465 0.0553345 0.0373146 0.0185414 0.00753245 0.00457741 0.012979 0.0271748 0.0457355 0.0583668 0.034881 0.0177882 0.00938659 0.00492506 0.0015258 0.00185414 0.000309023 5.79419e-05 3.86279e-05 0
 0 0.00173294 0.00326652 0 0.00397197 0.00683976 0.00946217 0.0152591 0.00757587 0.0136028 0.0228656 0.0392903 0.0559909 0.0764795 0.0681675 0.0726916 0.0566044 0.0477403 0.0527397 0.0444891 0.0609904 0.0582453 0.0661739 0.0445044 0.0529084 0.0360697 0.0280645 0.0235558 0.0158879 0.00826598 0.00280645 0.00217768 0.000904811 0.00058276 9.20147e-05 0
 0 0 0 0 0 0 0 0 0 0 0 0 0 0 0 0 0 0 0 0 0 0 0 0 0 0 0 0 0 0 0 0 0 0 0 0
 0 0 0 0 0 0 0 0 0 0 0 0 0 0 0 0 0 0 0 0 0 0 0 0 0 0 0 0 0 0 0 0 0 0 0 0
 0 0 0 0 0 0 0 0 0 0 0 0 0 0 0 0 0 0 0 0 0 0 0 0 0 0 0 0 0 0 0 0 0 0 0 0
 0 0 0 0 0 0 0 0 0 0 0 0 0 0 0 0 0 0 0 0 0 0 0 0 0 0 0 0 0 0 0 0 0 0 0 0
ppred_pel_tallas
 1.05009e-16 7.21707e-06 4.22801e-05 0.000200817 0.000772884 0.00240992 0.00608784 0.0124607 0.0206711 0.0278092 0.03039 0.0271107 0.0200719 0.0130579 0.00885352 0.0081987 0.0105597 0.0152037 0.0216153 0.0293797 0.0379693 0.0466569 0.0545732 0.0608589 0.064844 0.066189 0.0649428 0.0614957 0.0564552 0.0504878 0.0441828 0.037974 0.0321253 0.026764 0.0219344 0.0176438
 1.06605e-16 2.24528e-05 0.000131763 0.000626311 0.00241128 0.00751928 0.0189931 0.038863 0.0644218 0.086523 0.0941708 0.0831051 0.0595767 0.0349479 0.0173014 0.00821862 0.00530288 0.00572777 0.00778029 0.0107234 0.0142512 0.018147 0.0221694 0.0260512 0.0295352 0.0324091 0.0345279 0.0358148 0.0362486 0.0358462 0.0346511 0.0327301 0.0301795 0.027129 0.0237415 0.0202013
 1.05325e-16 4.49385e-06 2.62785e-05 0.000124713 0.00047981 0.00149594 0.00377941 0.0077387 0.0128487 0.0173188 0.0190133 0.0171684 0.0131566 0.00942747 0.00784457 0.00902557 0.0127918 0.018788 0.0266836 0.036049 0.0462011 0.0561753 0.064843 0.0711296 0.0742574 0.0739286 0.0703887 0.0643419 0.0567582 0.0486356 0.0407976 0.0337779 0.0278072 0.0228755 0.0188328 0.0154844
 1.07728e-16 1.88353e-05 0.000110526 0.000525349 0.00202255 0.00630706 0.0159312 0.0325979 0.0540372 0.0725781 0.0789999 0.0697325 0.0500245 0.0294156 0.0146991 0.00722121 0.00499756 0.0056891 0.00789385 0.0110274 0.0148599 0.0192213 0.0238992 0.028631 0.0331309 0.0371221 0.0403628 0.0426607 0.04388 0.0439457 0.042849 0.0406536 0.0375 0.0335996 0.0292164 0.0246382
 1.021e-16 3.40926e-05 0.000200101 0.000951202 0.0036622 0.0114202 0.0288466 0.0590237 0.0978373 0.13139 0.14297 0.126091 0.0902178 0.0525669 0.0253529 0.0108975 0.0054649 0.00466211 0.00579902 0.00769937 0.00989203 0.012105 0.0140956 0.0156415 0.0165789 0.016837 0.0164513 0.0155461 0.0142968 0.0128838 0.0114537 0.0100994 0.00885961 0.00773336 0.0067004 0.00573909
 1.01234e-16 1.74211e-05 0.000102188 0.000485628 0.00186948 0.00582962 0.0147257 0.0301343 0.0499646 0.0671425 0.0731734 0.0648034 0.0469539 0.0285429 0.0159816 0.0106626 0.0108812 0.0145316 0.0202377 0.0271892 0.0346974 0.0419659 0.0481041 0.0522766 0.0538915 0.0527431 0.0490619 0.0434483 0.0367181 0.0297115 0.023128 0.0174279 0.0128147 0.00928025 0.0066817 0.00481998
 1.00748e-16 3.73125e-05 0.000219009 0.0010411 0.00400835 0.0124997 0.0315732 0.0646021 0.107082 0.143799 0.156458 0.13795 0.0986248 0.0573068 0.0273421 0.0112437 0.00489463 0.00346657 0.0040125 0.00526835 0.00677173 0.00830432 0.00969309 0.010781 0.0114479 0.0116345 0.0113524 0.0106754 0.00971722 0.00860202 0.00743962 0.0063107 0.00526387 0.00432149 0.00348931 0.00276523
 1.00427e-16 2.78269e-05 0.000163298 0.000776195 0.00298831 0.00931869 0.0235385 0.0481644 0.0798437 0.107245 0.11675 0.103092 0.0740351 0.0436883 0.0220996 0.011258 0.0082061 0.00941713 0.0126859 0.0169432 0.0215816 0.0260582 0.0298053 0.0322985 0.0331702 0.0322979 0.0298362 0.0261731 0.0218326 0.0173526 0.0131794 0.00960557 0.00675764 0.00462499 0.00310938 0.00207532
 1.00655e-16 3.13855e-05 0.000184199 0.000875582 0.00337101 0.0105122 0.0265529 0.0543314 0.0900626 0.120958 0.131644 0.116161 0.0832427 0.0487637 0.0240065 0.0111531 0.00680806 0.00695555 0.00911485 0.0121514 0.0155253 0.0188323 0.0216706 0.0236682 0.0245566 0.0242333 0.0227839 0.0204553 0.0175902 0.0145464 0.0116259 0.00903314 0.00686692 0.00513844 0.00380274 0.00279006
 1.00535e-16 3.21228e-05 0.000188528 0.000896165 0.00345026 0.0107593 0.0271772 0.0556087 0.0921794 0.1238 0.134734 0.11888 0.0851738 0.0498607 0.0244825 0.011266 0.00672908 0.00675578 0.00880464 0.0117171 0.0149498 0.0181042 0.0207889 0.0226436 0.0234114 0.0229986 0.0214967 0.0191545 0.0163134 0.0133277 0.0104941 0.00801104 0.00597028 0.00437565 0.00317471 0.00229072
 1.00827e-16 2.37639e-05 0.000139438 0.000662748 0.00255149 0.00795646 0.0200977 0.0411248 0.0681775 0.0915862 0.0997317 0.0881315 0.0634386 0.0377314 0.0196337 0.0108975 0.00905049 0.0111199 0.0152279 0.0204167 0.026064 0.03155 0.0362037 0.0393978 0.0406848 0.0399038 0.0372188 0.0330693 0.0280577 0.0228073 0.0178403 0.0135044 0.00995962 0.00720982 0.00515943 0.00366962
 1.01483e-16 2.42543e-05 0.000142322 0.00067647 0.00260434 0.00812128 0.020514 0.0419762 0.0695871 0.0934745 0.101774 0.0899035 0.0646427 0.0383046 0.0196715 0.0105082 0.00827075 0.00991471 0.0135338 0.0181894 0.0233165 0.0283776 0.032792 0.0360093 0.0376241 0.0374682 0.0356451 0.0324921 0.0284882 0.0241385 0.0198742 0.0159927 0.0126466 0.00986925 0.00761751 0.00581453
 1.00606e-16 3.43576e-05 0.000201654 0.000958576 0.00369058 0.0115087 0.0290701 0.0594813 0.0985968 0.132412 0.14409 0.127095 0.0909724 0.0530793 0.0257355 0.0112922 0.00599505 0.00542152 0.00685443 0.00908689 0.0116056 0.0140834 0.0162167 0.0177276 0.018416 0.018205 0.0171575 0.0154559 0.0133536 0.0111149 0.00896236 0.00704607 0.00543804 0.00414587 0.00313632 0.00235868
 1.00114e-16 3.77395e-05 0.000221513 0.001053 0.00405416 0.0126426 0.031934 0.0653406 0.108307 0.145447 0.158257 0.139551 0.0998005 0.0580533 0.027816 0.0116392 0.00536589 0.00411359 0.00489168 0.0063975 0.00812447 0.00980199 0.0112036 0.0121297 0.0124416 0.0120939 0.0111459 0.00974529 0.00809122 0.00638808 0.00480548 0.00345451 0.00238311 0.00158693 0.00102802 0.000654064
 1.00079e-16 3.74232e-05 0.000219656 0.00104417 0.00402014 0.0125365 0.0316661 0.0647925 0.107399 0.144228 0.156933 0.138389 0.0989824 0.0576027 0.0276473 0.0116498 0.00549226 0.00433558 0.00521371 0.00682977 0.00867106 0.0104545 0.0119385 0.0129098 0.0132206 0.0128234 0.0117834 0.010261 0.00847148 0.0066356 0.00493617 0.00349258 0.00235573 0.00151974 0.000942243 0.000565224
 1.00194e-16 3.23498e-05 0.00018986 0.000902494 0.00347462 0.0108353 0.0273691 0.0560015 0.0928309 0.124676 0.13569 0.119729 0.0857965 0.0502529 0.0247259 0.011462 0.00695749 0.00706738 0.00922756 0.0122602 0.0156004 0.0188243 0.0215146 0.0232903 0.0238852 0.0232121 0.0213848 0.0186877 0.0155035 0.0122254 0.0091797 0.00658033 0.00451978 0.00298991 0.00191786 0.00120294
 1.00493e-16 2.9246e-05 0.000171633 0.000815829 0.00314092 0.00979463 0.0247406 0.0506238 0.0839188 0.112714 0.122689 0.108302 0.0777045 0.0457076 0.0228516 0.0112023 0.00762708 0.00840419 0.0112191 0.0149779 0.0191021 0.0231065 0.0264921 0.0287969 0.029693 0.0290646 0.0270356 0.0239333 0.0202052 0.0163136 0.0126452 0.00945746 0.00686751 0.00487647 0.00341084 0.00236461
 1.00657e-16 3.05166e-05 0.000179096 0.000851318 0.00327758 0.0102208 0.025817 0.0528258 0.0875677 0.11761 0.128007 0.112967 0.0809882 0.0475121 0.0235188 0.0111418 0.00709166 0.00747142 0.00986861 0.0131674 0.0168161 0.020383 0.0234322 0.0255602 0.0264769 0.0260739 0.0244486 0.021874 0.0187276 0.0154017 0.0122267 0.00942481 0.00710135 0.00526489 0.00386203 0.00281227
 1.01028e-16 2.41135e-05 0.000141493 0.000672519 0.00258911 0.00807381 0.0203941 0.0417311 0.0691818 0.0929331 0.101192 0.0894083 0.064327 0.0381983 0.0197644 0.0107927 0.00876503 0.0106594 0.0145733 0.0195492 0.0249838 0.0302866 0.03482 0.0379858 0.039354 0.0387634 0.036359 0.0325461 0.0278849 0.0229575 0.0182536 0.0141022 0.0106587 0.00793483 0.00585092 0.00428733
 1.01265e-16 2.82503e-05 0.000165789 0.000788051 0.00303398 0.00946112 0.0238982 0.0488999 0.081061 0.108875 0.118509 0.104608 0.0750448 0.0441255 0.0220295 0.010751 0.00726519 0.00798184 0.0106756 0.0143067 0.0183391 0.0223298 0.0258198 0.0283767 0.0296818 0.0296012 0.0282138 0.0257812 0.0226758 0.0192906 0.0159614 0.01292 0.010286 0.00808655 0.00628997 0.0048388
 1.01093e-16 2.83269e-05 0.000166238 0.000790182 0.00304218 0.0094867 0.0239628 0.0490323 0.0812807 0.109171 0.118833 0.104901 0.0752683 0.0442837 0.0221575 0.0108934 0.00746137 0.00826206 0.0110602 0.0148034 0.0189383 0.0230002 0.0265078 0.0290109 0.0301829 0.0298959 0.0282485 0.0255329 0.0221566 0.0185451 0.0150575 0.0119368 0.00930087 0.00716434 0.00547684 0.00416013
 1.01459e-16 2.37708e-05 0.000139482 0.000662963 0.00255232 0.00795908 0.0201043 0.041138 0.0681984 0.0916115 0.0997516 0.0881312 0.0633995 0.0376304 0.0194397 0.0105678 0.00853135 0.0103527 0.0141615 0.0190241 0.0243603 0.0296056 0.0341489 0.037413 0.0389767 0.038672 0.0366202 0.0331897 0.0288974 0.0242845 0.0198093 0.0157838 0.0123619 0.00956719 0.00734097 0.00558881
 1.01429e-16 2.87498e-05 0.000168723 0.000802004 0.00308771 0.00962869 0.0243214 0.0497658 0.0824956 0.110799 0.120599 0.10644 0.0763317 0.0448271 0.0222778 0.0107037 0.0070176 0.00755991 0.0100671 0.0134922 0.0173125 0.0211098 0.0244541 0.0269401 0.0282665 0.0283032 0.0271171 0.0249445 0.0221252 0.0190193 0.0159348 0.0130861 0.0105856 0.00846224 0.00669301 0.00523211
 1.01018e-16 2.89436e-05 0.000169859 0.000807399 0.00310847 0.00969344 0.024485 0.0501006 0.0830512 0.111547 0.121417 0.107172 0.076879 0.0451926 0.0225403 0.0109624 0.00735554 0.00803649 0.0107199 0.0143354 0.0183298 0.022248 0.0256215 0.0280138 0.0291093 0.0287867 0.0271453 0.0244727 0.0211684 0.0176487 0.0142637 0.0112494 0.00871838 0.0066817 0.00508655 0.00385295
 1.02438e-16 8.39454e-06 4.9182e-05 0.000233605 0.000899085 0.00280344 0.00708199 0.0144957 0.0240474 0.0323529 0.0353588 0.0315516 0.0233769 0.0152395 0.01038 0.00965589 0.0124349 0.0178392 0.0252251 0.0340453 0.0436044 0.0529699 0.0610589 0.0668379 0.0695539 0.0689101 0.0651304 0.058884 0.0511069 0.0427775 0.0347233 0.0275064 0.0214016 0.0164472 0.0125314 0.00947722
 1.07944e-16 9.53003e-06 5.58797e-05 0.000265517 0.00102207 0.00318705 0.00805052 0.0164749 0.0273182 0.036716 0.0400291 0.0354867 0.0257925 0.0158435 0.00917781 0.00660575 0.00726161 0.0100774 0.0143963 0.0198744 0.0262219 0.0330581 0.0398965 0.0462057 0.0514996 0.0554148 0.0577544 0.0584853 0.0577014 0.0555731 0.052304 0.0481094 0.0432138 0.0378556 0.0322889 0.0267727
pSPR Fmed_Fpbrs
0.506591   0.6 0.325
Fs Fmed_Fpbrs
0.68   0.454262 1.60215
SSBpbr Bo_Bmed_Bpbrs
487291  222493  268010 134005
Ro
20333
SPR SPRFo_SPRFmed_SPRFpbrs
419965 212750 136489
log_Ro
9.74
likeval ReclasPelacesDesembMPH_pf_preclas_ppelaces_ptallas_desvR_qrecl_qpela
 74.2234 14.0528 0.210091 0.000465255 357.111 208.094 91.8531 0 33.0414 0.000113467 0.000418332 7.79805e-15 0 0 0
q_reclas_q_pelaces
4.52423 18.3544
M
0.7
N
 14208.3 21983.4 7366.62 975.055 0.133667
 41308.2 6814.04 7943.64 2350.19 309.228
 3023.56 19408.3 2041.82 1952.93 647.491
 6592.69 1311.33 2801.96 181.677 225.924
 38287.6 3039.33 330.508 541.435 77.7266
 14607.1 18642.7 1261.31 127.847 238.677
 64937.9 6329.17 2668.23 110.885 31.4464
 56565.4 28499.5 1018.04 275.959 14.4037
 66186.7 24489 4048.06 88.5559 24.6584
 114680 27944.2 2766.51 256.029 6.95878
 66753.1 51124.2 5185.22 349.076 32.5633
 48638.7 28530.3 6457.66 383.082 27.4636
 54927.3 21105.6 4138.09 578.322 35.9084
 29323.4 21784.5 1347.52 118.285 16.8797
 12348.5 9912.95 323.82 5.0664 0.475025
 9433.68 4174.49 147.353 1.2175 0.0194767
 7279.65 3881.74 372.898 6.72165 0.0546014
 8899.17 3041.49 398.578 20.6495 0.36408
 7744.71 3865.79 445.55 36.1923 1.86399
 9348.29 3492.92 797.5 65.1523 5.47193
 15780.9 4089.84 545.958 79.2547 6.86448
 17789 7338.29 1115.27 117.719 18.3564
 29943 8221.42 1892 222.424 26.7981
 47412 13543.6 1741.39 287.011 37.1922
 10797.7 21568.8 3023.35 284.192 52.1022
 4596.2 5029.22 5969.37 665.463 73.1925
pred_Ctot
 350.592 4384.88 1942.81 260.046 0.0356628
 1605.07 2000.31 3001.85 896.983 118.062
 277.5 10600.1 1321.94 1272.27 421.913
 341.07 482.644 1297.93 84.9078 105.619
 536.948 362.856 53.3006 88.3898 12.6943
 1349.47 10222.5 819.221 83.5511 156.015
 5466.34 3276.53 1654.22 69.2045 19.6305
 5255.85 15681.4 663.05 180.841 9.44101
 7196.85 14749.4 2830.53 62.2522 17.3373
 8487.19 13300.8 1599.96 149.154 4.05498
 6746.47 29554.6 3511.89 237.78 22.1856
 4448.19 15548.6 4173.69 249.141 17.865
 8056.56 14731.1 3228.26 452.89 28.1239
 6882.29 17891.4 1174.15 103.267 14.7376
 2898.23 8141.39 282.157 4.42316 0.414743
 1175.43 2699.88 108.747 0.902686 0.0144428
 838.838 2411.95 267.036 4.83771 0.0393045
 807.669 1649.89 256.648 13.3801 0.235961
 514.058 1707.58 241.898 19.8035 1.0202
 805.835 1835.47 500.484 41.1555 3.4573
 724.329 1372.15 232.854 34.1199 2.95619
 890.472 2633.69 505.197 53.8075 8.39305
 1930.22 3557.44 1009.25 119.593 14.4128
 2875.16 5609.34 894.508 148.647 19.2678
 483.708 7099.08 1267.45 120.268 22.0566
 338.429 2385.63 3442.41 386.578 42.5294
F
 0.0348418 0.317915 0.442463 0.448552 0.448766
 0.0553612 0.505144 0.703043 0.712717 0.713057
 0.135391 1.23538 1.71936 1.74302 1.74385
 0.0743237 0.678168 0.943852 0.95684 0.957296
 0.0196706 0.179484 0.249801 0.253238 0.253359
 0.13634 1.24404 1.73141 1.75524 1.75607
 0.123545 1.12729 1.56892 1.59051 1.59127
 0.137174 1.25165 1.742 1.76597 1.76682
 0.16227 1.48064 2.0607 2.08906 2.09006
 0.107885 0.984397 1.37005 1.3889 1.38957
 0.150034 1.36899 1.90532 1.93154 1.93246
 0.134882 1.23073 1.71289 1.73646 1.73729
 0.224809 2.05127 2.85489 2.89418 2.89556
 0.384543 3.50877 4.88339 4.95059 4.95295
 0.384543 3.50877 4.88339 4.95059 4.95295
 0.188004 1.71544 2.38749 2.42035 2.4215
 0.172736 1.57614 2.19361 2.2238 2.22486
 0.133792 1.22079 1.69906 1.72244 1.72326
 0.0962724 0.878439 1.22258 1.23941 1.24
 0.126686 1.15595 1.60882 1.63095 1.63173
 0.0656923 0.599411 0.83424 0.84572 0.846123
 0.0718364 0.655472 0.912265 0.924818 0.925259
 0.0933813 0.852059 1.18587 1.20219 1.20276
 0.0876267 0.799551 1.11279 1.1281 1.12864
 0.0640698 0.584606 0.813636 0.824832 0.825225
 0.107311 0.97916 1.36276 1.38151 1.38217
Np
 13045.3 6253.62 737.946 297.67 314.711
YTP_r0W_actual
 3045.86 60595 121517 16004.3 1913.83
YTP_p0W_proyectada
 2671.32 8926.51 7846.31 8195.21 1119.48
 2671.32 27228.6 6172.2 3215.24 3773.77
CTP_r0_actual
 338.429 2385.63 3442.41 386.578 42.5294
CTP_p0_proyectada
 325.771 413.264 249.883 204.369 25.1569
 325.771 1260.58 196.567 80.1804 84.8037
Wmedp
 8.2 21.6 31.4 40.1 44.5
nmprior
 10.6 11 7 0
nm_flota  nm_reclas  nm_pelaces    nm_pelaL
inf 22.1962 12.7945 35.4676
cv_recla  cv_pelaces  cv_mph
0.762154 0.410651 0.587055
 ------------------------------------------------
Talla a la edad & desviaci?n 
 7.2 14.2025 17.0495 18.207 18.6776
 1.08 2.13037 2.55742 2.73105 2.80164
