years
 1997 1998 1999 2000 2001 2002 2003 2004 2005 2006 2007 2008 2009 2010 2011 2012 2013 2014 2015 2016 2017 2018 2019 2020 2021 2022
reclasobs
 0 0 0 370054 412103 1.49427e+06 250295 1.28982e+06 931140 785840 897777 1.04006e+06 184774 17550 25797 100020 73551 82996 120727 218422 84188 347160 605670 569463 516374 1.08416e+06
reclaspred
 7.32232e+06 1.33703e+06 1.58559e+06 255009 227147 342701 652048 642141 646479 821670 947705 719404 377092 139898 75908.9 76455.1 79245 108218 140088 136604 196724 226508 355241 463095 773498 445492
pelacesobs
 0 0 0 0 0 0 0 0 0 2.06254e+06 1.5e+06 0 1.87456e+06 323000 250000 174000 83755 137374 0 501740 490994 745055 786931 1.00524e+06 1.33801e+06 1.41789e+06
pelacespred
 1.56904e+07 7.96329e+06 1.64568e+06 606708 738212 652900 2.14365e+06 2.00063e+06 1.76672e+06 2.55159e+06 2.28982e+06 1.75956e+06 978067 300165 166976 169184 180585 266464 336958 291940 572361 606242 696687 1.12785e+06 1.7683e+06 786877
mphobs
 0 0 0 0 0 112323 0 153150 637223 0 255016 313432 73983 77613 109348 50772 17779 17303 59886 28197 0 207744 136588 643089 65757 0
mphpred
 1.24207e+06 520492 206904 63349 41766.4 143136 156999 306790 260272 281049 404831 277617 174890 101497 47946.1 34241.3 30111.9 36573.1 48183.3 44415.3 55047.8 77412.1 88770.5 127590 225036 136138
desembarqueobs
 350755 77701 442110 56441 14545 235359 269955 359681 431902 328805 639364 411747 362871 311530 167758 66681 60226 58785 57116 73181 50977 67692 138656 160484 209506 203330
desembarquepred
 350744 77677.8 441491 56403.1 14541.8 235139 269850 359033 431298 328456 638079 410939 362040 310899 167209 66590.3 60181.7 58685 57021.4 73073.3 50954.9 67606 138509 160345 209268 202981
Reclutas
 7713.6 10663 1312.99 4000.37 39283.8 12238.7 65623.6 55014.8 61171 114238 65290.4 50055.8 56325.9 29243.6 12124.4 9069.41 7099.73 8698.96 7440.49 8394.27 15119.1 16706.9 27761.2 47653.6 9136.69 2618.64
log_desv_Rt
 -0.78926 -0.465469 -2.55994 -1.44586 0.838567 -0.327639 1.35169 1.17536 1.28143 1.90604 1.3466 1.08089 1.19891 0.543416 -0.337029 -0.627338 -0.872188 -0.669041 -0.825308 -0.704696 -0.116284 -0.0164244 0.491395 1.03171 -0.619947 -1.86959
SSB
 1.61168e+06 675380 268474 82200.3 54195.2 185731 203719 398084 337723 364683 525300 360230 226934 131700 62213.8 44430.8 39072.6 47456.5 62521.6 57632.4 71428.8 100448 115187 165558 292003 176650
BT
 2.0583e+06 808307 387749 130432 243582 292136 1.04093e+06 921565 941060 1.10332e+06 1.13425e+06 808943 673892 389167 195304 102083 101327 124714 115764 126653 196356 170789 245740 412114 421789 265036
Ftot
 0.177454 0.298144 1.37411 1.17198 0.350275 1.77785 1.82901 1.73242 2.16741 1.4806 1.94571 1.82381 3.02149 4.95303 4.95303 2.40114 2.28371 1.779 1.23822 1.72275 0.927808 0.976484 1.30267 1.21023 0.814336 1.63476
BD_Bspro_t
 0.975703 0.82483 0.554516 0.173859 0.221301 0.537454 0.382529 0.482748 0.389486 0.369494 0.4196 0.273964 0.192217 0.132829 0.0760703 0.067583 0.082908 0.137858 0.215267 0.243225 0.314777 0.45522 0.445007 0.461962 0.526689 0.326438
BD_Bspro
 4.59451 1.92534 0.765354 0.234333 0.154497 0.529473 0.580753 1.13484 0.962766 1.03962 1.4975 1.02693 0.646934 0.375446 0.177357 0.126661 0.111387 0.135287 0.178234 0.164296 0.203626 0.286354 0.328369 0.471966 0.832429 0.503586
BD_Bo
 2.78458 1.16689 0.463856 0.142022 0.0936358 0.320896 0.351975 0.687789 0.583501 0.630081 0.907587 0.622388 0.392086 0.227545 0.10749 0.0767654 0.0675077 0.081993 0.108022 0.0995744 0.123411 0.17355 0.199014 0.286043 0.504508 0.305207
BD_Brms
 5.06288 2.12161 0.843374 0.258221 0.170247 0.583448 0.639955 1.25053 1.06091 1.1456 1.65016 1.13161 0.712883 0.413719 0.195436 0.139573 0.122741 0.149078 0.196403 0.181044 0.224384 0.315545 0.361844 0.520078 0.917287 0.554922
S_f
 0.0776164 0.790575 0.99413 0.999868 0.999997
 0.0776164 0.790575 0.99413 0.999868 0.999997
 0.0776164 0.790575 0.99413 0.999868 0.999997
 0.0776164 0.790575 0.99413 0.999868 0.999997
 0.0776164 0.790575 0.99413 0.999868 0.999997
 0.0776164 0.790575 0.99413 0.999868 0.999997
 0.0776164 0.790575 0.99413 0.999868 0.999997
 0.0776164 0.790575 0.99413 0.999868 0.999997
 0.0776164 0.790575 0.99413 0.999868 0.999997
 0.0776164 0.790575 0.99413 0.999868 0.999997
 0.0776164 0.790575 0.99413 0.999868 0.999997
 0.0776164 0.790575 0.99413 0.999868 0.999997
 0.0776164 0.790575 0.99413 0.999868 0.999997
 0.0776164 0.790575 0.99413 0.999868 0.999997
 0.0776164 0.790575 0.99413 0.999868 0.999997
 0.0776164 0.790575 0.99413 0.999868 0.999997
 0.0776164 0.790575 0.99413 0.999868 0.999997
 0.0776164 0.790575 0.99413 0.999868 0.999997
 0.0776164 0.790575 0.99413 0.999868 0.999997
 0.0776164 0.790575 0.99413 0.999868 0.999997
 0.0776164 0.790575 0.99413 0.999868 0.999997
 0.0776164 0.790575 0.99413 0.999868 0.999997
 0.0776164 0.790575 0.99413 0.999868 0.999997
 0.0776164 0.790575 0.99413 0.999868 0.999997
 0.0776164 0.790575 0.99413 0.999868 0.999997
 0.0776164 0.790575 0.99413 0.999868 0.999997
Scru_reclas
 0.0813673 0.308323 0.691677 0.918633 0.982704
 0.0813673 0.308323 0.691677 0.918633 0.982704
 0.0813673 0.308323 0.691677 0.918633 0.982704
 0.0813673 0.308323 0.691677 0.918633 0.982704
 0.0813673 0.308323 0.691677 0.918633 0.982704
 0.0813673 0.308323 0.691677 0.918633 0.982704
 0.0813673 0.308323 0.691677 0.918633 0.982704
 0.0813673 0.308323 0.691677 0.918633 0.982704
 0.0813673 0.308323 0.691677 0.918633 0.982704
 0.0813673 0.308323 0.691677 0.918633 0.982704
 0.0813673 0.308323 0.691677 0.918633 0.982704
 0.0813673 0.308323 0.691677 0.918633 0.982704
 0.0813673 0.308323 0.691677 0.918633 0.982704
 0.0813673 0.308323 0.691677 0.918633 0.982704
 0.0813673 0.308323 0.691677 0.918633 0.982704
 0.0813673 0.308323 0.691677 0.918633 0.982704
 0.0813673 0.308323 0.691677 0.918633 0.982704
 0.0813673 0.308323 0.691677 0.918633 0.982704
 0.0813673 0.308323 0.691677 0.918633 0.982704
 0.0813673 0.308323 0.691677 0.918633 0.982704
 0.0813673 0.308323 0.691677 0.918633 0.982704
 0.0813673 0.308323 0.691677 0.918633 0.982704
 0.0813673 0.308323 0.691677 0.918633 0.982704
 0.0813673 0.308323 0.691677 0.918633 0.982704
 0.0813673 0.308323 0.691677 0.918633 0.982704
 0.0813673 0.308323 0.691677 0.918633 0.982704
Scru_pelaces
 0.148251 0.466937 0.815101 0.95687 0.991123
 0.148251 0.466937 0.815101 0.95687 0.991123
 0.148251 0.466937 0.815101 0.95687 0.991123
 0.148251 0.466937 0.815101 0.95687 0.991123
 0.148251 0.466937 0.815101 0.95687 0.991123
 0.148251 0.466937 0.815101 0.95687 0.991123
 0.148251 0.466937 0.815101 0.95687 0.991123
 0.148251 0.466937 0.815101 0.95687 0.991123
 0.148251 0.466937 0.815101 0.95687 0.991123
 0.148251 0.466937 0.815101 0.95687 0.991123
 0.148251 0.466937 0.815101 0.95687 0.991123
 0.148251 0.466937 0.815101 0.95687 0.991123
 0.148251 0.466937 0.815101 0.95687 0.991123
 0.148251 0.466937 0.815101 0.95687 0.991123
 0.148251 0.466937 0.815101 0.95687 0.991123
 0.148251 0.466937 0.815101 0.95687 0.991123
 0.148251 0.466937 0.815101 0.95687 0.991123
 0.148251 0.466937 0.815101 0.95687 0.991123
 0.148251 0.466937 0.815101 0.95687 0.991123
 0.148251 0.466937 0.815101 0.95687 0.991123
 0.148251 0.466937 0.815101 0.95687 0.991123
 0.148251 0.466937 0.815101 0.95687 0.991123
 0.148251 0.466937 0.815101 0.95687 0.991123
 0.148251 0.466937 0.815101 0.95687 0.991123
 0.148251 0.466937 0.815101 0.95687 0.991123
 0.148251 0.466937 0.815101 0.95687 0.991123
pf_obs 
 0.256992 0.487395 0.22802 0.0275931 0
 0.321318 0.546541 0.124235 0.00734118 0.000564706
 0.182869 0.594174 0.210203 0.0122559 0.00049798
 0.330522 0.361315 0.267642 0.0388342 0.00168674
 0.649043 0.306663 0.0425973 0.00169635 0
 0.582887 0.30429 0.105238 0.00758474 0
 0.465427 0.430635 0.0974691 0.00646863 0
 0.296916 0.608066 0.0921331 0.00288517 0
 0.311714 0.524322 0.152257 0.0117073 0
 0.15457 0.633149 0.183074 0.0267441 0.00246327
 0.131901 0.49318 0.331252 0.0422183 0.00144891
 0.196976 0.569456 0.194076 0.0375587 0.00193317
 0.518974 0.381816 0.0799577 0.0180837 0.00116848
 0.0928022 0.601141 0.25162 0.0475244 0.00691264
 0.122501 0.610282 0.24278 0.0234846 0.000952079
 0.383417 0.481906 0.127806 0.00687128 0
 0.0376549 0.599619 0.316969 0.0457579 0
 0.0361596 0.667082 0.258105 0.0386534 0
 0.158088 0.579412 0.248529 0.0139706 0
 0.0477256 0.309471 0.559284 0.082774 0.000745712
 0.0406174 0.521527 0.379366 0.0568643 0.0016247
 0.151134 0.462217 0.34131 0.0453401 0
 0.294876 0.26143 0.354403 0.0886775 0.000613685
 0.281977 0.475581 0.204845 0.0348837 0.00271318
 0.0841818 0.532909 0.334909 0.0458182 0.00218182
 0.115287 0.27431 0.454777 0.147771 0.00785563
pf_pred 
 0.0113025 0.639801 0.308301 0.0405935 1.96756e-06
 0.029336 0.0965902 0.612674 0.231152 0.0302479
 0.0100919 0.275015 0.0898631 0.438985 0.186044
 0.142787 0.152289 0.259903 0.0564785 0.388543
 0.64162 0.271032 0.0210164 0.0246139 0.0417177
 0.0891262 0.867431 0.0348885 0.00206911 0.00648511
 0.570923 0.285591 0.139146 0.00349392 0.000845655
 0.229153 0.746821 0.0183256 0.00552957 0.000170224
 0.276156 0.619847 0.101941 0.00157237 0.000482964
 0.374425 0.566784 0.053527 0.0051612 0.000102551
 0.163666 0.765385 0.0664479 0.00410258 0.000398872
 0.190628 0.659076 0.142286 0.00750721 0.000501738
 0.312521 0.579881 0.0942941 0.0126038 0.000700294
 0.260098 0.704359 0.0325047 0.00266859 0.00036948
 0.250792 0.732076 0.0168344 0.000273147 2.47926e-05
 0.282667 0.698979 0.0182045 0.000147354 2.53272e-06
 0.236956 0.699575 0.0625433 0.00091746 7.43626e-06
 0.295144 0.62845 0.0726199 0.00373187 5.43597e-05
 0.198149 0.717178 0.0786999 0.0056808 0.000292443
 0.238967 0.60725 0.142391 0.0105953 0.000795898
 0.315371 0.590727 0.0809817 0.0119738 0.000946039
 0.211713 0.678574 0.0986044 0.0095926 0.00151663
 0.288258 0.562264 0.134206 0.0137382 0.00153354
 0.315984 0.595595 0.075029 0.0120368 0.00135525
 0.044263 0.835935 0.108806 0.00934508 0.00165109
 0.0346656 0.365891 0.543405 0.0509354 0.00510341
pobs_RECLAS
 0 0 0 0 0
 0 0 0 0 0
 0 0 0 0 0
 0 0 0 0 0
 0.835266 0.146461 0.0176864 0.000547809 3.91292e-05
 0.385257 0.428462 0.181853 0.0044286 0
 0.867414 0.0963971 0.0333333 0.00285562 0
 0.441836 0.489002 0.0689373 0.000224442 0
 0.779404 0.147425 0.0564933 0.0165055 0.000172143
 0.814271 0.122319 0.05973 0.00367925 0
 0.40263 0.566651 0.0304383 0.000280538 0
 0.475488 0.404961 0.113038 0.00651328 0
 0.955842 0.0263864 0.0167828 0.000988607 0
 0.975058 0.0227948 0.00214734 0 0
 0.738997 0.206755 0.0527124 0.00153531 0
 0.850938 0.134255 0.0134407 0.00136685 0
 0.542534 0.407297 0.0501686 0 0
 0.764087 0.199537 0.0359546 0.000420521 0
 0.470689 0.182191 0.310203 0.0369168 0
 0.84361 0.089868 0.0606195 0.00523954 0.000663233
 0.607945 0.314616 0.071237 0.00620181 0
 0.523733 0.453247 0.0230204 0 0
 0.530135 0.295979 0.169645 0.0042399 0
 0.562478 0.366248 0.0663022 0.0049721 0
 0.250443 0.683176 0.0655157 0.000865301 0
 0.195077 0.31981 0.436473 0.0351445 0.0134964
ppred_RECLAS
 0.0233021 0.486754 0.417377 0.0725633 3.76194e-06
 0.0425116 0.0513213 0.577966 0.287904 0.0402967
 0.015841 0.144932 0.0809842 0.521741 0.236501
 0.199109 0.0727847 0.214399 0.0614615 0.452246
 0.788632 0.12178 0.0167472 0.0258957 0.0469452
 0.227264 0.708776 0.0477245 0.00373035 0.0125052
 0.77268 0.123065 0.100085 0.00331193 0.000857369
 0.473661 0.497436 0.0204869 0.00814796 0.000268278
 0.534231 0.364976 0.0981444 0.00199375 0.000654983
 0.627537 0.315243 0.0506438 0.00643905 0.000136842
 0.370801 0.543892 0.0782771 0.00636778 0.000662169
 0.395538 0.435703 0.157057 0.0109206 0.000780639
 0.60934 0.301231 0.0753932 0.0132484 0.00078727
 0.656347 0.321883 0.0193807 0.00208169 0.000308219
 0.647309 0.342185 0.0102665 0.000217938 2.11541e-05
 0.568662 0.413798 0.0173513 0.000184889 3.39886e-06
 0.496376 0.438735 0.0636498 0.00122943 1.06578e-05
 0.548467 0.374175 0.0723795 0.00490221 7.63747e-05
 0.401846 0.495234 0.0935243 0.0089049 0.000490315
 0.459379 0.376609 0.148299 0.014545 0.0011686
 0.541508 0.355549 0.0849649 0.0165777 0.00140094
 0.409158 0.457742 0.115732 0.0148562 0.00251229
 0.507388 0.334778 0.137111 0.0185124 0.00221025
 0.550531 0.354322 0.0769108 0.0162763 0.0019601
 0.106258 0.710149 0.161789 0.0183387 0.00346558
 0.0701976 0.241572 0.605404 0.0748089 0.00801682
pobs_PELACES
 0 0 0 0 0
 0 0 0 0 0
 0 0 0 0 0
 0 0 0 0 0
 0 0 0 0 0
 0 0 0 0 0
 0 0 0 0 0
 0 0 0 0 0
 0 0 0 0 0
 0 0 0 0 0
 0.450072 0.473896 0.0757376 0.000293798 0
 0 0 0 0 0
 0.463077 0.371075 0.160297 0.00555027 0
 0.529543 0.364841 0.0842815 0.0213345 0
 0.631943 0.363953 0.00410389 0 0
 0.735681 0.248677 0.0153453 0.000297389 0
 0.695825 0.281241 0.0229344 0 0
 0.275771 0.60734 0.115278 0.00161068 0
 0 0 0 0 0
 0.896147 0.0623911 0.0374545 0.00400742 0
 0.803859 0.145111 0.0509908 3.86294e-05 0
 0.739449 0.233085 0.0266225 0.000797448 4.60066e-05
 0.878498 0.100942 0.0204185 0.000141795 0
 0.694673 0.275183 0.0284847 0.00165964 0
 0.469039 0.446079 0.0841089 0.000773354 0
 0.822795 0.102175 0.0682046 0.00682512 0
ppred_PELACES
 0.0329825 0.549251 0.362133 0.0556306 2.79254e-06
 0.0715017 0.066888 0.574526 0.252821 0.0342629
 0.0377077 0.207544 0.0822841 0.467352 0.205112
 0.367267 0.0847003 0.179446 0.0453683 0.323218
 0.849584 0.100421 0.010496 0.0143359 0.0251638
 0.356036 0.607462 0.028245 0.00194487 0.00631236
 0.880259 0.0757817 0.0424128 0.00123625 0.000309851
 0.623728 0.362204 0.0103326 0.00362042 0.000115413
 0.712169 0.242862 0.0439326 0.00078562 0.000249877
 0.750807 0.221285 0.0250436 0.00280657 5.77487e-05
 0.539621 0.416249 0.0409043 0.00293039 0.000295029
 0.570201 0.339922 0.0843524 0.0051664 0.000357563
 0.806991 0.162884 0.0258954 0.00399917 0.000230075
 0.88352 0.112302 0.00377243 0.000354812 5.08562e-05
 0.877692 0.120254 0.0020129 3.74164e-05 3.51581e-06
 0.738865 0.254014 0.00705357 6.61328e-05 1.17703e-06
 0.679546 0.291721 0.0282485 0.000480205 4.03035e-06
 0.701273 0.261661 0.0349491 0.00208522 3.14537e-05
 0.53244 0.407573 0.0551128 0.00462745 0.000246694
 0.628966 0.285775 0.0779952 0.00673956 0.000524259
 0.653741 0.286816 0.0501108 0.00862692 0.000705874
 0.528225 0.390371 0.0719249 0.0081458 0.00133374
 0.650542 0.262598 0.076676 0.00912811 0.00105519
 0.676534 0.272239 0.0423925 0.00791162 0.000922487
 0.1551 0.711373 0.119397 0.011944 0.00218542
 0.147969 0.288113 0.503416 0.0548142 0.0056873
pobs_pel_tallas
 0 0 0 0 0 0 0 0 0 0 0 0 0 0 0 0 0 0 0 0 0 0 0 0 0 0 0 0 0 0 0 0 0 0 0 0
 0 0 0 0 0 0 0 0 0 0 0 0 0 0 0 0 0 0 0 0 0 0 0 0 0 0 0 0 0 0 0 0 0 0 0 0
 0 0 0 0 0 0 0 0 0 0 0 0 0 0 0 0 0 0 0 0 0 0 0 0 0 0 0 0 0 0 0 0 0 0 0 0
 0 0 0 0 0 0 0 0 0 0 0 0 0 0 0 0 0 0 0 0 0 0 0 0 0 0 0 0 0 0 0 0 0 0 0 0
 0 0 0 0 0 0 0 0 0 0 0 0 0 0 0 0 0 0 0 0 0 0 0 0 0 0 0 0 0 0 0 0 0 0 0 0
 0 0 0 0 0 0 0 0 0 0 0 0 0 0 0 0 0 0 0 0 0 0 0 0 0 0 0 0 0 0 0 0 0 0 0 0
 0 0 0 0 0 0 0 0 0 0 0 0 0 0 0 0 0 0 0 0 0 0 0 0 0 0 0 0 0 0 0 0 0 0 0 0
 0 0 0 0 0 0 0 0 0 0 0 0 0 0 0 0 0 0 0 0 0 0 0 0 0 0 0 0 0 0 0 0 0 0 0 0
 0 0 0 0 0 0 0 0 0 0 0 0 0 0 0 0 0 0 0 0 0 0 0 0 0 0 0 0 0 0 0 0 0 0 0 0
 0 0 0 0 0 0 0 0 0 0 0 0 0 0 0 0 0 0 0 0 0 0 0 0 0 0 0 0 0 0 0 0 0 0 0 0
 0 0 0 0 0 0 0 0 1.78061e-05 0.00172719 0.00360574 0.0105946 0.0120993 0.0124554 0.0147524 0.0171206 0.0266825 0.0428682 0.0675386 0.121331 0.153587 0.119568 0.100827 0.0573624 0.0630603 0.0341343 0.0324427 0.0444173 0.0211091 0.0280891 0.0125444 0.00206551 0 0 0 0
 0 0 0 0 0 0 0 0 0 0 0 0 0 0 0 0 0 0 0 0 0 0 0 0 0 0 0 0 0 0 0 0 0 0 0 0
 0 0 0 0 0 0 0.0133647 0.0140871 0.0187388 0.0205184 0.03894 0.0496705 0.03968 0.0493445 0.0407372 0.0367815 0.0215668 0.0243155 0.0234873 0.0199281 0.019796 0.0243948 0.0301388 0.0376714 0.0412746 0.0863199 0.0771752 0.113111 0.0741005 0.0525337 0.0229764 0.00759418 0.00175318 0 0 0
 0 0 0 0 0 0 0 0 0 0 0.00219441 0.00772107 0.0458388 0.0604681 0.0671733 0.0775358 0.0609151 0.0617685 0.073594 0.0568108 0.0755445 0.0548602 0.0670107 0.0636378 0.0643287 0.046367 0.0373049 0.0286899 0.0247887 0.0153202 0.00654259 0.00121912 0.000365735 0 0 0
 0 0 0 0 0 0 0 0 0 0 0 0 0.000112435 0.00938835 0.0111873 0.0202946 0.0414886 0.0713402 0.111592 0.104902 0.108894 0.110636 0.117776 0.105296 0.107544 0.0401394 0.0192827 0.0124803 0.00416011 0.0028671 0.000618394 0 0 0 0 0
 0 0 0 0 0 0 0 0 0 0 0.00291406 0.0102884 0.027416 0.0768956 0.0749926 0.110853 0.0956884 0.0897413 0.0766577 0.0534642 0.0500743 0.0551293 0.0594112 0.0620874 0.0668451 0.0424026 0.0208742 0.0120726 0.0048766 0.00582813 0.00118941 0.000297354 0 0 0 0
 0 0.00264628 0.0354308 0.0461629 0.0458689 0.0383711 0.0214643 0.0164657 0.0346957 0.0420465 0.0363128 0.0245516 0.0311673 0.0291091 0.0169068 0.0133784 0.00837989 0.0085269 0.0148486 0.0160247 0.0276389 0.0546898 0.0760071 0.122758 0.109233 0.0665981 0.0333725 0.0166128 0.00676272 0.00308733 0.000882094 0 0 0 0 0
 0 0 0 0 0 0 0 0.000805153 0.000690131 0.00759144 0.0133425 0.0154129 0.00931677 0.000345066 0.00356568 0.00563607 0.00851162 0.0253048 0.0502646 0.0516448 0.0657925 0.0565908 0.0611916 0.0827007 0.0866115 0.110766 0.145733 0.0935128 0.0569358 0.0249597 0.0138026 0.00621118 0.00161031 0.00115022 0 0
 0 0 0 0 0 0 0 0 0 0 0 0 0 0 0 0 0 0 0 0 0 0 0 0 0 0 0 0 0 0 0 0 0 0 0 0
 0.00147267 0.00158595 0.00478618 0.00569244 0.00954404 0.0108468 0.00647125 0.017049 0.0510054 0.094081 0.124002 0.0959785 0.0687766 0.0820023 0.061753 0.0591476 0.0492212 0.0479892 0.0443925 0.0268479 0.0217502 0.0140895 0.0121071 0.0120363 0.00920419 0.00665534 0.0049561 0.00860946 0.00930331 0.0156896 0.0114698 0.00855282 0.00243557 0.00046729 0 2.83206e-05
 0 0 0 0 0.000772559 0.00158375 0.000888443 0.00281984 0.00712685 0.0440552 0.0773331 0.111326 0.0921469 0.0852325 0.0710754 0.0886704 0.0786465 0.0553345 0.0373146 0.0185414 0.00753245 0.00457741 0.012979 0.0271748 0.0457355 0.0583668 0.034881 0.0177882 0.00938659 0.00492506 0.0015258 0.00185414 0.000309023 5.79419e-05 3.86279e-05 0
 0 0.00173294 0.00326652 0 0.00397197 0.00683976 0.00946217 0.0152591 0.00757587 0.0136028 0.0228656 0.0392903 0.0559909 0.0764795 0.0681675 0.0726916 0.0566044 0.0477403 0.0527397 0.0444891 0.0609904 0.0582453 0.0661739 0.0445044 0.0529084 0.0360697 0.0280645 0.0235558 0.0158879 0.00826598 0.00280645 0.00217768 0.000904811 0.00058276 9.20147e-05 0
 0 0 0 0 0 0 0 0 0 0 0 0 0 0 0 0 0 0 0 0 0 0 0 0 0 0 0 0 0 0 0 0 0 0 0 0
 0 0 0 0 0 0 0 0 0 0 0 0 0 0 0 0 0 0 0 0 0 0 0 0 0 0 0 0 0 0 0 0 0 0 0 0
 0 0 0 0 0 0 0 0 0 0 0 0 0 0 0 0 0 0 0 0 0 0 0 0 0 0 0 0 0 0 0 0 0 0 0 0
 0 0 0 0 0 0 0 0 0 0 0 0 0 0 0 0 0 0 0 0 0 0 0 0 0 0 0 0 0 0 0 0 0 0 0 0
ppred_pel_tallas
 1.07232e-16 1.47395e-06 8.56217e-06 4.05165e-05 0.000155683 0.000485197 0.00122617 0.00251348 0.00418382 0.00567161 0.0063113 0.00589898 0.00494781 0.00435382 0.0048617 0.00684511 0.0104301 0.0156566 0.0224923 0.0307418 0.0399633 0.0494622 0.0583757 0.0658269 0.0711014 0.073788 0.0738412 0.0715441 0.0673978 0.0619801 0.0558236 0.0493469 0.0428436 0.0365096 0.0304849 0.0248846
 1.18466e-16 3.13425e-06 1.83534e-05 8.71623e-05 0.000335445 0.0010459 0.00264188 0.0054066 0.00896605 0.0120535 0.0131495 0.0116775 0.00853295 0.0053378 0.00328 0.00267062 0.00329676 0.00491222 0.00744264 0.0109492 0.0155279 0.0212321 0.0280241 0.0357473 0.0441123 0.0526995 0.0609814 0.0683658 0.0742589 0.0781412 0.0796441 0.0786097 0.0751232 0.0695014 0.0622481 0.0539757
 1.26879e-16 1.66446e-06 9.71627e-06 4.60821e-05 0.000177246 0.000552544 0.00139586 0.00285799 0.00474479 0.00639453 0.00701771 0.00633111 0.00484063 0.00345164 0.00285788 0.00330387 0.00475967 0.00716084 0.0104935 0.0147551 0.0198927 0.0257748 0.0321991 0.0389251 0.0457125 0.0523458 0.0586358 0.0643981 0.0694229 0.0734545 0.0761997 0.0773671 0.0767285 0.0741815 0.0697945 0.0638149
 1.19237e-16 1.60303e-05 9.40666e-05 0.000447116 0.00172136 0.00536784 0.0135587 0.0277432 0.0459885 0.0617647 0.0672214 0.0593161 0.0425092 0.0249102 0.0122885 0.00577615 0.00367325 0.00398654 0.00553683 0.00786512 0.0108436 0.0144249 0.0185471 0.0231115 0.0279846 0.0330021 0.0379706 0.0426674 0.046843 0.0502333 0.0525831 0.0536799 0.0533911 0.0516921 0.048679 0.044562
 1.01851e-16 3.70625e-05 0.000217542 0.00103413 0.00398149 0.012416 0.0313616 0.0641692 0.106365 0.142836 0.15541 0.137027 0.0979652 0.0569248 0.027162 0.0111723 0.00486566 0.00344457 0.0039796 0.00521255 0.00668185 0.00816983 0.00950688 0.0105435 0.0111718 0.0113483 0.0111015 0.0105199 0.00972488 0.00883863 0.00795736 0.00713766 0.00639706 0.00572508 0.00509867 0.00449597
 1.00961e-16 1.55621e-05 9.12688e-05 0.000433706 0.00166955 0.00520613 0.0131509 0.0269125 0.0446261 0.0599789 0.0653933 0.0579774 0.0421473 0.0258983 0.0149977 0.010738 0.0116443 0.0158668 0.0221733 0.0297868 0.0379811 0.0458845 0.0525155 0.0569556 0.0585575 0.0571031 0.0528589 0.0465007 0.0389424 0.031123 0.0238225 0.0175524 0.0125352 0.00875455 0.00604178 0.00416373
 1.00684e-16 3.83992e-05 0.000225391 0.00107145 0.0041252 0.0128641 0.0324936 0.0664852 0.110203 0.147988 0.161009 0.141948 0.101451 0.0588848 0.0279743 0.0112947 0.00459763 0.00290644 0.00318777 0.00415134 0.00534471 0.0065779 0.00771365 0.00862904 0.00922821 0.00946016 0.00932695 0.0088779 0.00819313 0.00736253 0.00646743 0.0055699 0.00471049 0.00391214 0.00318661 0.00253999
 1.00395e-16 2.72248e-05 0.000159761 0.000759378 0.00292355 0.00911675 0.0230284 0.0471209 0.0781146 0.104925 0.11423 0.100879 0.0724748 0.0428252 0.0217692 0.011263 0.00842268 0.0098043 0.0132497 0.0177016 0.022543 0.0272097 0.0311082 0.0336903 0.0345719 0.0336269 0.0310193 0.0271578 0.0225933 0.0178911 0.0135197 0.00978561 0.00682049 0.00461158 0.00305371 0.00200249
 1.00742e-16 3.10765e-05 0.000182385 0.000866958 0.0033378 0.0104086 0.0262914 0.0537963 0.0891756 0.119767 0.130349 0.115021 0.0824303 0.0482979 0.023796 0.0110874 0.00681232 0.00699667 0.00918561 0.012256 0.0156716 0.019029 0.0219254 0.0239865 0.0249406 0.024681 0.0232888 0.021006 0.0181712 0.0151391 0.0122103 0.00958967 0.00737857 0.00559224 0.00419082 0.00310988
 1.00527e-16 3.27604e-05 0.000192273 0.00091397 0.00351882 0.0109731 0.0277172 0.0567135 0.0940103 0.126257 0.137403 0.121224 0.0868306 0.0507837 0.0248483 0.0112874 0.00654145 0.00640729 0.00829297 0.0110251 0.0140672 0.0170388 0.0195708 0.0213246 0.0220582 0.0216831 0.0202843 0.0180945 0.0154339 0.0126343 0.00997401 0.0076392 0.00571632 0.00420948 0.00307022 0.00222738
 1.00831e-16 2.35596e-05 0.000138238 0.000657044 0.00252952 0.00788796 0.0199247 0.0407709 0.0675909 0.090799 0.0988763 0.0873802 0.0629077 0.0374354 0.019516 0.0108897 0.00910922 0.0112295 0.015389 0.0206347 0.0263422 0.0318862 0.0365885 0.0398151 0.0411138 0.040322 0.0376056 0.0334092 0.0283417 0.0230334 0.0180122 0.0136297 0.0100474 0.00726941 0.00519879 0.0036951
 1.01503e-16 2.48901e-05 0.000146056 0.000694225 0.0026727 0.00833449 0.0210525 0.0430779 0.0714127 0.0959245 0.104435 0.0922398 0.0662907 0.0392172 0.0200226 0.0105068 0.00804806 0.0095148 0.0129511 0.0174051 0.0223218 0.0271854 0.0314418 0.0345653 0.0361672 0.0360832 0.0344072 0.0314553 0.0276788 0.0235551 0.0194925 0.0157744 0.0125483 0.00984974 0.00764278 0.00585966
 1.00569e-16 3.52079e-05 0.000206647 0.00098232 0.003782 0.0117938 0.0297903 0.0609547 0.101038 0.135689 0.14765 0.130223 0.0931839 0.0543141 0.0262304 0.0113325 0.00576325 0.00498401 0.00620997 0.00821366 0.0104894 0.0127322 0.0146663 0.0160405 0.016674 0.0164966 0.0155642 0.0140404 0.0121527 0.0101387 0.00819858 0.0064676 0.00501096 0.00383613 0.00291404 0.00219993
 1.00105e-16 3.85428e-05 0.000226231 0.00107543 0.00414053 0.0129119 0.0326144 0.0667326 0.110614 0.148542 0.16162 0.142505 0.101887 0.0592148 0.0282746 0.0116624 0.00512365 0.00366595 0.00423521 0.00551041 0.00699409 0.008439 0.00964773 0.0104482 0.010721 0.0104267 0.00961593 0.00841547 0.00699613 0.00553338 0.00417286 0.00301007 0.00208636 0.00139822 0.000913366 0.00058719
 1.0007e-16 3.8289e-05 0.00022474 0.00106834 0.00411324 0.0128268 0.0323994 0.0662927 0.109885 0.147564 0.160558 0.141573 0.101231 0.0588546 0.0281418 0.0116751 0.00523169 0.00385388 0.00450723 0.00587503 0.00745439 0.00898731 0.0102636 0.0110994 0.0113676 0.0110274 0.0101348 0.00882739 0.00729022 0.00571287 0.00425242 0.00301147 0.0020338 0.00131442 0.000817013 0.000491816
 1.00186e-16 3.22409e-05 0.00018922 0.000899452 0.00346291 0.0107987 0.0272769 0.0558127 0.0925181 0.124256 0.135234 0.119329 0.0855146 0.0500974 0.0246673 0.011465 0.00699984 0.00714209 0.009336 0.0124058 0.0157845 0.0190442 0.0217624 0.0235536 0.0241484 0.023459 0.0216015 0.018864 0.0156351 0.0123132 0.00922906 0.0065993 0.00451734 0.00297444 0.00189624 0.0011801
 1.00513e-16 2.96559e-05 0.000174041 0.000827278 0.00318501 0.0099321 0.0250879 0.0513341 0.085096 0.114293 0.124405 0.109809 0.0787664 0.0462947 0.0230756 0.0111974 0.00747729 0.00813718 0.0108306 0.0144556 0.0184403 0.0223146 0.0255969 0.0278421 0.0287331 0.0281568 0.0262302 0.0232663 0.0196934 0.0159551 0.0124228 0.00934419 0.00683314 0.00489244 0.00345365 0.00241712
 1.00655e-16 3.06021e-05 0.000179598 0.000853706 0.00328677 0.0102495 0.0258894 0.052974 0.0878132 0.11794 0.128365 0.113282 0.0812106 0.0476363 0.0235685 0.0111459 0.00706833 0.00742738 0.00980371 0.0130794 0.0167036 0.0202466 0.0232756 0.0253896 0.0263005 0.0259007 0.0242869 0.0217303 0.0186057 0.0153029 0.0121499 0.00936732 0.00705983 0.00523586 0.00384235 0.00279934
 1.01086e-16 2.32461e-05 0.000136399 0.0006483 0.00249586 0.00778299 0.0196595 0.0402283 0.0666913 0.0895904 0.09756 0.0862162 0.0620683 0.0369332 0.0192498 0.0107354 0.00897612 0.0110683 0.0151789 0.0203726 0.0260404 0.0315721 0.0363043 0.0396142 0.0410532 0.0404526 0.0379622 0.034003 0.029157 0.0240296 0.0191302 0.0148015 0.011206 0.00835688 0.00617238 0.00452924
 1.01457e-16 2.74503e-05 0.000161092 0.000765718 0.00294799 0.00919297 0.0232209 0.0475141 0.0787642 0.105791 0.115156 0.101657 0.0729475 0.0429315 0.0215062 0.010617 0.00733275 0.00817145 0.0109738 0.0147266 0.018899 0.0230434 0.0266919 0.0294011 0.0308416 0.0308705 0.0295602 0.0271686 0.0240672 0.0206504 0.0172565 0.0141218 0.0113714 0.00903935 0.00710183 0.00550936
 1.01135e-16 2.85305e-05 0.000167434 0.000795869 0.00306408 0.00955499 0.0241353 0.0493851 0.0818654 0.109955 0.119685 0.105648 0.0757939 0.0445717 0.0222624 0.0108803 0.00737024 0.00810463 0.0108326 0.0144984 0.0185534 0.022542 0.0259936 0.0284679 0.0296448 0.0293979 0.0278213 0.0251979 0.0219232 0.0184109 0.0150103 0.011958 0.00936947 0.00726048 0.00558383 0.0042656
 1.01491e-16 2.30617e-05 0.000135317 0.000643162 0.00247608 0.00772132 0.0195037 0.0399094 0.0661624 0.0888787 0.0967823 0.0855225 0.0615548 0.0365997 0.0190254 0.0105315 0.00872047 0.0107114 0.0146905 0.0197414 0.0252778 0.0307176 0.0354265 0.0388055 0.0404178 0.0400893 0.0379468 0.0343738 0.0299078 0.0251119 0.0204624 0.0162835 0.012735 0.00984076 0.00753914 0.00573117
 1.01538e-16 2.83902e-05 0.000166612 0.000791965 0.00304906 0.00950815 0.024017 0.0491428 0.0814631 0.109413 0.119091 0.105112 0.0753858 0.0442843 0.0220318 0.0106257 0.00702021 0.00760426 0.0101445 0.0136074 0.0174747 0.0213292 0.0247402 0.0272999 0.0287035 0.0288163 0.0276994 0.0255835 0.0228032 0.0197146 0.0166239 0.0137456 0.0111948 0.00900523 0.00715974 0.00561885
 1.01006e-16 2.95238e-05 0.000173267 0.000823602 0.00317086 0.009888 0.0249764 0.051106 0.0847173 0.113783 0.123846 0.109306 0.0783868 0.0460327 0.0228737 0.0109825 0.00718587 0.00772098 0.0102566 0.0137087 0.0175306 0.0212831 0.0245183 0.0268189 0.0278832 0.0275942 0.0260454 0.0235101 0.0203681 0.0170158 0.0137865 0.0109054 0.00848014 0.00652228 0.00498264 0.00378634
 1.0244e-16 6.80484e-06 3.98457e-05 0.000189212 0.000728147 0.00227037 0.00573554 0.0117411 0.0194826 0.0262265 0.0287028 0.025706 0.0192478 0.0129416 0.00947351 0.00961196 0.0129174 0.0187298 0.0265309 0.0358098 0.0458529 0.055681 0.0641534 0.0701818 0.072975 0.0722237 0.068169 0.0615221 0.0532749 0.0444638 0.0359641 0.0283692 0.0219675 0.016796 0.0127316 0.00958238
 1.0939e-16 6.47769e-06 3.79616e-05 0.000180336 0.00069411 0.00216432 0.00546719 0.011189 0.0185564 0.0249493 0.0272251 0.0241941 0.0177121 0.0111353 0.00690994 0.00564298 0.00681217 0.00975796 0.0140873 0.0195916 0.0260588 0.033167 0.0404766 0.0474821 0.05369 0.0586888 0.0621947 0.0640601 0.0642562 0.0628452 0.0599562 0.0557757 0.0505474 0.0445692 0.038181 0.0317373
pSPR Fmed_Fpbrs
0.492612   0.6 0.325
Fs Fmed_Fpbrs
0.68   0.430131 1.49297
SSBpbr Bo_Bmed_Bpbrs
578787  256178  318333 159166
Ro
16983.5
SPR SPRFo_SPRFmed_SPRFpbrs
350784 172800 114005
log_Ro
9.56
likeval ReclasPelacesDesembMPH_pf_preclas_ppelaces_ptallas_desvR_qrecl_qpela
 71.6491 14.7644 0.28028 0.00048 396.124 210.821 95.7164 0 43.8672 0.000189224 0.000537784 8.12711e-15 0 0 0
q_reclas_q_pelaces
7.02352 27.0927
M
0.7
N
 7713.6 45299 17630.1 2309.01 0.111904
 10663 3778.06 19550.4 7338.94 960.247
 1312.99 5173.94 1482.17 7218.16 3058.88
 4000.37 586.053 867.014 187.771 1291.67
 39283.8 1813.8 115.223 134.283 227.57
 12238.7 18984.5 682.838 40.3928 126.594
 65623.6 5294.22 2311.98 57.9076 14.015
 55014.8 28274.9 619.181 186.342 5.73606
 61171 23882.3 3569.3 54.9351 16.8729
 114238 25673.2 2137.51 205.499 4.08291
 65290.4 50570.1 3954.78 243.591 23.6819
 50055.8 27877.6 5393.14 283.833 18.9687
 56325.9 21576 3273.86 436.934 24.2762
 29243.6 22123.4 983.009 80.6378 11.1645
 12124.4 9887.03 218.907 3.54898 0.322124
 9069.41 4099.15 97.8304 0.790327 0.0135836
 7099.73 3737.96 304.983 4.46466 0.0361856
 8698.96 2952.95 305.164 15.6418 0.227832
 7440.49 3762.65 359.287 25.8494 1.33061
 8394.27 3356.27 702.027 52.1002 3.91344
 15119.1 3646.75 426.932 62.887 4.96822
 16706.9 6986.27 869.648 84.29 13.3255
 27761.2 7690.83 1603.14 163.586 18.2591
 47653.6 12460.1 1363.66 218.045 24.5483
 9136.69 21542.4 2376.79 203.324 35.92
 2618.64 4259.25 5619.43 525.289 52.6275
pred_Ctot
 75.9422 4298.86 2071.5 272.75 0.0132201
 175.651 578.338 3668.41 1384.03 181.111
 96.1136 2619.2 855.84 4180.82 1771.85
 251.467 268.203 457.726 99.4666 684.278
 758.921 320.583 24.8587 29.1138 49.3446
 1143.54 11129.6 447.639 26.5479 83.2074
 6297.29 3150.08 1534.78 38.5379 9.32759
 5016.63 16349.4 401.186 121.053 3.72654
 6878.01 15438.1 2538.96 39.1617 12.0288
 8978.28 13590.8 1283.51 123.76 2.45905
 6639.15 31048.1 2695.48 166.422 16.1804
 4790.55 16562.8 3575.7 188.658 12.6088
 8583.12 15926 2589.71 346.152 19.233
 6861.97 18582.6 857.549 70.4036 9.74771
 2844.96 8304.62 190.968 3.09856 0.281246
 1120.99 2771.98 72.1947 0.58437 0.0100442
 837.878 2473.7 221.153 3.24414 0.0262946
 813.294 1731.75 200.11 10.2835 0.149793
 493.049 1784.53 195.827 14.1354 0.727678
 761.421 1934.88 453.701 33.7597 2.53597
 758.63 1421 194.803 28.8032 2.27571
 880.826 2823.19 410.241 39.9098 6.30992
 1931.16 3766.83 899.1 92.0379 10.2738
 3089.34 5823.05 733.548 117.682 13.2501
 403.931 7628.5 992.935 85.2806 15.0673
 226.063 2386.06 3543.68 332.162 33.2806
F
 0.0137733 0.140291 0.176412 0.177431 0.177454
 0.0231408 0.235705 0.296394 0.298104 0.298143
 0.106653 1.08633 1.36604 1.37393 1.3741
 0.0909651 0.926541 1.1651 1.17183 1.17198
 0.0271871 0.276919 0.348219 0.350229 0.350274
 0.13799 1.40552 1.76741 1.77761 1.77784
 0.141961 1.44597 1.81828 1.82877 1.82901
 0.134464 1.36961 1.72225 1.73219 1.73241
 0.168226 1.7135 2.15468 2.16712 2.1674
 0.114919 1.17052 1.47191 1.4804 1.48059
 0.151019 1.53823 1.93429 1.94546 1.94571
 0.141557 1.44186 1.8131 1.82357 1.8238
 0.234517 2.38872 3.00376 3.0211 3.02148
 0.384437 3.91574 4.92396 4.95238 4.95302
 0.384437 3.91574 4.92396 4.95238 4.95302
 0.186368 1.89828 2.38704 2.40082 2.40113
 0.177253 1.80545 2.27031 2.28341 2.2837
 0.13808 1.40644 1.76856 1.77877 1.779
 0.0961063 0.978907 1.23095 1.23806 1.23822
 0.133713 1.36196 1.71263 1.72252 1.72274
 0.0720132 0.733502 0.922362 0.927686 0.927806
 0.0757912 0.771984 0.970752 0.976356 0.976482
 0.101108 1.02986 1.29502 1.30249 1.30266
 0.093934 0.956781 1.20313 1.21007 1.21023
 0.0632059 0.643794 0.809556 0.814229 0.814334
 0.126884 1.2924 1.62516 1.63454 1.63475
Np
 11930.1 5729.8 404.833 188.076 234.78
YTP_r0W_actual
 2034.57 60605.9 125092 13751.5 1497.63
YTP_p0W_proyectada
 2314.46 5230.2 4676.61 5676.12 639.862
 2314.46 26163.4 3259.59 1943.1 2692.07
CTP_r0_actual
 226.063 2386.06 3543.68 332.162 33.2806
CTP_p0_proyectada
 282.251 242.139 148.937 141.549 14.3789
 282.251 1211.27 103.808 48.4564 60.4958
Wmedp
 8.2 21.6 31.4 40.1 44.5
nmprior
 10.6 11 7 0
nm_flota  nm_reclas  nm_pelaces    nm_pelaL
inf 20.8959 13.0146 36.3247
cv_recla  cv_pelaces  cv_mph
0.74882 0.420919 0.596285
 ------------------------------------------------
Talla a la edad & desviaci?n 
 7.2 14.2025 17.0495 18.207 18.6776
 1.08 2.13037 2.55742 2.73105 2.80164
