years
 1997 1998 1999 2000 2001 2002 2003 2004 2005 2006 2007 2008 2009 2010 2011 2012 2013 2014 2015 2016 2017 2018 2019 2020 2021 2022
reclasobs
 0 0 0 370054 412103 1.49427e+06 250295 1.28982e+06 931140 785840 897777 1.04006e+06 184774 17550 25797 100020 73551 82996 120727 218422 84188 347160 605670 569463 516374 1.08416e+06
reclaspred
 446911 132143 451478 324352 430249 506909 1.08086e+06 681684 704928 588310 448791 299151 182578 87077.2 64121.6 67791.1 87274.2 121886 130487 185682 263002 237912 416647 576181 712816 690292
pelacesobs
 0 0 0 0 0 0 0 0 0 2.06254e+06 1.5e+06 0 1.87456e+06 323000 250000 174000 83755 137374 0 501740 490994 745055 786931 1.00524e+06 1.33801e+06 1.41789e+06
pelacespred
 1.77959e+06 467427 956276 1.0519e+06 1.18159e+06 1.17904e+06 2.75061e+06 2.25396e+06 2.01641e+06 1.71547e+06 1.17756e+06 805498 487977 196582 142391 159914 214294 301517 333694 460948 721619 641313 915591 1.41566e+06 1.75142e+06 1.87054e+06
mphobs
 0 0 0 0 0 112323 0 153150 637223 0 255016 313432 73983 77613 109348 50772 17779 17303 59886 28197 0 207744 136588 643089 65757 0
mphpred
 127375 88018.9 116799 159633 153590 219325 329431 374508 303368 282605 243275 167994 103471 54706.8 27708 24892.2 30982.7 43916.8 55476.7 64267.9 94513 109593 137474 199627 300124 326473
desembarqueobs
 350755 77701 442110 56441 14545 235359 269955 359681 431902 328805 639364 411747 362871 311530 167758 66681 60226 58785 57116 73181 50977 67692 138656 160484 209506 203330
desembarquepred
 350766 77705.1 442158 56442.9 14545.1 235396 269983 359717 431985 328874 639787 412114 363375 312149 167861 66699.1 60247.1 58789.4 57115.4 73184.7 50978.6 67690.2 138662 160492 209506 203330
Reclutas
 76748.2 96053.7 62053.3 89594.5 146784 110205 163267 138894 151361 137267 67964.9 41377 42320 24472.7 19676.9 25519.4 21776 24872.9 28534.2 49337.8 61209.3 78167.7 132181 187264 83898.5 105677
log_desv_Rt
 0.128285 0.352662 -0.0842503 0.283049 0.776716 0.490102 0.883139 0.721465 0.807426 0.709685 0.00674719 -0.489518 -0.466984 -1.01469 -1.2328 -0.972807 -1.13143 -0.998466 -0.861141 -0.313554 -0.0979461 0.146612 0.671925 1.02027 0.217363 0.448142
SSB
 912343 630450 836591 1.1434e+06 1.10012e+06 1.57095e+06 2.35961e+06 2.68248e+06 2.17293e+06 2.02421e+06 1.7425e+06 1.20328e+06 741125 391847 198463 178294 221919 314561 397361 460330 676965 784978 984679 1.42986e+06 2.14969e+06 2.33842e+06
BT
 3.15812e+06 881794 1.77799e+06 1.75011e+06 1.90963e+06 2.08167e+06 4.60322e+06 4.03469e+06 3.63806e+06 3.07852e+06 2.48073e+06 1.67847e+06 1.14305e+06 617891 372570 312329 393933 531561 585510 800604 1.20146e+06 1.09437e+06 1.56798e+06 2.40538e+06 2.97584e+06 3.18328e+06
Ftot
 0.324275 0.233909 0.313579 0.0575362 0.0125562 0.132481 0.083021 0.170212 0.201293 0.175887 0.394195 0.371526 0.583984 1.01702 0.906302 0.349682 0.245926 0.163202 0.136768 0.141094 0.0670051 0.0897153 0.107139 0.0990268 0.0829145 0.0838996
BD_Bspro_t
 0.961332 0.819549 0.799828 0.716152 0.803386 0.885343 0.862722 0.864329 0.81613 0.773672 0.727595 0.579553 0.46655 0.353011 0.237053 0.258089 0.382573 0.553899 0.662569 0.739396 0.819513 0.873083 0.877506 0.883131 0.893818 0.872579
BD_Bspro
 0.654323 0.452152 0.599994 0.820034 0.788992 1.12667 1.69228 1.92384 1.5584 1.45174 1.2497 0.862981 0.531527 0.281028 0.142336 0.127871 0.159158 0.2256 0.284983 0.330144 0.485512 0.562978 0.706201 1.02548 1.54174 1.67709
BD_Bo
 0.301682 0.208469 0.276633 0.378085 0.363773 0.519463 0.780244 0.887007 0.718515 0.66934 0.576188 0.397886 0.245066 0.129571 0.0656253 0.0589561 0.0733812 0.104015 0.131394 0.152216 0.22385 0.259567 0.325601 0.472808 0.710832 0.773238
BD_Brms
 0.548513 0.379035 0.502969 0.687427 0.661405 0.944478 1.41863 1.61274 1.30639 1.21698 1.04761 0.723429 0.445574 0.235583 0.119319 0.107193 0.13342 0.189118 0.238899 0.276756 0.407 0.471939 0.592002 0.859651 1.29242 1.40589
S_f
 0.19881 1 1 1 1
 0.19881 1 1 1 1
 0.19881 1 1 1 1
 0.19881 1 1 1 1
 0.19881 1 1 1 1
 0.19881 1 1 1 1
 0.19881 1 1 1 1
 0.19881 1 1 1 1
 0.19881 1 1 1 1
 0.19881 1 1 1 1
 0.19881 1 1 1 1
 0.19881 1 1 1 1
 0.19881 1 1 1 1
 0.19881 1 1 1 1
 0.19881 1 1 1 1
 0.19881 1 1 1 1
 0.19881 1 1 1 1
 0.19881 1 1 1 1
 0.19881 1 1 1 1
 0.19881 1 1 1 1
 0.19881 1 1 1 1
 0.19881 1 1 1 1
 0.19881 1 1 1 1
 0.19881 1 1 1 1
 0.19881 1 1 1 1
 0.19881 1 1 1 1
Scru_reclas
 1 1 1 1 1
 1 1 1 1 1
 1 1 1 1 1
 1 1 1 1 1
 1 1 1 1 1
 1 1 1 1 1
 1 1 1 1 1
 1 1 1 1 1
 1 1 1 1 1
 1 1 1 1 1
 1 1 1 1 1
 1 1 1 1 1
 1 1 1 1 1
 1 1 1 1 1
 1 1 1 1 1
 1 1 1 1 1
 1 1 1 1 1
 1 1 1 1 1
 1 1 1 1 1
 1 1 1 1 1
 1 1 1 1 1
 1 1 1 1 1
 1 1 1 1 1
 1 1 1 1 1
 1 1 1 1 1
 1 1 1 1 1
Scru_pelaces
 1 1 1 1 1
 1 1 1 1 1
 1 1 1 1 1
 1 1 1 1 1
 1 1 1 1 1
 1 1 1 1 1
 1 1 1 1 1
 1 1 1 1 1
 1 1 1 1 1
 1 1 1 1 1
 1 1 1 1 1
 1 1 1 1 1
 1 1 1 1 1
 1 1 1 1 1
 1 1 1 1 1
 1 1 1 1 1
 1 1 1 1 1
 1 1 1 1 1
 1 1 1 1 1
 1 1 1 1 1
 1 1 1 1 1
 1 1 1 1 1
 1 1 1 1 1
 1 1 1 1 1
 1 1 1 1 1
 1 1 1 1 1
pf_obs 
 0.256992 0.487395 0.22802 0.0275931 0
 0.321318 0.546541 0.124235 0.00734118 0.000564706
 0.182869 0.594174 0.210203 0.0122559 0.00049798
 0.330522 0.361315 0.267642 0.0388342 0.00168674
 0.649043 0.306663 0.0425973 0.00169635 0
 0.582887 0.30429 0.105238 0.00758474 0
 0.465427 0.430635 0.0974691 0.00646863 0
 0.296916 0.608066 0.0921331 0.00288517 0
 0.311714 0.524322 0.152257 0.0117073 0
 0.15457 0.633149 0.183074 0.0267441 0.00246327
 0.131901 0.49318 0.331252 0.0422183 0.00144891
 0.196976 0.569456 0.194076 0.0375587 0.00193317
 0.518974 0.381816 0.0799577 0.0180837 0.00116848
 0.0928022 0.601141 0.25162 0.0475244 0.00691264
 0.122501 0.610282 0.24278 0.0234846 0.000952079
 0.383417 0.481906 0.127806 0.00687128 0
 0.0376549 0.599619 0.316969 0.0457579 0
 0.0361596 0.667082 0.258105 0.0386534 0
 0.158088 0.579412 0.248529 0.0139706 0
 0.0477256 0.309471 0.559284 0.082774 0.000745712
 0.0406174 0.521527 0.379366 0.0568643 0.0016247
 0.151134 0.462217 0.34131 0.0453401 0
 0.294876 0.26143 0.354403 0.0886775 0.000613685
 0.281977 0.475581 0.204845 0.0348837 0.00271318
 0.0841818 0.532909 0.334909 0.0458182 0.00218182
 0.115287 0.27431 0.454777 0.147771 0.00785563
pf_pred 
 0.385865 0.433817 0.161299 0.0190078 1.00365e-05
 0.312835 0.539962 0.103982 0.0386622 0.00455842
 0.178044 0.590266 0.182057 0.0350595 0.0145726
 0.259152 0.412784 0.235591 0.072664 0.0198095
 0.300149 0.450399 0.138989 0.0793262 0.0311369
 0.177647 0.562883 0.166986 0.0515302 0.0409542
 0.251407 0.401 0.23792 0.0705817 0.0390914
 0.189594 0.516095 0.157654 0.0935387 0.0431181
 0.21312 0.44042 0.220638 0.0673992 0.0584228
 0.193918 0.482732 0.18098 0.0906661 0.0517036
 0.117454 0.500588 0.22874 0.0857566 0.0674613
 0.117559 0.393062 0.277581 0.126838 0.0849607
 0.191638 0.358112 0.200553 0.141631 0.108067
 0.179599 0.500991 0.141501 0.0792448 0.0986634
 0.253031 0.480577 0.162677 0.0459469 0.0577686
 0.336766 0.480813 0.117364 0.039728 0.0253288
 0.23016 0.577391 0.139516 0.0340552 0.0188774
 0.241726 0.475597 0.212012 0.051229 0.0194363
 0.23961 0.48151 0.174916 0.0779745 0.0259895
 0.31928 0.427301 0.160475 0.0582953 0.0346487
 0.2723 0.520656 0.129965 0.0488093 0.0282693
 0.260797 0.487749 0.17991 0.044909 0.0266342
 0.317063 0.443124 0.158236 0.0583668 0.0232101
 0.298753 0.498037 0.131853 0.0470838 0.0242735
 0.115218 0.611763 0.193903 0.0513348 0.0277818
 0.176067 0.333472 0.339118 0.107486 0.0438567
pobs_RECLAS
 0 0 0 0 0
 0 0 0 0 0
 0 0 0 0 0
 0 0 0 0 0
 0.835266 0.146461 0.0176864 0.000547809 3.91292e-05
 0.385257 0.428462 0.181853 0.0044286 0
 0.867414 0.0963971 0.0333333 0.00285562 0
 0.441836 0.489002 0.0689373 0.000224442 0
 0.779404 0.147425 0.0564933 0.0165055 0.000172143
 0.814271 0.122319 0.05973 0.00367925 0
 0.40263 0.566651 0.0304383 0.000280538 0
 0.475488 0.404961 0.113038 0.00651328 0
 0.955842 0.0263864 0.0167828 0.000988607 0
 0.975058 0.0227948 0.00214734 0 0
 0.738997 0.206755 0.0527124 0.00153531 0
 0.850938 0.134255 0.0134407 0.00136685 0
 0.542534 0.407297 0.0501686 0 0
 0.764087 0.199537 0.0359546 0.000420521 0
 0.470689 0.182191 0.310203 0.0369168 0
 0.84361 0.089868 0.0606195 0.00523954 0.000663233
 0.607945 0.314616 0.071237 0.00620181 0
 0.523733 0.453247 0.0230204 0 0
 0.530135 0.295979 0.169645 0.0042399 0
 0.562478 0.366248 0.0663022 0.0049721 0
 0.250443 0.683176 0.0655157 0.000865301 0
 0.195077 0.31981 0.436473 0.0351445 0.0134964
ppred_RECLAS
 0.763106 0.167339 0.0622191 0.007332 3.87145e-06
 0.698775 0.236697 0.0455816 0.0169479 0.00199822
 0.526001 0.34039 0.104988 0.0202178 0.00840359
 0.63826 0.201553 0.115034 0.0354802 0.00967253
 0.683392 0.203758 0.0628778 0.0358867 0.0140861
 0.522449 0.326874 0.0969706 0.0299242 0.0237826
 0.62911 0.198675 0.117878 0.0349697 0.0193678
 0.542838 0.291137 0.0889347 0.0527666 0.0243236
 0.579346 0.235442 0.11795 0.0360306 0.0312319
 0.549837 0.269585 0.10107 0.0506332 0.0288743
 0.40683 0.336451 0.153739 0.057638 0.0453415
 0.40666 0.264289 0.186641 0.0852842 0.0571262
 0.553834 0.197656 0.110693 0.0781714 0.0596462
 0.545525 0.277533 0.0783871 0.043899 0.0546563
 0.647051 0.227076 0.076866 0.0217103 0.0272961
 0.722843 0.200926 0.0490449 0.0166018 0.0105846
 0.603901 0.29708 0.0717841 0.0175221 0.00971282
 0.617929 0.239639 0.106827 0.0258128 0.00979338
 0.614828 0.243906 0.088603 0.0394976 0.0131649
 0.703837 0.185907 0.0698185 0.0253627 0.0150747
 0.653781 0.247713 0.0618338 0.0232221 0.0134497
 0.640618 0.237131 0.0874679 0.0218336 0.0129489
 0.701304 0.193809 0.0692078 0.0255279 0.0101514
 0.6829 0.22521 0.0596231 0.021291 0.0109763
 0.396755 0.4171 0.132203 0.0350001 0.0189416
 0.519076 0.194645 0.197941 0.0627389 0.0255989
pobs_PELACES
 0 0 0 0 0
 0 0 0 0 0
 0 0 0 0 0
 0 0 0 0 0
 0 0 0 0 0
 0 0 0 0 0
 0 0 0 0 0
 0 0 0 0 0
 0 0 0 0 0
 0 0 0 0 0
 0.450072 0.473896 0.0757376 0.000293798 0
 0 0 0 0 0
 0.463077 0.371075 0.160297 0.00555027 0
 0.529543 0.364841 0.0842815 0.0213345 0
 0.631943 0.363953 0.00410389 0 0
 0.735681 0.248677 0.0153453 0.000297389 0
 0.695825 0.281241 0.0229344 0 0
 0.275771 0.60734 0.115278 0.00161068 0
 0 0 0 0 0
 0.896147 0.0623911 0.0374545 0.00400742 0
 0.803859 0.145111 0.0509908 3.86294e-05 0
 0.739449 0.233085 0.0266225 0.000797448 4.60066e-05
 0.878498 0.100942 0.0204185 0.000141795 0
 0.694673 0.275183 0.0284847 0.00165964 0
 0.469039 0.446079 0.0841089 0.000773354 0
 0.822795 0.102175 0.0682046 0.00682512 0
ppred_PELACES
 0.778254 0.156639 0.0582406 0.00686316 3.62389e-06
 0.711631 0.226596 0.0436363 0.0162246 0.00191294
 0.546615 0.325587 0.100422 0.0193385 0.00803811
 0.641765 0.199601 0.113919 0.0351365 0.00957881
 0.684109 0.203296 0.0627352 0.0358053 0.0140542
 0.53118 0.320897 0.0951977 0.0293771 0.0233478
 0.634217 0.19594 0.116254 0.0344882 0.0191012
 0.553983 0.28404 0.0867667 0.0514802 0.0237306
 0.592258 0.228214 0.114329 0.0349246 0.0302732
 0.561319 0.262709 0.0984919 0.0493418 0.0281378
 0.432205 0.322059 0.147162 0.0551724 0.0434019
 0.430561 0.253642 0.179122 0.0818488 0.054825
 0.591598 0.180926 0.101324 0.0715549 0.0545977
 0.610995 0.237552 0.0670949 0.0375751 0.0467827
 0.699669 0.193224 0.0654068 0.0184737 0.0232268
 0.740979 0.187778 0.0458357 0.0155155 0.009892
 0.619345 0.285497 0.0689853 0.0168389 0.00933412
 0.628063 0.233283 0.103993 0.0251281 0.00953361
 0.623355 0.238507 0.0866415 0.0386232 0.0128734
 0.711553 0.181063 0.0679994 0.0247019 0.0146819
 0.65778 0.244852 0.0611196 0.0229538 0.0132944
 0.646061 0.23354 0.0861432 0.021503 0.0127528
 0.707204 0.189981 0.0678409 0.0250237 0.00995091
 0.688542 0.221202 0.0585622 0.0209122 0.010781
 0.402014 0.413464 0.131051 0.034695 0.0187765
 0.524611 0.192405 0.195663 0.0620169 0.0253042
pobs_pel_tallas
 0 0 0 0 0 0 0 0 0 0 0 0 0 0 0 0 0 0 0 0 0 0 0 0 0 0 0 0 0 0 0 0 0 0 0 0
 0 0 0 0 0 0 0 0 0 0 0 0 0 0 0 0 0 0 0 0 0 0 0 0 0 0 0 0 0 0 0 0 0 0 0 0
 0 0 0 0 0 0 0 0 0 0 0 0 0 0 0 0 0 0 0 0 0 0 0 0 0 0 0 0 0 0 0 0 0 0 0 0
 0 0 0 0 0 0 0 0 0 0 0 0 0 0 0 0 0 0 0 0 0 0 0 0 0 0 0 0 0 0 0 0 0 0 0 0
 0 0 0 0 0 0 0 0 0 0 0 0 0 0 0 0 0 0 0 0 0 0 0 0 0 0 0 0 0 0 0 0 0 0 0 0
 0 0 0 0 0 0 0 0 0 0 0 0 0 0 0 0 0 0 0 0 0 0 0 0 0 0 0 0 0 0 0 0 0 0 0 0
 0 0 0 0 0 0 0 0 0 0 0 0 0 0 0 0 0 0 0 0 0 0 0 0 0 0 0 0 0 0 0 0 0 0 0 0
 0 0 0 0 0 0 0 0 0 0 0 0 0 0 0 0 0 0 0 0 0 0 0 0 0 0 0 0 0 0 0 0 0 0 0 0
 0 0 0 0 0 0 0 0 0 0 0 0 0 0 0 0 0 0 0 0 0 0 0 0 0 0 0 0 0 0 0 0 0 0 0 0
 0 0 0 0 0 0 0 0 0 0 0 0 0 0 0 0 0 0 0 0 0 0 0 0 0 0 0 0 0 0 0 0 0 0 0 0
 0 0 0 0 0 0 0 0 1.78061e-05 0.00172719 0.00360574 0.0105946 0.0120993 0.0124554 0.0147524 0.0171206 0.0266825 0.0428682 0.0675386 0.121331 0.153587 0.119568 0.100827 0.0573624 0.0630603 0.0341343 0.0324427 0.0444173 0.0211091 0.0280891 0.0125444 0.00206551 0 0 0 0
 0 0 0 0 0 0 0 0 0 0 0 0 0 0 0 0 0 0 0 0 0 0 0 0 0 0 0 0 0 0 0 0 0 0 0 0
 0 0 0 0 0 0 0.0133647 0.0140871 0.0187388 0.0205184 0.03894 0.0496705 0.03968 0.0493445 0.0407372 0.0367815 0.0215668 0.0243155 0.0234873 0.0199281 0.019796 0.0243948 0.0301388 0.0376714 0.0412746 0.0863199 0.0771752 0.113111 0.0741005 0.0525337 0.0229764 0.00759418 0.00175318 0 0 0
 0 0 0 0 0 0 0 0 0 0 0.00219441 0.00772107 0.0458388 0.0604681 0.0671733 0.0775358 0.0609151 0.0617685 0.073594 0.0568108 0.0755445 0.0548602 0.0670107 0.0636378 0.0643287 0.046367 0.0373049 0.0286899 0.0247887 0.0153202 0.00654259 0.00121912 0.000365735 0 0 0
 0 0 0 0 0 0 0 0 0 0 0 0 0.000112435 0.00938835 0.0111873 0.0202946 0.0414886 0.0713402 0.111592 0.104902 0.108894 0.110636 0.117776 0.105296 0.107544 0.0401394 0.0192827 0.0124803 0.00416011 0.0028671 0.000618394 0 0 0 0 0
 0 0 0 0 0 0 0 0 0 0 0.00291406 0.0102884 0.027416 0.0768956 0.0749926 0.110853 0.0956884 0.0897413 0.0766577 0.0534642 0.0500743 0.0551293 0.0594112 0.0620874 0.0668451 0.0424026 0.0208742 0.0120726 0.0048766 0.00582813 0.00118941 0.000297354 0 0 0 0
 0 0.00264628 0.0354308 0.0461629 0.0458689 0.0383711 0.0214643 0.0164657 0.0346957 0.0420465 0.0363128 0.0245516 0.0311673 0.0291091 0.0169068 0.0133784 0.00837989 0.0085269 0.0148486 0.0160247 0.0276389 0.0546898 0.0760071 0.122758 0.109233 0.0665981 0.0333725 0.0166128 0.00676272 0.00308733 0.000882094 0 0 0 0 0
 0 0 0 0 0 0 0 0.000805153 0.000690131 0.00759144 0.0133425 0.0154129 0.00931677 0.000345066 0.00356568 0.00563607 0.00851162 0.0253048 0.0502646 0.0516448 0.0657925 0.0565908 0.0611916 0.0827007 0.0866115 0.110766 0.145733 0.0935128 0.0569358 0.0249597 0.0138026 0.00621118 0.00161031 0.00115022 0 0
 0 0 0 0 0 0 0 0 0 0 0 0 0 0 0 0 0 0 0 0 0 0 0 0 0 0 0 0 0 0 0 0 0 0 0 0
 0.00147267 0.00158595 0.00478618 0.00569244 0.00954404 0.0108468 0.00647125 0.017049 0.0510054 0.094081 0.124002 0.0959785 0.0687766 0.0820023 0.061753 0.0591476 0.0492212 0.0479892 0.0443925 0.0268479 0.0217502 0.0140895 0.0121071 0.0120363 0.00920419 0.00665534 0.0049561 0.00860946 0.00930331 0.0156896 0.0114698 0.00855282 0.00243557 0.00046729 0 2.83206e-05
 0 0 0 0 0.000772559 0.00158375 0.000888443 0.00281984 0.00712685 0.0440552 0.0773331 0.111326 0.0921469 0.0852325 0.0710754 0.0886704 0.0786465 0.0553345 0.0373146 0.0185414 0.00753245 0.00457741 0.012979 0.0271748 0.0457355 0.0583668 0.034881 0.0177882 0.00938659 0.00492506 0.0015258 0.00185414 0.000309023 5.79419e-05 3.86279e-05 0
 0 0.00173294 0.00326652 0 0.00397197 0.00683976 0.00946217 0.0152591 0.00757587 0.0136028 0.0228656 0.0392903 0.0559909 0.0764795 0.0681675 0.0726916 0.0566044 0.0477403 0.0527397 0.0444891 0.0609904 0.0582453 0.0661739 0.0445044 0.0529084 0.0360697 0.0280645 0.0235558 0.0158879 0.00826598 0.00280645 0.00217768 0.000904811 0.00058276 9.20147e-05 0
 0 0 0 0 0 0 0 0 0 0 0 0 0 0 0 0 0 0 0 0 0 0 0 0 0 0 0 0 0 0 0 0 0 0 0 0
 0 0 0 0 0 0 0 0 0 0 0 0 0 0 0 0 0 0 0 0 0 0 0 0 0 0 0 0 0 0 0 0 0 0 0 0
 0 0 0 0 0 0 0 0 0 0 0 0 0 0 0 0 0 0 0 0 0 0 0 0 0 0 0 0 0 0 0 0 0 0 0 0
 0 0 0 0 0 0 0 0 0 0 0 0 0 0 0 0 0 0 0 0 0 0 0 0 0 0 0 0 0 0 0 0 0 0 0 0
ppred_pel_tallas
 1.01114e-16 3.39546e-05 0.00019929 0.000947343 0.00364734 0.0113739 0.0287295 0.0587843 0.0974408 0.130858 0.142394 0.125589 0.0898732 0.0523946 0.0253235 0.0109775 0.00564181 0.00494576 0.00621169 0.00826467 0.0106255 0.0130067 0.0151444 0.0167922 0.0177635 0.01797 0.0174378 0.0162931 0.0147238 0.0129331 0.011098 0.00934556 0.00774835 0.0063346 0.00510485 0.00404731
 1.01341e-16 3.10523e-05 0.000182245 0.000866294 0.00333525 0.0104007 0.0262713 0.0537551 0.0891068 0.119674 0.130243 0.114919 0.0823391 0.0482075 0.0236831 0.010921 0.00655858 0.00662234 0.0086621 0.011566 0.0148171 0.0180382 0.0208559 0.0229223 0.0239831 0.0239338 0.022842 0.0209216 0.018474 0.0158145 0.013209 0.0108371 0.0087864 0.00707017 0.00565614 0.00449425
 1.02572e-16 2.3861e-05 0.000140016 0.000665513 0.00256216 0.00798977 0.0201817 0.0412962 0.0684591 0.0919574 0.100117 0.0884279 0.0635555 0.0376083 0.0192189 0.0101161 0.0077911 0.00924785 0.0126191 0.0170013 0.0218717 0.0267443 0.0310931 0.0344143 0.0363286 0.0366636 0.0354864 0.033071 0.0298177 0.0261529 0.0224423 0.0189412 0.0157865 0.0130198 0.0106248 0.00856273
 1.03338e-16 2.80049e-05 0.000164356 0.000781252 0.00300783 0.0093796 0.0236922 0.0484778 0.0803592 0.107926 0.117459 0.103643 0.0742678 0.043499 0.0214044 0.00993453 0.00606826 0.00623798 0.0082553 0.011143 0.0144624 0.0178976 0.0211274 0.0238371 0.0257742 0.0267967 0.0268944 0.0261733 0.0248141 0.0230201 0.0209722 0.0188062 0.0166104 0.0144389 0.0123294 0.010317
 1.02844e-16 2.98513e-05 0.000175196 0.000832788 0.00320625 0.00999838 0.0252552 0.0516758 0.0856599 0.115043 0.125202 0.110465 0.0791358 0.046308 0.0227064 0.0104002 0.00615659 0.00615906 0.00806201 0.0108141 0.0139437 0.0171187 0.0200104 0.0223074 0.0237729 0.0242945 0.023903 0.0227522 0.0210694 0.019095 0.0170314 0.0150154 0.0131166 0.0113543 0.00972173 0.00820776
 1.03557e-16 2.31877e-05 0.000136064 0.000646725 0.00248982 0.00776419 0.019612 0.0401303 0.0665266 0.0893621 0.0972929 0.0859365 0.061772 0.0365671 0.0187134 0.00989377 0.00767379 0.00914573 0.0124982 0.0168552 0.0217095 0.0265877 0.0309767 0.0343842 0.0364386 0.0369698 0.0360393 0.0339082 0.0309577 0.0275908 0.024149 0.0208656 0.0178598 0.0151628 0.0127558 0.0106049
 1.03792e-16 2.76756e-05 0.000162423 0.000772064 0.00297245 0.00926928 0.0234135 0.0479077 0.0794141 0.106656 0.116078 0.102423 0.0733936 0.0429863 0.0211509 0.00981549 0.00599503 0.00616517 0.00816537 0.011033 0.0143384 0.017774 0.0210264 0.0237877 0.0258091 0.0269478 0.027188 0.0266259 0.0254293 0.0237873 0.0218683 0.0197979 0.017658 0.0155007 0.0133659 0.0112937
 1.04202e-16 2.41805e-05 0.000141896 0.000674458 0.00259662 0.00809723 0.0204531 0.0418511 0.0693778 0.0931874 0.101446 0.0895761 0.0643259 0.037954 0.0191931 0.00977639 0.00714375 0.00824861 0.011203 0.0151169 0.0195109 0.0239637 0.0280251 0.031262 0.0333445 0.0341154 0.033617 0.0320625 0.0297666 0.0270618 0.0242266 0.0214482 0.0188204 0.0163675 0.0140794 0.0119411
 1.04312e-16 2.58473e-05 0.000151686 0.000721015 0.00277589 0.0086563 0.0218652 0.04474 0.0741645 0.0996102 0.10842 0.0956931 0.0686282 0.040311 0.0200503 0.00966752 0.00639603 0.00695986 0.0093441 0.0126335 0.0163884 0.0202631 0.0238955 0.0269313 0.0290894 0.030217 0.0303125 0.0295063 0.0280109 0.0260595 0.0238543 0.0215396 0.0192012 0.0168837 0.0146139 0.0124189
 1.04494e-16 2.44995e-05 0.000143771 0.000683376 0.00263096 0.00820434 0.0207236 0.0424045 0.0702944 0.0944164 0.102778 0.0907391 0.0651321 0.0383714 0.0192969 0.00965504 0.0068428 0.00776839 0.0105217 0.014215 0.0183888 0.0226531 0.0265926 0.0298049 0.0319784 0.0329561 0.0327604 0.0315687 0.0296514 0.0272975 0.024751 0.0221785 0.019668 0.0172511 0.0149335 0.0127195
 1.06118e-16 1.8872e-05 0.000110727 0.000526269 0.00202604 0.00631788 0.0159587 0.0326555 0.0541373 0.0727267 0.0791984 0.0699951 0.0504028 0.0300179 0.0156979 0.00884855 0.00752918 0.0094101 0.0130404 0.0177071 0.0229669 0.0283735 0.0334244 0.0376237 0.0405803 0.0420859 0.0421473 0.0409573 0.0388236 0.0360796 0.0330112 0.0298182 0.026614 0.0234513 0.0203573 0.0173602
 1.08e-16 1.87976e-05 0.000110296 0.000524236 0.00201823 0.00629356 0.0158972 0.0325292 0.053926 0.0724374 0.078869 0.0696698 0.0500944 0.0296863 0.0152553 0.00817841 0.00650205 0.00789721 0.0109327 0.0149434 0.0195671 0.0244656 0.0292546 0.0335414 0.0369947 0.0394039 0.0407048 0.0409626 0.040325 0.0389648 0.037035 0.0346494 0.0318888 0.0288221 0.0255282 0.0221085
 1.06508e-16 2.58165e-05 0.00015151 0.000720186 0.00277272 0.00864642 0.0218402 0.0446884 0.0740777 0.0994897 0.108278 0.0955426 0.0684653 0.0401048 0.0197433 0.00918193 0.00564042 0.00583785 0.00776846 0.0105472 0.0137895 0.0172264 0.0205833 0.0235872 0.0260128 0.0277225 0.0286833 0.0289509 0.0286349 0.0278545 0.0267068 0.0252533 0.0235275 0.0215535 0.0193665 0.0170242
 1.04507e-16 2.66645e-05 0.000156484 0.000743821 0.0028637 0.00893013 0.0225569 0.0461552 0.0765105 0.102761 0.111849 0.0987172 0.0707929 0.0415736 0.0206606 0.0099295 0.00652074 0.00704758 0.00942222 0.0126901 0.0163876 0.020151 0.023605 0.0263918 0.0282396 0.0290198 0.0287679 0.0276587 0.0259483 0.0239028 0.0217403 0.0196004 0.017545 0.0155811 0.0136916 0.0118618
 1.02712e-16 3.05294e-05 0.000179178 0.00085172 0.00327915 0.0102257 0.0258294 0.0528506 0.0876068 0.117657 0.128042 0.112963 0.0809062 0.0473063 0.0231253 0.010473 0.00603588 0.00590565 0.00768218 0.0102951 0.0132743 0.0162985 0.0190536 0.0212425 0.022639 0.0231349 0.0227586 0.0216558 0.0200428 0.0181496 0.0161704 0.0142379 0.0124206 0.0107384 0.00918614 0.00775271
 1.01708e-16 3.23305e-05 0.000189752 0.000901992 0.00347271 0.0108293 0.0273541 0.0559702 0.0927773 0.124599 0.135592 0.119612 0.0856429 0.0500238 0.024356 0.0108628 0.00602339 0.0056877 0.0073062 0.00974394 0.0125099 0.0152792 0.0177421 0.0196099 0.0206687 0.0208253 0.0201252 0.0187323 0.0168818 0.0148203 0.0127561 0.01083 0.00911155 0.00761445 0.00631948 0.00519647
 1.02088e-16 2.70307e-05 0.000158629 0.000754007 0.0029029 0.00905236 0.0228657 0.0467874 0.0775597 0.104174 0.113396 0.100106 0.0718398 0.0422901 0.0212044 0.0105005 0.00729385 0.00815775 0.0109669 0.0147232 0.0189023 0.0230607 0.0267345 0.029485 0.0309866 0.0310999 0.0298984 0.0276383 0.0246859 0.0214265 0.0181868 0.0151896 0.0125473 0.0102831 0.00836673 0.00674729
 1.02862e-16 2.74088e-05 0.000160853 0.000764593 0.00294367 0.00917953 0.0231869 0.0474441 0.0786468 0.105629 0.114969 0.101465 0.0727521 0.042701 0.0211782 0.0101078 0.00654718 0.00701292 0.00935963 0.0126104 0.0162961 0.0200521 0.0235009 0.0262777 0.0280987 0.0288185 0.0284546 0.0271669 0.0252042 0.0228379 0.0203055 0.0177783 0.0153577 0.0130912 0.0109956 0.00907781
 1.03237e-16 2.72037e-05 0.000159648 0.000758866 0.00292162 0.00911076 0.0230132 0.0470888 0.0780579 0.104839 0.11411 0.100711 0.0722184 0.0424024 0.0210571 0.0100945 0.00659581 0.0071047 0.00949058 0.0127798 0.0165003 0.0202814 0.02374 0.0265083 0.0283036 0.0289866 0.0285854 0.0272722 0.025307 0.0229684 0.0204941 0.0180491 0.0157232 0.013549 0.0115296 0.00966121
 1.0256e-16 3.10471e-05 0.000182218 0.000866178 0.00333482 0.0103993 0.0262679 0.0537477 0.0890934 0.119652 0.13021 0.114866 0.082251 0.0480546 0.0234206 0.0104875 0.00587954 0.00561763 0.0072612 0.00972865 0.0125563 0.0154383 0.0180794 0.0201998 0.0215841 0.0221261 0.0218459 0.0208725 0.0194022 0.0176448 0.0157796 0.0139312 0.0121672 0.0105127 0.00897028 0.00753786
 1.02358e-16 2.8705e-05 0.000168462 0.000800765 0.00308294 0.00961383 0.0242839 0.0496888 0.0823675 0.110626 0.120406 0.106261 0.0761838 0.0447009 0.0221421 0.0105179 0.00673955 0.00715001 0.0094915 0.0127289 0.0163596 0.0199934 0.0232327 0.0257022 0.0271226 0.0273709 0.0265043 0.0247338 0.0223623 0.0197084 0.0170404 0.0145397 0.0122963 0.0103282 0.00861193 0.00711082
 1.02634e-16 2.81935e-05 0.00016546 0.000786497 0.00302801 0.00944253 0.0238512 0.0488034 0.0808997 0.108654 0.118259 0.104364 0.0748193 0.0438913 0.0217253 0.0102954 0.00656873 0.00695618 0.00924599 0.0124307 0.0160289 0.0196707 0.0229774 0.0255866 0.0272212 0.0277472 0.027197 0.0257473 0.0236635 0.0212302 0.0186926 0.0162229 0.0139163 0.0118077 0.00989813 0.00817727
 1.0235e-16 3.08579e-05 0.000181106 0.000860889 0.00331445 0.0103358 0.0261074 0.0534195 0.0885497 0.118923 0.129419 0.114174 0.0817671 0.0477962 0.0233399 0.010528 0.00600902 0.00583081 0.00756704 0.0101376 0.0130712 0.0160493 0.0187615 0.0209137 0.022281 0.0227544 0.0223594 0.0212376 0.0196015 0.0176785 0.0156634 0.0136916 0.0118369 0.0101254 0.00855757 0.00712647
 1.02126e-16 3.00454e-05 0.000176334 0.000838192 0.00322705 0.0100632 0.025419 0.0520112 0.0862163 0.115792 0.12602 0.111195 0.079677 0.0466612 0.022947 0.0106227 0.00643941 0.00655738 0.00861172 0.0115322 0.0148236 0.0181236 0.0210713 0.0233266 0.0246357 0.0248857 0.0241256 0.0225435 0.0204109 0.018014 0.0155946 0.0133175 0.0112656 0.00945794 0.00787623 0.00649014
 1.04065e-16 1.75593e-05 0.000103011 0.00048957 0.00188471 0.00587713 0.0148455 0.0303785 0.0503658 0.06767 0.0737179 0.0652138 0.0470953 0.0283196 0.0153055 0.00940752 0.0088642 0.011535 0.0160617 0.0217217 0.0279855 0.0342708 0.0399194 0.0442941 0.0469124 0.0475511 0.0462868 0.0434548 0.039548 0.035091 0.0305319 0.0261816 0.0222052 0.018653 0.0155085 0.0127319
 1.06154e-16 2.28963e-05 0.000134364 0.000638669 0.00245885 0.00766763 0.0193679 0.03963 0.065694 0.0882338 0.0960386 0.0847671 0.0607976 0.0357231 0.0177933 0.00862875 0.005791 0.0063969 0.00868776 0.0118859 0.0156389 0.0196754 0.0236984 0.0273976 0.0304975 0.0328032 0.0342222 0.0347574 0.0344794 0.0334902 0.0318948 0.02979 0.0272672 0.0244235 0.0213705 0.0182355
pSPR Fmed_Fpbrs
0.427054   0.6 0.325
Fs Fmed_Fpbrs
0.68   0.343967 1.04812
SSBpbr Bo_Bmed_Bpbrs
3.02419e+06  1.14028e+06  1.6633e+06 831652
Ro
67507.9
SPR SPRFo_SPRFmed_SPRFpbrs
1.39433e+06 595455 453158
log_Ro
10.94
likeval ReclasPelacesDesembMPH_pf_preclas_ppelaces_ptallas_desvR_qrecl_qpela
 64.294 24.6795 0.0391012 0.000538004 334.223 219.031 84.0267 0 17.18 0.000102384 5.75871e-07 7.82359e-16 0 0 0
q_reclas_q_pelaces
0.238394 1.11401
M
0.7
N
 76748.2 19164.5 7125.63 839.696 0.443377
 96053.7 35732.5 6881.14 2558.51 301.658
 62053.3 45531.5 14043.4 2704.39 1124.09
 89594.5 28952.4 16524.2 5096.6 1389.42
 146784 43985.3 13573.4 7746.87 3040.78
 110205 72708.9 21569.9 6656.27 5290.14
 163267 53303.8 31626.1 9382.23 5196.32
 138894 79748.5 24361.1 14453.9 6662.74
 151361 66677.7 33403.7 10204 8844.96
 137267 72215.3 27074.1 13563.4 7734.71
 67964.9 65822.5 30077.1 11276.2 8870.5
 41377 31206.4 22038 10070.1 6745.28
 42320 19084.2 10687.7 7547.68 5759.02
 24472.7 18711.9 5285.04 2959.77 3685.05
 19676.9 9928.05 3360.67 949.198 1193.42
 25519.4 8160.14 1991.85 674.246 429.869
 21776 11821.5 2856.45 697.244 386.495
 24872.9 10297.7 4590.51 1109.22 420.837
 28534.2 11957.2 4343.65 1936.32 645.39
 49337.8 13789.6 5178.75 1881.27 1118.16
 61209.3 23822.7 5946.59 2233.28 1293.47
 78167.7 29993.4 11063.3 2761.61 1637.83
 132181 38130.7 13616.2 5022.46 1997.23
 187264 64255.6 17011.4 6074.64 3131.71
 83898.5 91179.4 28900 7651.14 4140.71
 105677 40981.6 41675.6 13209.4 5389.72
pred_Ctot
 3458.94 3888.78 1445.9 170.388 0.0899683
 3147.29 5432.31 1046.12 388.962 45.8601
 2706.92 8974.2 2767.94 533.032 221.556
 733.323 1168.06 666.653 205.618 56.0549
 263.222 394.988 121.89 69.5669 27.3062
 2063.38 6537.92 1939.55 598.526 475.685
 1923.92 3068.7 1820.71 540.134 299.151
 3330.13 9064.96 2769.11 1642.96 757.349
 4280.1 8844.96 4431.09 1353.58 1173.31
 3399.17 8461.75 3172.38 1589.28 906.307
 3701.03 15773.8 7207.74 2702.24 2125.74
 2127.79 7114.35 5024.16 2295.75 1537.77
 3358.59 6276.18 3514.84 2482.18 1893.95
 3259.64 9092.77 2568.19 1438.26 1790.7
 2357.59 4477.73 1515.73 428.106 538.253
 1237.5 1766.82 431.272 145.987 93.0748
 749.384 1879.94 454.254 110.881 61.4633
 572.148 1125.7 501.818 121.255 46.0044
 551.328 1107.92 402.472 179.415 59.8003
 983.067 1315.66 494.106 179.492 106.684
 582.958 1114.65 278.238 104.494 60.5208
 994.813 1860.52 686.269 171.306 101.596
 2005.87 2803.38 1001.07 369.252 146.837
 2628.45 4381.77 1160.05 414.246 213.56
 987.395 5242.7 1661.72 439.931 238.085
 1258.37 2383.37 2423.72 768.218 313.45
F
 0.0644692 0.324275 0.324275 0.324275 0.324275
 0.0465036 0.233909 0.233909 0.233909 0.233909
 0.0623426 0.313579 0.313579 0.313579 0.313579
 0.0114388 0.0575362 0.0575362 0.0575362 0.0575362
 0.00249629 0.0125562 0.0125562 0.0125562 0.0125562
 0.0263386 0.132481 0.132481 0.132481 0.132481
 0.0165054 0.083021 0.083021 0.083021 0.083021
 0.0338399 0.170212 0.170212 0.170212 0.170212
 0.040019 0.201293 0.201293 0.201293 0.201293
 0.0349681 0.175887 0.175887 0.175887 0.175887
 0.07837 0.394195 0.394195 0.394195 0.394195
 0.0738632 0.371526 0.371526 0.371526 0.371526
 0.116102 0.583984 0.583984 0.583984 0.583984
 0.202194 1.01702 1.01702 1.01702 1.01702
 0.180182 0.906302 0.906302 0.906302 0.906302
 0.0695203 0.349682 0.349682 0.349682 0.349682
 0.0488927 0.245926 0.245926 0.245926 0.245926
 0.0324463 0.163202 0.163202 0.163202 0.163202
 0.027191 0.136768 0.136768 0.136768 0.136768
 0.028051 0.141094 0.141094 0.141094 0.141094
 0.0133213 0.0670051 0.0670051 0.0670051 0.0670051
 0.0178363 0.0897153 0.0897153 0.0897153 0.0897153
 0.0213004 0.107139 0.107139 0.107139 0.107139
 0.0196875 0.0990268 0.0990268 0.0990268 0.0990268
 0.0164843 0.0829145 0.0829145 0.0829145 0.0829145
 0.0166801 0.0838996 0.0838996 0.0838996 0.0838996
Np
 49177.4 22806.6 18169.4 6588.05 9058.24
YTP_r0W_actual
 11325.3 60537.5 85557.4 31804.2 14105.2
YTP_p0W_proyectada
 19244.8 237986 125442 162911 83466.8
 19244.8 105168 121797 56398.6 86054
CTP_r0_actual
 1258.37 2383.37 2423.72 768.218 313.45
CTP_p0_proyectada
 2346.93 11017.9 3994.97 4062.61 1875.66
 2346.93 4868.87 3878.9 1406.45 1933.8
Wmedp
 8.2 21.6 31.4 40.1 44.5
nmprior
 10.6 11 7 0
nm_flota  nm_reclas  nm_pelaces    nm_pelaL
inf 11.5355 19.9091 65.8675
cv_recla  cv_pelaces  cv_mph
0.709345 0.544201 0.631286
 ------------------------------------------------
Talla a la edad & desviaci?n 
 7.2 14.2025 17.0495 18.207 18.6776
 1.08 2.13037 2.55742 2.73105 2.80164
