years
 1997 1998 1999 2000 2001 2002 2003 2004 2005 2006 2007 2008 2009 2010 2011 2012 2013 2014 2015 2016 2017 2018 2019 2020 2021 2022
reclasobs
 0 0 0 370054 412103 1.49427e+06 250295 1.28982e+06 931140 785840 897777 1.04006e+06 184774 17550 25797 100020 73551 82996 120727 218422 84188 347160 605670 569463 516374 1.08416e+06
reclaspred
 851672 182563 378315 176791 295684 372261 795123 627496 703324 863456 848923 617032 354443 137720 78949.6 75136.5 83032.2 109310 123173 142025 220903 223558 367540 479316 645307 479235
pelacesobs
 0 0 0 0 0 0 0 0 0 2.06254e+06 1.5e+06 0 1.87456e+06 323000 250000 174000 83755 137374 0 501740 490994 745055 786931 1.00524e+06 1.33801e+06 1.41789e+06
pelacespred
 2.61727e+06 677518 573613 549792 887538 727807 2.28354e+06 1.86139e+06 1.98339e+06 2.52271e+06 2.01901e+06 1.52691e+06 893096 280033 165418 163328 186774 261657 285188 321769 616799 580294 743638 1.13182e+06 1.44151e+06 1.09887e+06
mphobs
 0 0 0 0 0 112323 0 153150 637223 0 255016 313432 73983 77613 109348 50772 17779 17303 59886 28197 0 207744 136588 643089 65757 0
mphpred
 266876 125333 122762 75905.5 78409.1 152044 191912 292831 263704 304907 376947 266661 167405 88885.3 41673.1 31098.8 30341.3 37085.3 46321.5 47738.7 67584.3 87499.7 104680 148431 225623 188514
desembarqueobs
 350755 77701 442110 56441 14545 235359 269955 359681 431902 328805 639364 411747 362871 311530 167758 66681 60226 58785 57116 73181 50977 67692 138656 160484 209506 203330
desembarquepred
 350738 77676.1 441779 56435.4 14544.9 235372 269998 359389 431689 328661 638678 411377 362475 311225 167355 66638.7 60223.9 58738.9 57064.2 73139.5 50973.3 67656.4 138615 160450 209419 203242
Reclutas
 27111 41627.2 10727.1 15576 39722.4 22494.3 64745.7 61060.2 79573 115288 66934.1 47938.2 49850.1 28265.6 13138.9 10572.6 7915.25 9320.96 8884.08 12423.9 18238.3 21544.8 36009.4 50635.6 17000.4 13889.8
log_desv_Rt
 0.0476958 0.476509 -0.879472 -0.506517 0.42967 -0.138984 0.918223 0.859616 1.12443 1.49519 0.951465 0.617668 0.656775 0.0894023 -0.676665 -0.893981 -1.18345 -1.01998 -1.06798 -0.732623 -0.348722 -0.182109 0.331535 0.67241 -0.419008 -0.621091
SSB
 469327 220410 215889 133487 137890 267383 337496 514972 463749 536207 662896 468948 294397 156313 73286 54690.2 53358 65218 81460.7 83953 118853 153876 184090 261031 396779 331519
BT
 1.31685e+06 346324 444547 242990 339675 405291 1.18e+06 1.08944e+06 1.20639e+06 1.29783e+06 1.28803e+06 910170 705746 401904 207857 117789 121278 147992 143213 177039 271388 242546 349641 531588 589126 483954
Ftot
 0.955831 1.11995 2.2754 0.753342 0.145259 1.33168 0.981835 1.52656 1.68767 1.10312 1.71894 1.4794 2.42773 4.75581 4.95303 2.25703 1.88243 1.40952 1.09629 1.28236 0.614869 0.707423 0.887641 0.864007 0.693142 0.829346
BD_Bspro_t
 0.91101 0.610221 0.497639 0.239369 0.354919 0.567575 0.479586 0.543722 0.475476 0.466432 0.483191 0.333652 0.240439 0.159171 0.0917759 0.0849413 0.113785 0.184 0.266615 0.323184 0.434446 0.564008 0.565526 0.576878 0.606622 0.489549
BD_Bspro
 0.879088 0.412845 0.404377 0.250032 0.258279 0.50083 0.632158 0.964584 0.868639 1.00436 1.24166 0.878378 0.55143 0.292787 0.137271 0.102439 0.0999438 0.122159 0.152583 0.157251 0.222622 0.288223 0.344816 0.488931 0.7432 0.620963
BD_Bo
 0.862546 0.405076 0.396768 0.245327 0.253419 0.491406 0.620262 0.946433 0.852294 0.98546 1.21829 0.861849 0.541054 0.287278 0.134688 0.100512 0.0980632 0.11986 0.149711 0.154292 0.218433 0.2828 0.338327 0.479731 0.729215 0.609278
BD_Brms
 1.56827 0.736503 0.721396 0.446049 0.460762 0.893466 1.12775 1.72079 1.54962 1.79175 2.21508 1.567 0.983735 0.522323 0.244887 0.182748 0.178297 0.217927 0.272203 0.280531 0.397151 0.514181 0.61514 0.872239 1.32585 1.10778
S_f
 0.0752132 0.607115 0.967062 0.998211 0.999906
 0.0752132 0.607115 0.967062 0.998211 0.999906
 0.0752132 0.607115 0.967062 0.998211 0.999906
 0.0752132 0.607115 0.967062 0.998211 0.999906
 0.0752132 0.607115 0.967062 0.998211 0.999906
 0.0752132 0.607115 0.967062 0.998211 0.999906
 0.0752132 0.607115 0.967062 0.998211 0.999906
 0.0752132 0.607115 0.967062 0.998211 0.999906
 0.0752132 0.607115 0.967062 0.998211 0.999906
 0.0752132 0.607115 0.967062 0.998211 0.999906
 0.0752132 0.607115 0.967062 0.998211 0.999906
 0.0752132 0.607115 0.967062 0.998211 0.999906
 0.0752132 0.607115 0.967062 0.998211 0.999906
 0.0752132 0.607115 0.967062 0.998211 0.999906
 0.0752132 0.607115 0.967062 0.998211 0.999906
 0.0752132 0.607115 0.967062 0.998211 0.999906
 0.0752132 0.607115 0.967062 0.998211 0.999906
 0.0752132 0.607115 0.967062 0.998211 0.999906
 0.0752132 0.607115 0.967062 0.998211 0.999906
 0.0752132 0.607115 0.967062 0.998211 0.999906
 0.0752132 0.607115 0.967062 0.998211 0.999906
 0.0752132 0.607115 0.967062 0.998211 0.999906
 0.0752132 0.607115 0.967062 0.998211 0.999906
 0.0752132 0.607115 0.967062 0.998211 0.999906
 0.0752132 0.607115 0.967062 0.998211 0.999906
 0.0752132 0.607115 0.967062 0.998211 0.999906
Scru_reclas
 0.299812 0.683033 0.915575 0.982007 0.996372
 0.299812 0.683033 0.915575 0.982007 0.996372
 0.299812 0.683033 0.915575 0.982007 0.996372
 0.299812 0.683033 0.915575 0.982007 0.996372
 0.299812 0.683033 0.915575 0.982007 0.996372
 0.299812 0.683033 0.915575 0.982007 0.996372
 0.299812 0.683033 0.915575 0.982007 0.996372
 0.299812 0.683033 0.915575 0.982007 0.996372
 0.299812 0.683033 0.915575 0.982007 0.996372
 0.299812 0.683033 0.915575 0.982007 0.996372
 0.299812 0.683033 0.915575 0.982007 0.996372
 0.299812 0.683033 0.915575 0.982007 0.996372
 0.299812 0.683033 0.915575 0.982007 0.996372
 0.299812 0.683033 0.915575 0.982007 0.996372
 0.299812 0.683033 0.915575 0.982007 0.996372
 0.299812 0.683033 0.915575 0.982007 0.996372
 0.299812 0.683033 0.915575 0.982007 0.996372
 0.299812 0.683033 0.915575 0.982007 0.996372
 0.299812 0.683033 0.915575 0.982007 0.996372
 0.299812 0.683033 0.915575 0.982007 0.996372
 0.299812 0.683033 0.915575 0.982007 0.996372
 0.299812 0.683033 0.915575 0.982007 0.996372
 0.299812 0.683033 0.915575 0.982007 0.996372
 0.299812 0.683033 0.915575 0.982007 0.996372
 0.299812 0.683033 0.915575 0.982007 0.996372
 0.299812 0.683033 0.915575 0.982007 0.996372
Scru_pelaces
 0.421373 0.785634 0.948571 0.989342 0.997864
 0.421373 0.785634 0.948571 0.989342 0.997864
 0.421373 0.785634 0.948571 0.989342 0.997864
 0.421373 0.785634 0.948571 0.989342 0.997864
 0.421373 0.785634 0.948571 0.989342 0.997864
 0.421373 0.785634 0.948571 0.989342 0.997864
 0.421373 0.785634 0.948571 0.989342 0.997864
 0.421373 0.785634 0.948571 0.989342 0.997864
 0.421373 0.785634 0.948571 0.989342 0.997864
 0.421373 0.785634 0.948571 0.989342 0.997864
 0.421373 0.785634 0.948571 0.989342 0.997864
 0.421373 0.785634 0.948571 0.989342 0.997864
 0.421373 0.785634 0.948571 0.989342 0.997864
 0.421373 0.785634 0.948571 0.989342 0.997864
 0.421373 0.785634 0.948571 0.989342 0.997864
 0.421373 0.785634 0.948571 0.989342 0.997864
 0.421373 0.785634 0.948571 0.989342 0.997864
 0.421373 0.785634 0.948571 0.989342 0.997864
 0.421373 0.785634 0.948571 0.989342 0.997864
 0.421373 0.785634 0.948571 0.989342 0.997864
 0.421373 0.785634 0.948571 0.989342 0.997864
 0.421373 0.785634 0.948571 0.989342 0.997864
 0.421373 0.785634 0.948571 0.989342 0.997864
 0.421373 0.785634 0.948571 0.989342 0.997864
 0.421373 0.785634 0.948571 0.989342 0.997864
 0.421373 0.785634 0.948571 0.989342 0.997864
pf_obs 
 0.256992 0.487395 0.22802 0.0275931 0
 0.321318 0.546541 0.124235 0.00734118 0.000564706
 0.182869 0.594174 0.210203 0.0122559 0.00049798
 0.330522 0.361315 0.267642 0.0388342 0.00168674
 0.649043 0.306663 0.0425973 0.00169635 0
 0.582887 0.30429 0.105238 0.00758474 0
 0.465427 0.430635 0.0974691 0.00646863 0
 0.296916 0.608066 0.0921331 0.00288517 0
 0.311714 0.524322 0.152257 0.0117073 0
 0.15457 0.633149 0.183074 0.0267441 0.00246327
 0.131901 0.49318 0.331252 0.0422183 0.00144891
 0.196976 0.569456 0.194076 0.0375587 0.00193317
 0.518974 0.381816 0.0799577 0.0180837 0.00116848
 0.0928022 0.601141 0.25162 0.0475244 0.00691264
 0.122501 0.610282 0.24278 0.0234846 0.000952079
 0.383417 0.481906 0.127806 0.00687128 0
 0.0376549 0.599619 0.316969 0.0457579 0
 0.0361596 0.667082 0.258105 0.0386534 0
 0.158088 0.579412 0.248529 0.0139706 0
 0.0477256 0.309471 0.559284 0.082774 0.000745712
 0.0406174 0.521527 0.379366 0.0568643 0.0016247
 0.151134 0.462217 0.34131 0.0453401 0
 0.294876 0.26143 0.354403 0.0886775 0.000613685
 0.281977 0.475581 0.204845 0.0348837 0.00271318
 0.0841818 0.532909 0.334909 0.0458182 0.00218182
 0.115287 0.27431 0.454777 0.147771 0.00785563
pf_pred 
 0.178941 0.553597 0.237621 0.0298307 1.04477e-05
 0.261256 0.496688 0.193843 0.0430655 0.00514729
 0.0813693 0.732879 0.150052 0.0288899 0.00680902
 0.218102 0.428533 0.323828 0.0242272 0.00530983
 0.32658 0.46889 0.14096 0.0584708 0.00509849
 0.128695 0.675832 0.154188 0.0287479 0.0125374
 0.370569 0.375837 0.223467 0.0240537 0.00607261
 0.231654 0.660388 0.0803328 0.0244882 0.00313794
 0.285799 0.548876 0.154255 0.00836807 0.00270159
 0.300854 0.57566 0.109407 0.013194 0.000885175
 0.154212 0.682279 0.147842 0.0139638 0.00170394
 0.160591 0.575527 0.239669 0.0220308 0.00218176
 0.251227 0.53174 0.180105 0.0337269 0.00320188
 0.252002 0.651839 0.0844837 0.00982704 0.00184781
 0.266242 0.688736 0.0439741 0.000936737 0.000110969
 0.301752 0.654457 0.0433533 0.00042884 8.71397e-06
 0.219234 0.669127 0.108987 0.00262828 2.44554e-05
 0.261833 0.571428 0.156181 0.0103251 0.000233982
 0.209391 0.622767 0.147971 0.0186817 0.00118969
 0.263342 0.526459 0.185398 0.0219987 0.00280229
 0.264834 0.571387 0.137604 0.0232387 0.00293678
 0.208959 0.57744 0.184088 0.0249619 0.00455153
 0.267577 0.499523 0.193712 0.0339774 0.00521056
 0.257823 0.56719 0.14067 0.0287709 0.0055464
 0.0718431 0.687672 0.206882 0.0272616 0.00634096
 0.0897723 0.347439 0.472143 0.0784538 0.0121918
pobs_RECLAS
 0 0 0 0 0
 0 0 0 0 0
 0 0 0 0 0
 0 0 0 0 0
 0.835266 0.146461 0.0176864 0.000547809 3.91292e-05
 0.385257 0.428462 0.181853 0.0044286 0
 0.867414 0.0963971 0.0333333 0.00285562 0
 0.441836 0.489002 0.0689373 0.000224442 0
 0.779404 0.147425 0.0564933 0.0165055 0.000172143
 0.814271 0.122319 0.05973 0.00367925 0
 0.40263 0.566651 0.0304383 0.000280538 0
 0.475488 0.404961 0.113038 0.00651328 0
 0.955842 0.0263864 0.0167828 0.000988607 0
 0.975058 0.0227948 0.00214734 0 0
 0.738997 0.206755 0.0527124 0.00153531 0
 0.850938 0.134255 0.0134407 0.00136685 0
 0.542534 0.407297 0.0501686 0 0
 0.764087 0.199537 0.0359546 0.000420521 0
 0.470689 0.182191 0.310203 0.0369168 0
 0.84361 0.089868 0.0606195 0.00523954 0.000663233
 0.607945 0.314616 0.071237 0.00620181 0
 0.523733 0.453247 0.0230204 0 0
 0.530135 0.295979 0.169645 0.0042399 0
 0.562478 0.366248 0.0663022 0.0049721 0
 0.250443 0.683176 0.0655157 0.000865301 0
 0.195077 0.31981 0.436473 0.0351445 0.0134964
ppred_RECLAS
 0.461954 0.386509 0.134106 0.0174256 6.18049e-06
 0.585185 0.297901 0.0929726 0.0213564 0.00258481
 0.277155 0.610676 0.0901664 0.0177652 0.00423754
 0.526042 0.282682 0.174724 0.013546 0.00300673
 0.644064 0.259747 0.0654819 0.028215 0.00249198
 0.369687 0.512661 0.0920973 0.0177266 0.00782783
 0.702411 0.19237 0.092308 0.0102825 0.00262884
 0.544285 0.404087 0.038103 0.0119719 0.0015532
 0.621864 0.307244 0.0660026 0.00368536 0.00120453
 0.62448 0.320294 0.0487356 0.00607744 0.000412884
 0.426727 0.48451 0.0800249 0.00777756 0.000960798
 0.440196 0.412267 0.133604 0.0126633 0.00126973
 0.602901 0.307694 0.0739065 0.0141396 0.00135842
 0.664481 0.311799 0.0208583 0.00240485 0.000456847
 0.679901 0.309959 0.00990643 0.000208578 2.49593e-05
 0.642185 0.341309 0.0163369 0.000165406 3.40159e-06
 0.534808 0.413384 0.0505447 0.00125234 1.17958e-05
 0.586732 0.33631 0.0719385 0.00490666 0.000112583
 0.507496 0.404766 0.0770324 0.0100572 0.000648562
 0.589097 0.312036 0.086852 0.0106428 0.00137277
 0.576235 0.342417 0.0679293 0.0118963 0.00152263
 0.502866 0.380968 0.0995843 0.0139965 0.00258469
 0.588277 0.298171 0.0938582 0.0170469 0.00264745
 0.571698 0.341921 0.0689306 0.0146004 0.00285045
 0.228117 0.599046 0.147879 0.0201996 0.00475837
 0.289567 0.305259 0.337869 0.0581537 0.00915224
pobs_PELACES
 0 0 0 0 0
 0 0 0 0 0
 0 0 0 0 0
 0 0 0 0 0
 0 0 0 0 0
 0 0 0 0 0
 0 0 0 0 0
 0 0 0 0 0
 0 0 0 0 0
 0 0 0 0 0
 0.450072 0.473896 0.0757376 0.000293798 0
 0 0 0 0 0
 0.463077 0.371075 0.160297 0.00555027 0
 0.529543 0.364841 0.0842815 0.0213345 0
 0.631943 0.363953 0.00410389 0 0
 0.735681 0.248677 0.0153453 0.000297389 0
 0.695825 0.281241 0.0229344 0 0
 0.275771 0.60734 0.115278 0.00161068 0
 0 0 0 0 0
 0.896147 0.0623911 0.0374545 0.00400742 0
 0.803859 0.145111 0.0509908 3.86294e-05 0
 0.739449 0.233085 0.0266225 0.000797448 4.60066e-05
 0.878498 0.100942 0.0204185 0.000141795 0
 0.694673 0.275183 0.0284847 0.00165964 0
 0.469039 0.446079 0.0841089 0.000773354 0
 0.822795 0.102175 0.0682046 0.00682512 0
ppred_PELACES
 0.567952 0.328828 0.0917376 0.0114783 4.04479e-06
 0.690926 0.236481 0.0581972 0.0128508 0.00154518
 0.423614 0.512347 0.0520014 0.0097328 0.00230488
 0.625244 0.240913 0.122645 0.00917488 0.00202357
 0.701148 0.225589 0.0503492 0.0210648 0.0018493
 0.486524 0.437064 0.0603757 0.0111468 0.00488948
 0.7868 0.148431 0.0570919 0.00612218 0.00155508
 0.662744 0.308024 0.021823 0.00656387 0.000845809
 0.739836 0.222449 0.0352246 0.00187969 0.000610144
 0.717999 0.248326 0.0298546 0.00357945 0.000241587
 0.562041 0.386228 0.0468479 0.00435001 0.000533678
 0.571304 0.337741 0.0826996 0.00750732 0.000747664
 0.75428 0.20573 0.0333595 0.00605331 0.000577319
 0.852453 0.142064 0.00486575 0.000519499 9.7843e-05
 0.862845 0.134951 0.00215714 4.19734e-05 4.97913e-06
 0.767798 0.224719 0.00741015 7.12831e-05 1.45542e-06
 0.668639 0.303954 0.0267683 0.000632585 5.91677e-06
 0.699319 0.256146 0.0417439 0.00272886 6.21934e-05
 0.613374 0.330282 0.0497048 0.00623971 0.000399751
 0.699048 0.241952 0.0520894 0.00612572 0.000784882
 0.65664 0.286662 0.0476158 0.00805779 0.00102487
 0.593407 0.324953 0.070344 0.00954449 0.00175142
 0.683141 0.242487 0.0618731 0.0108285 0.00167091
 0.663874 0.279216 0.0457565 0.00934124 0.00181201
 0.29797 0.567018 0.116114 0.0153137 0.00358465
 0.39231 0.292609 0.264351 0.0438696 0.00686011
pobs_pel_tallas
 0 0 0 0 0 0 0 0 0 0 0 0 0 0 0 0 0 0 0 0 0 0 0 0 0 0 0 0 0 0 0 0 0 0 0 0
 0 0 0 0 0 0 0 0 0 0 0 0 0 0 0 0 0 0 0 0 0 0 0 0 0 0 0 0 0 0 0 0 0 0 0 0
 0 0 0 0 0 0 0 0 0 0 0 0 0 0 0 0 0 0 0 0 0 0 0 0 0 0 0 0 0 0 0 0 0 0 0 0
 0 0 0 0 0 0 0 0 0 0 0 0 0 0 0 0 0 0 0 0 0 0 0 0 0 0 0 0 0 0 0 0 0 0 0 0
 0 0 0 0 0 0 0 0 0 0 0 0 0 0 0 0 0 0 0 0 0 0 0 0 0 0 0 0 0 0 0 0 0 0 0 0
 0 0 0 0 0 0 0 0 0 0 0 0 0 0 0 0 0 0 0 0 0 0 0 0 0 0 0 0 0 0 0 0 0 0 0 0
 0 0 0 0 0 0 0 0 0 0 0 0 0 0 0 0 0 0 0 0 0 0 0 0 0 0 0 0 0 0 0 0 0 0 0 0
 0 0 0 0 0 0 0 0 0 0 0 0 0 0 0 0 0 0 0 0 0 0 0 0 0 0 0 0 0 0 0 0 0 0 0 0
 0 0 0 0 0 0 0 0 0 0 0 0 0 0 0 0 0 0 0 0 0 0 0 0 0 0 0 0 0 0 0 0 0 0 0 0
 0 0 0 0 0 0 0 0 0 0 0 0 0 0 0 0 0 0 0 0 0 0 0 0 0 0 0 0 0 0 0 0 0 0 0 0
 0 0 0 0 0 0 0 0 1.78061e-05 0.00172719 0.00360574 0.0105946 0.0120993 0.0124554 0.0147524 0.0171206 0.0266825 0.0428682 0.0675386 0.121331 0.153587 0.119568 0.100827 0.0573624 0.0630603 0.0341343 0.0324427 0.0444173 0.0211091 0.0280891 0.0125444 0.00206551 0 0 0 0
 0 0 0 0 0 0 0 0 0 0 0 0 0 0 0 0 0 0 0 0 0 0 0 0 0 0 0 0 0 0 0 0 0 0 0 0
 0 0 0 0 0 0 0.0133647 0.0140871 0.0187388 0.0205184 0.03894 0.0496705 0.03968 0.0493445 0.0407372 0.0367815 0.0215668 0.0243155 0.0234873 0.0199281 0.019796 0.0243948 0.0301388 0.0376714 0.0412746 0.0863199 0.0771752 0.113111 0.0741005 0.0525337 0.0229764 0.00759418 0.00175318 0 0 0
 0 0 0 0 0 0 0 0 0 0 0.00219441 0.00772107 0.0458388 0.0604681 0.0671733 0.0775358 0.0609151 0.0617685 0.073594 0.0568108 0.0755445 0.0548602 0.0670107 0.0636378 0.0643287 0.046367 0.0373049 0.0286899 0.0247887 0.0153202 0.00654259 0.00121912 0.000365735 0 0 0
 0 0 0 0 0 0 0 0 0 0 0 0 0.000112435 0.00938835 0.0111873 0.0202946 0.0414886 0.0713402 0.111592 0.104902 0.108894 0.110636 0.117776 0.105296 0.107544 0.0401394 0.0192827 0.0124803 0.00416011 0.0028671 0.000618394 0 0 0 0 0
 0 0 0 0 0 0 0 0 0 0 0.00291406 0.0102884 0.027416 0.0768956 0.0749926 0.110853 0.0956884 0.0897413 0.0766577 0.0534642 0.0500743 0.0551293 0.0594112 0.0620874 0.0668451 0.0424026 0.0208742 0.0120726 0.0048766 0.00582813 0.00118941 0.000297354 0 0 0 0
 0 0.00264628 0.0354308 0.0461629 0.0458689 0.0383711 0.0214643 0.0164657 0.0346957 0.0420465 0.0363128 0.0245516 0.0311673 0.0291091 0.0169068 0.0133784 0.00837989 0.0085269 0.0148486 0.0160247 0.0276389 0.0546898 0.0760071 0.122758 0.109233 0.0665981 0.0333725 0.0166128 0.00676272 0.00308733 0.000882094 0 0 0 0 0
 0 0 0 0 0 0 0 0.000805153 0.000690131 0.00759144 0.0133425 0.0154129 0.00931677 0.000345066 0.00356568 0.00563607 0.00851162 0.0253048 0.0502646 0.0516448 0.0657925 0.0565908 0.0611916 0.0827007 0.0866115 0.110766 0.145733 0.0935128 0.0569358 0.0249597 0.0138026 0.00621118 0.00161031 0.00115022 0 0
 0 0 0 0 0 0 0 0 0 0 0 0 0 0 0 0 0 0 0 0 0 0 0 0 0 0 0 0 0 0 0 0 0 0 0 0
 0.00147267 0.00158595 0.00478618 0.00569244 0.00954404 0.0108468 0.00647125 0.017049 0.0510054 0.094081 0.124002 0.0959785 0.0687766 0.0820023 0.061753 0.0591476 0.0492212 0.0479892 0.0443925 0.0268479 0.0217502 0.0140895 0.0121071 0.0120363 0.00920419 0.00665534 0.0049561 0.00860946 0.00930331 0.0156896 0.0114698 0.00855282 0.00243557 0.00046729 0 2.83206e-05
 0 0 0 0 0.000772559 0.00158375 0.000888443 0.00281984 0.00712685 0.0440552 0.0773331 0.111326 0.0921469 0.0852325 0.0710754 0.0886704 0.0786465 0.0553345 0.0373146 0.0185414 0.00753245 0.00457741 0.012979 0.0271748 0.0457355 0.0583668 0.034881 0.0177882 0.00938659 0.00492506 0.0015258 0.00185414 0.000309023 5.79419e-05 3.86279e-05 0
 0 0.00173294 0.00326652 0 0.00397197 0.00683976 0.00946217 0.0152591 0.00757587 0.0136028 0.0228656 0.0392903 0.0559909 0.0764795 0.0681675 0.0726916 0.0566044 0.0477403 0.0527397 0.0444891 0.0609904 0.0582453 0.0661739 0.0445044 0.0529084 0.0360697 0.0280645 0.0235558 0.0158879 0.00826598 0.00280645 0.00217768 0.000904811 0.00058276 9.20147e-05 0
 0 0 0 0 0 0 0 0 0 0 0 0 0 0 0 0 0 0 0 0 0 0 0 0 0 0 0 0 0 0 0 0 0 0 0 0
 0 0 0 0 0 0 0 0 0 0 0 0 0 0 0 0 0 0 0 0 0 0 0 0 0 0 0 0 0 0 0 0 0 0 0 0
 0 0 0 0 0 0 0 0 0 0 0 0 0 0 0 0 0 0 0 0 0 0 0 0 0 0 0 0 0 0 0 0 0 0 0 0
 0 0 0 0 0 0 0 0 0 0 0 0 0 0 0 0 0 0 0 0 0 0 0 0 0 0 0 0 0 0 0 0 0 0 0 0
ppred_pel_tallas
 1.01804e-16 2.47916e-05 0.000145479 0.000691483 0.00266215 0.00830158 0.0209693 0.0429077 0.0711303 0.0955444 0.10402 0.0918678 0.0660131 0.0390326 0.019891 0.0103782 0.00788036 0.00927767 0.0126247 0.016981 0.0218058 0.0266014 0.0308331 0.0339911 0.0356956 0.0357803 0.0343257 0.0316249 0.0281013 0.0242047 0.0203212 0.0167205 0.0135463 0.0108386 0.0085723 0.00669407
 1.01418e-16 3.015e-05 0.000176946 0.000841101 0.00323825 0.0100981 0.0255072 0.0521918 0.086516 0.116196 0.126463 0.111593 0.0799787 0.0468708 0.0231111 0.0108005 0.00668324 0.00690845 0.00910012 0.0121745 0.0156171 0.0190406 0.0220557 0.0242972 0.0254948 0.0255326 0.0244727 0.0225295 0.02001 0.0172381 0.0144898 0.0119551 0.00973174 0.00784233 0.0062631 0.0049511
 1.01348e-16 1.85051e-05 0.000108555 0.000515906 0.00198607 0.00619321 0.015644 0.032013 0.0530776 0.0713192 0.0777083 0.0687793 0.0497471 0.0300666 0.0165227 0.0105645 0.0103519 0.0136295 0.0189389 0.0254552 0.0325189 0.0393872 0.0452318 0.0492736 0.0509555 0.0500753 0.046833 0.04177 0.0356289 0.029178 0.0230598 0.0177018 0.0132993 0.00985676 0.00725732 0.00533283
 1.0223e-16 2.72863e-05 0.000160133 0.000761167 0.00293048 0.00913838 0.0230829 0.0472316 0.0782948 0.105157 0.114457 0.101019 0.0724442 0.0425441 0.0211448 0.0101663 0.0066835 0.00723203 0.00967682 0.0130417 0.0168509 0.0207273 0.0242773 0.0271186 0.028952 0.0296217 0.0291418 0.0276764 0.0254864 0.0228609 0.0200584 0.0172724 0.0146248 0.0121797 0.00996505 0.0079921
 1.01599e-16 3.05952e-05 0.000179561 0.000853535 0.00328613 0.0102475 0.0258844 0.0529633 0.0877946 0.117912 0.128326 0.11323 0.0811331 0.0475105 0.0233577 0.0108004 0.00652785 0.00662772 0.00868838 0.011616 0.0149019 0.0181734 0.0210599 0.0232148 0.0243819 0.0244524 0.0234861 0.0216869 0.0193456 0.0167675 0.0142104 0.0118499 0.00977334 0.00799774 0.00649768 0.00523183
 1.01611e-16 2.12452e-05 0.000124649 0.000592433 0.00228075 0.00711216 0.0179651 0.0367616 0.0609462 0.0818786 0.0891779 0.0788462 0.056844 0.0339881 0.0180146 0.0105226 0.00933571 0.0118218 0.0163088 0.0219178 0.0280354 0.0340187 0.0391604 0.0427938 0.0444377 0.0439091 0.0413642 0.0372478 0.0321757 0.0267878 0.0216214 0.0170363 0.0132013 0.0101291 0.00773353 0.00588742
 1.01142e-16 3.43269e-05 0.000201477 0.00095774 0.00368737 0.0114987 0.0290449 0.0594294 0.0985099 0.132293 0.143953 0.126959 0.0908406 0.0529335 0.025537 0.0109899 0.00553193 0.00474161 0.00591165 0.00785835 0.0101065 0.0123788 0.0144248 0.0160108 0.0169593 0.0171854 0.0167122 0.0156571 0.0141958 0.0125189 0.0107923 0.00913529 0.00761662 0.00626362 0.00507817 0.00405092
 1.00676e-16 2.89239e-05 0.000169742 0.000806836 0.0031063 0.00968664 0.0244679 0.0500657 0.082994 0.111472 0.12134 0.107116 0.0768635 0.0452336 0.0226529 0.011168 0.00768436 0.00852372 0.011397 0.0152187 0.0194093 0.0234781 0.0269188 0.0292636 0.0301808 0.0295545 0.0275123 0.024388 0.0206359 0.0167242 0.0130429 0.00984918 0.00725752 0.00526458 0.00379242 0.00273173
 1.00666e-16 3.22821e-05 0.000189465 0.000900619 0.00346742 0.0108128 0.0273123 0.0558851 0.0926372 0.124414 0.135398 0.119459 0.0855728 0.0500623 0.0245221 0.0111851 0.00654721 0.00646973 0.00840084 0.0111849 0.0142911 0.0173404 0.0199622 0.0218144 0.0226502 0.0223745 0.0210651 0.0189472 0.0163344 0.0135537 0.0108812 0.00850377 0.00651176 0.00491564 0.00367487 0.00272658
 1.0064e-16 3.13309e-05 0.000183878 0.000874054 0.00336513 0.0104938 0.0265066 0.0542367 0.0899057 0.120748 0.131417 0.115964 0.0831086 0.0486996 0.0240017 0.0111953 0.00689288 0.0070863 0.00929779 0.0123904 0.0158178 0.0191666 0.0220251 0.0240134 0.0248594 0.0244626 0.0229168 0.0204814 0.0175135 0.0143839 0.0114039 0.00878168 0.0066147 0.00490851 0.00361028 0.00264195
 1.00966e-16 2.4536e-05 0.000143973 0.000684315 0.00263453 0.00821544 0.0207518 0.0424631 0.0703949 0.0945615 0.102963 0.0909651 0.0654315 0.0388229 0.0200301 0.0108456 0.00870143 0.010518 0.0143584 0.0192524 0.0245961 0.0298045 0.0342479 0.0373366 0.0386477 0.0380245 0.0356133 0.0318175 0.0271933 0.0223178 0.0176757 0.0135918 0.010218 0.00756341 0.00554586 0.00404381
 1.01577e-16 2.49381e-05 0.000146338 0.000695567 0.00267787 0.0083506 0.0210932 0.0431611 0.0715506 0.0961095 0.104636 0.0924155 0.0664134 0.0392827 0.0200429 0.0104962 0.00801466 0.00945966 0.0128716 0.0172982 0.0221861 0.0270229 0.0312584 0.0343708 0.0359741 0.0359056 0.0342582 0.0313457 0.0276153 0.02354 0.0195237 0.0158462 0.0126523 0.00997627 0.00778182 0.00600183
 1.00776e-16 3.29112e-05 0.00019316 0.00091819 0.00353507 0.0110238 0.0278452 0.0569753 0.0944438 0.126838 0.138032 0.12177 0.0872028 0.0509637 0.0248665 0.0111785 0.00631828 0.00606062 0.00780426 0.0103806 0.0132689 0.016112 0.018567 0.0203175 0.021135 0.02093 0.0197725 0.0178676 0.0155013 0.0129721 0.0105317 0.00834993 0.00650882 0.00501795 0.0038413 0.00292346
 1.00138e-16 3.71894e-05 0.000218282 0.00103764 0.003995 0.0124581 0.0314681 0.0643874 0.106727 0.143326 0.155953 0.137527 0.0983698 0.0572546 0.0274961 0.0116136 0.00551663 0.00439776 0.00531014 0.0069644 0.0088489 0.0106787 0.0122091 0.0132233 0.0135702 0.0131999 0.0121763 0.0106596 0.00886589 0.00701683 0.00529661 0.00382594 0.00265711 0.00178572 0.00117104 0.000756731
 1.00077e-16 3.76422e-05 0.000220942 0.00105028 0.00404368 0.0126099 0.0318515 0.0651719 0.108028 0.145072 0.15785 0.139194 0.0995511 0.0579193 0.0277723 0.0116562 0.00542638 0.00421379 0.00503508 0.00658836 0.00836341 0.0100835 0.011515 0.012452 0.012752 0.0123692 0.0113664 0.00989836 0.00817267 0.00640218 0.00476322 0.00337091 0.00227436 0.00146791 0.000910713 0.000546832
 1.00182e-16 3.35014e-05 0.000196623 0.000934651 0.00359845 0.0112214 0.0283444 0.0579968 0.0961375 0.129114 0.140511 0.123964 0.0887878 0.0519181 0.0253836 0.0114958 0.00661108 0.00642693 0.00828821 0.0109908 0.0139826 0.0168735 0.0192874 0.0208829 0.0214211 0.0208236 0.0191922 0.0167808 0.013932 0.0109976 0.00826962 0.00593971 0.00409088 0.00271614 0.00175069 0.0011048
 1.00502e-16 2.91808e-05 0.00017125 0.000814009 0.00313392 0.00977277 0.0246854 0.0505108 0.0837316 0.112462 0.122416 0.108062 0.0775344 0.045612 0.0228121 0.0111965 0.00764063 0.0084315 0.0112599 0.0150335 0.0191737 0.0231942 0.026594 0.0289097 0.0298122 0.029185 0.0271523 0.0240423 0.0203037 0.0164002 0.0127198 0.00952071 0.00692049 0.00492038 0.00344685 0.00239376
 1.00773e-16 3.05167e-05 0.000179098 0.000851325 0.00327761 0.0102209 0.0258173 0.0528263 0.0875682 0.11761 0.128005 0.112962 0.0809769 0.0474897 0.0234787 0.0110749 0.00698681 0.0073167 0.00965377 0.0128872 0.0164739 0.0199932 0.0230215 0.0251651 0.0261394 0.0258339 0.0243374 0.0219081 0.0189059 0.0157066 0.0126277 0.00988459 0.00758173 0.00573214 0.00429031 0.00318505
 1.01047e-16 2.67721e-05 0.000157106 0.000746762 0.00287499 0.00896531 0.0226459 0.046338 0.076816 0.103179 0.112324 0.0991843 0.0712319 0.0420403 0.0212784 0.0108629 0.00795296 0.00916233 0.0123784 0.0165834 0.0212047 0.0257301 0.0296193 0.0323666 0.0336064 0.0331986 0.0312594 0.0281242 0.0242581 0.0201463 0.0161973 0.012687 0.00974733 0.00739197 0.00555927 0.00415508
 1.01066e-16 3.05043e-05 0.000179026 0.000850988 0.00327632 0.0102169 0.0258071 0.0528053 0.0875331 0.117562 0.12795 0.112906 0.0809214 0.0474264 0.0233906 0.0109396 0.00677879 0.00701069 0.00922857 0.0123317 0.0157936 0.0192161 0.0221994 0.0243701 0.0254543 0.0253396 0.024098 0.0219601 0.0192517 0.0163158 0.0134439 0.0108358 0.00859276 0.00673421 0.00522841 0.00402126
 1.01095e-16 2.86569e-05 0.000168176 0.000799397 0.00307766 0.00959735 0.0242423 0.049604 0.0822282 0.110442 0.120215 0.106115 0.0761265 0.0447629 0.0223495 0.0109089 0.0073712 0.00809183 0.0108093 0.0144631 0.0185028 0.0224722 0.025901 0.0283493 0.0294983 0.0292231 0.0276198 0.0249737 0.0216825 0.0181614 0.0147606 0.0117171 0.00914541 0.00705958 0.00541028 0.0041212
 1.01515e-16 2.59013e-05 0.000151994 0.000722459 0.00278142 0.00867352 0.0219088 0.0448299 0.0743162 0.0998218 0.108671 0.0959639 0.0689295 0.0407028 0.0206416 0.010605 0.00785065 0.00910877 0.0123412 0.0165671 0.0212335 0.0258419 0.0298625 0.0327949 0.0342715 0.0341406 0.0324981 0.029652 0.0260386 0.0221164 0.0182753 0.0147823 0.0117722 0.00927118 0.007237 0.00559814
 1.01408e-16 2.98107e-05 0.000174954 0.000831629 0.00320178 0.00998441 0.0252199 0.051604 0.085542 0.114888 0.125042 0.110345 0.079095 0.0463755 0.0229088 0.0107764 0.0067633 0.00706502 0.00933289 0.0124922 0.0160266 0.0195414 0.0226378 0.0249405 0.0261716 0.0262116 0.025123 0.023125 0.0205324 0.0176774 0.0148441 0.0122286 0.0099328 0.00798165 0.00635212 0.00500105
 1.01147e-16 2.89721e-05 0.000170027 0.000808198 0.00311155 0.00970303 0.0245092 0.0501501 0.0831332 0.111657 0.121535 0.107273 0.0769445 0.0452172 0.0225271 0.0109139 0.00726957 0.0079061 0.010537 0.0140947 0.0180325 0.0219041 0.0252512 0.0276458 0.0287775 0.0285247 0.026981 0.0244234 0.0212383 0.0178287 0.0145342 0.0115841 0.00908846 0.0070601 0.00545065 0.00418608
 1.02527e-16 1.30288e-05 7.6399e-05 0.00036302 0.0013974 0.00435745 0.0110071 0.0225261 0.0373546 0.0502121 0.0547616 0.0485911 0.0354104 0.0219317 0.0130102 0.00976348 0.010996 0.0151949 0.0213507 0.0288115 0.0369377 0.0449355 0.0518944 0.0569442 0.0594463 0.0591401 0.0561987 0.0511662 0.0448099 0.0379353 0.0312259 0.0251485 0.0199364 0.0156307 0.0121521 0.00936926
 1.05676e-16 1.71317e-05 0.000100511 0.000477705 0.00183906 0.00573481 0.0144859 0.0296419 0.0491416 0.0660169 0.0718948 0.0635484 0.0457785 0.0273012 0.0143486 0.00820869 0.00713594 0.00903634 0.012617 0.0172557 0.0225714 0.0281708 0.0335933 0.0383622 0.04207 0.0444512 0.0454179 0.0450462 0.0435274 0.0411034 0.0380126 0.0344608 0.0306177 0.0266287 0.0226302 0.0187555
pSPR Fmed_Fpbrs
0.526245   0.6 0.325
Fs Fmed_Fpbrs
0.68   0.491347 1.7778
SSBpbr Bo_Bmed_Bpbrs
544118  259134  299265 149633
Ro
25848.3
SPR SPRFo_SPRFmed_SPRFpbrs
533880 280952 173511
log_Ro
9.98
likeval ReclasPelacesDesembMPH_pf_preclas_ppelaces_ptallas_desvR_qrecl_qpela
 73.352 12.9529 0.0732085 0.000451165 329.145 203.616 86.4424 0 20.7291 2.19804e-05 0.000224115 9.48833e-14 0 0 0
q_reclas_q_pelaces
1.94324 8.41357
M
0.7
N
 27111 12838.5 3946.93 485.336 0.169794
 41627.2 12529 3568.5 777.703 92.858
 10727.1 19001.5 3152.23 599.946 141.315
 15576 4489.01 2370.47 173.368 37.9509
 39722.4 7308.71 1410.96 568.111 49.459
 22494.3 19511.2 3323.03 608.835 265.277
 64745.7 10105.7 4316.77 455.237 114.804
 61060.2 29863 2764.92 829.453 106.197
 79573 27032.6 5869.81 313.717 101.202
 115288 34804.2 4818.36 569.92 38.1962
 66934.1 52692.1 8846.48 823.369 100.394
 47938.2 29207.4 9215.36 833.352 82.4572
 49850.1 21298.6 5907.69 1094.39 103.837
 28265.6 20623.3 2422.32 280.406 52.7125
 13138.9 9815.35 570.693 12.1014 1.43323
 10572.6 4495.36 240.962 2.35599 0.0478442
 7915.25 4430.47 567.092 13.49 0.12543
 9320.96 3411.69 701.631 45.6085 1.03263
 8884.08 4163.06 719.977 89.1492 5.67136
 12423.9 4062.53 1062.55 123.846 15.7611
 18238.3 5602.26 926.132 152.674 19.2693
 21544.8 8647.56 1915.3 253.763 46.2139
 36009.4 10144.5 2794.88 479.867 73.5058
 50635.6 16726.9 2938.88 588.244 113.271
 17000.4 23562.8 4915.86 632.851 147.016
 13889.8 8013.31 7681.79 1248.76 193.834
pred_Ctot
 1358.11 4201.64 1803.47 226.406 0.0792949
 2430.24 4620.25 1803.15 400.6 47.8807
 1225.5 11037.9 2259.94 435.111 102.551
 619.078 1216.38 919.178 68.7682 15.0718
 310.603 445.951 134.064 55.6103 4.84907
 1550.73 8143.57 1857.91 346.403 151.072
 3328.8 3376.12 2007.4 216.073 54.5499
 4794.9 13669.1 1662.78 506.87 64.9509
 6872.03 13197.7 3709.07 201.21 64.9597
 6633.13 12692 2412.17 290.897 19.516
 5881.64 26022.1 5638.68 532.58 64.9884
 3653.78 13094.4 5452.95 501.246 49.6394
 6046.63 12798.1 4334.83 811.753 77.0642
 6239.64 16139.7 2091.84 243.32 45.7524
 3002.26 7766.47 495.87 10.563 1.25133
 1198.81 2600.05 172.235 1.70371 0.0346192
 757.655 2312.45 376.651 9.08312 0.0845161
 678.417 1480.59 404.67 26.7527 0.606255
 508.098 1511.18 359.058 45.332 2.88684
 826.104 1651.5 581.594 69.0098 8.79078
 594.355 1282.34 308.819 52.1535 6.59089
 805.336 2225.48 709.483 96.2044 17.5418
 1678.94 3134.3 1215.47 213.194 32.6941
 2299.81 5059.4 1254.79 256.64 49.4746
 622.932 5962.62 1793.82 236.378 54.9807
 606.24 2346.29 3188.42 529.806 82.3326
F
 0.0718912 0.5803 0.924348 0.954121 0.955741
 0.084235 0.679939 1.08306 1.11795 1.11984
 0.17114 1.38143 2.20045 2.27133 2.27518
 0.0566613 0.457365 0.728528 0.751993 0.75327
 0.0109254 0.0881893 0.140475 0.145 0.145246
 0.10016 0.808482 1.28782 1.3293 1.33155
 0.073847 0.596087 0.949496 0.980078 0.981743
 0.114818 0.926798 1.47628 1.52383 1.52642
 0.126935 1.02461 1.63208 1.68465 1.68751
 0.0829691 0.66972 1.06678 1.10114 1.10301
 0.129287 1.04359 1.66232 1.71586 1.71877
 0.111271 0.898168 1.43067 1.47676 1.47926
 0.182598 1.47392 2.34777 2.42339 2.42751
 0.3577 2.88733 4.59916 4.7473 4.75536
 0.372534 3.00706 4.78989 4.94417 4.95256
 0.169759 1.37028 2.18269 2.253 2.25682
 0.141584 1.14285 1.82043 1.87906 1.88225
 0.106015 0.855744 1.3631 1.407 1.40939
 0.0824557 0.665576 1.06018 1.09433 1.09619
 0.0964507 0.778543 1.24013 1.28007 1.28224
 0.0462463 0.373296 0.594616 0.613768 0.614811
 0.0532076 0.429487 0.684122 0.706157 0.707356
 0.0667623 0.5389 0.858404 0.886052 0.887557
 0.0649848 0.524552 0.835548 0.862461 0.863925
 0.0521335 0.420817 0.670311 0.691902 0.693077
 0.0623778 0.503509 0.802029 0.827862 0.829268
Np
 16227.1 7765.8 2388.04 742.622 678.181
YTP_r0W_actual
 5456.16 59595.7 112551 21934 3704.97
YTP_p0W_proyectada
 3479.32 26413.2 21107.3 19666.9 4212.34
 3479.32 31652.5 20957.5 8538.17 8664.62
CTP_r0_actual
 606.24 2346.29 3188.42 529.806 82.3326
CTP_p0_proyectada
 424.308 1222.83 672.207 490.448 94.6594
 424.308 1465.39 667.435 212.922 194.711
Wmedp
 8.2 21.6 31.4 40.1 44.5
nmprior
 10.6 11 7 0
nm_flota  nm_reclas  nm_pelaces    nm_pelaL
inf 29.5395 12.9112 35.9215
cv_recla  cv_pelaces  cv_mph
0.757667 0.394252 0.578097
 ------------------------------------------------
Talla a la edad & desviaci?n 
 7.2 14.2025 17.0495 18.207 18.6776
 1.08 2.13037 2.55742 2.73105 2.80164
