years
 1997 1998 1999 2000 2001 2002 2003 2004 2005 2006 2007 2008 2009 2010 2011 2012 2013 2014 2015 2016 2017 2018 2019 2020 2021 2022
reclasobs
 0 0 0 370054 412103 1.49427e+06 250295 1.28982e+06 931140 785840 897777 1.04006e+06 184774 17550 25797 100020 73551 82996 120727 218422 84188 347160 605670 569463 516374 1.08416e+06
reclaspred
 443029 131800 455380 327521 430552 507234 1.0785e+06 676979 695682 574488 437210 292053 178698 87048.7 65288.2 69083.1 88459 123431 131831 187034 264276 238792 418023 577700 716264 695285
pelacesobs
 0 0 0 0 0 0 0 0 0 2.06254e+06 1.5e+06 0 1.87456e+06 323000 250000 174000 83755 137374 0 501740 490994 745055 786931 1.00524e+06 1.33801e+06 1.41789e+06
pelacespred
 1.74818e+06 466657 957061 1.05568e+06 1.1737e+06 1.17431e+06 2.71831e+06 2.23098e+06 1.97823e+06 1.66876e+06 1.14595e+06 785024 478215 199270 146433 163408 217062 303805 336086 462239 719807 640335 913122 1.41087e+06 1.74807e+06 1.87183e+06
mphobs
 0 0 0 0 0 112323 0 153150 637223 0 255016 313432 73983 77613 109348 50772 17779 17303 59886 28197 0 207744 136588 643089 65757 0
mphpred
 125175 87512.7 116778 161509 154119 218441 328473 372337 300583 278011 236914 164034 101440 54157.5 28275.7 25597.7 31528.4 44474.9 56056.9 64757.8 94876.5 109717 137555 199663 300116 327417
desembarqueobs
 350755 77701 442110 56441 14545 235359 269955 359681 431902 328805 639364 411747 362871 311530 167758 66681 60226 58785 57116 73181 50977 67692 138656 160484 209506 203330
desembarquepred
 350766 77704.8 442156 56442.8 14545.1 235393 269981 359716 431983 328874 639798 412122 363385 312164 167871 66699.3 60245.9 58789.4 57115.7 73184.6 50978.5 67690.4 138662 160492 209506 203330
Reclutas
 82106 103124 67048.7 96611.7 157973 118445 174713 146693 157676 140362 69000.6 41618.8 42622.9 25050.7 20543.1 27208 23498.8 26861.9 30757.5 53347.4 66255.1 84376.4 142794 202608 90970.8 114496
log_desv_Rt
 0.135766 0.363685 -0.0668255 0.298455 0.790179 0.502208 0.8909 0.7161 0.7883 0.671979 -0.0381292 -0.543693 -0.519853 -1.05134 -1.24972 -0.968734 -1.11529 -0.981538 -0.84611 -0.29542 -0.078733 0.163043 0.689158 1.03903 0.238294 0.468297
SSB
 978020 683754 912407 1.2619e+06 1.20416e+06 1.70672e+06 2.56643e+06 2.90914e+06 2.34852e+06 2.17215e+06 1.85105e+06 1.28163e+06 792574 423143 220923 200000 246337 347491 437984 505965 741289 857243 1.07474e+06 1.56e+06 2.34487e+06 2.55817e+06
BT
 3.37756e+06 952300 1.92672e+06 1.91867e+06 2.0776e+06 2.25492e+06 4.96995e+06 4.34161e+06 3.88153e+06 3.26095e+06 2.60791e+06 1.76728e+06 1.20168e+06 654001 402343 343322 432023 582030 641183 873951 1.30939e+06 1.19137e+06 1.70469e+06 2.61496e+06 3.23961e+06 3.4735e+06
Ftot
 0.299587 0.214392 0.285141 0.0520422 0.0114606 0.12162 0.0761233 0.156504 0.18559 0.1637 0.369991 0.347739 0.542522 0.929925 0.803625 0.310388 0.221141 0.147136 0.123879 0.128056 0.0610742 0.0819669 0.0979409 0.0905155 0.0758691 0.0765263
BD_Bspro_t
 0.964161 0.831222 0.813441 0.735543 0.817211 0.893573 0.872426 0.873684 0.827627 0.785964 0.739951 0.595592 0.484416 0.37254 0.258335 0.282475 0.410064 0.581133 0.686132 0.75854 0.833186 0.882877 0.886774 0.891883 0.901801 0.882238
BD_Bspro
 0.660578 0.461823 0.616261 0.852318 0.813321 1.15276 1.73342 1.9649 1.58624 1.46712 1.25024 0.865641 0.535323 0.285801 0.149217 0.135085 0.166382 0.234703 0.295824 0.341741 0.500684 0.579002 0.725905 1.05366 1.58378 1.72785
BD_Bo
 0.296989 0.207631 0.277064 0.383193 0.36566 0.518268 0.779329 0.8834 0.713158 0.659603 0.562096 0.389183 0.240676 0.128493 0.0670862 0.0607327 0.0748035 0.10552 0.132999 0.153643 0.225102 0.260313 0.326359 0.473715 0.712049 0.776822
BD_Brms
 0.539979 0.377511 0.503753 0.696714 0.664837 0.942306 1.41696 1.60618 1.29665 1.19928 1.02199 0.707605 0.437592 0.233623 0.121975 0.110423 0.136006 0.191855 0.241817 0.279351 0.409276 0.473297 0.593381 0.861301 1.29464 1.4124
S_f
 0.203072 1 1 1 1
 0.203072 1 1 1 1
 0.203072 1 1 1 1
 0.203072 1 1 1 1
 0.203072 1 1 1 1
 0.203072 1 1 1 1
 0.203072 1 1 1 1
 0.203072 1 1 1 1
 0.203072 1 1 1 1
 0.203072 1 1 1 1
 0.203072 1 1 1 1
 0.203072 1 1 1 1
 0.203072 1 1 1 1
 0.203072 1 1 1 1
 0.203072 1 1 1 1
 0.203072 1 1 1 1
 0.203072 1 1 1 1
 0.203072 1 1 1 1
 0.203072 1 1 1 1
 0.203072 1 1 1 1
 0.203072 1 1 1 1
 0.203072 1 1 1 1
 0.203072 1 1 1 1
 0.203072 1 1 1 1
 0.203072 1 1 1 1
 0.203072 1 1 1 1
Scru_reclas
 1 1 1 1 1
 1 1 1 1 1
 1 1 1 1 1
 1 1 1 1 1
 1 1 1 1 1
 1 1 1 1 1
 1 1 1 1 1
 1 1 1 1 1
 1 1 1 1 1
 1 1 1 1 1
 1 1 1 1 1
 1 1 1 1 1
 1 1 1 1 1
 1 1 1 1 1
 1 1 1 1 1
 1 1 1 1 1
 1 1 1 1 1
 1 1 1 1 1
 1 1 1 1 1
 1 1 1 1 1
 1 1 1 1 1
 1 1 1 1 1
 1 1 1 1 1
 1 1 1 1 1
 1 1 1 1 1
 1 1 1 1 1
Scru_pelaces
 1 1 1 1 1
 1 1 1 1 1
 1 1 1 1 1
 1 1 1 1 1
 1 1 1 1 1
 1 1 1 1 1
 1 1 1 1 1
 1 1 1 1 1
 1 1 1 1 1
 1 1 1 1 1
 1 1 1 1 1
 1 1 1 1 1
 1 1 1 1 1
 1 1 1 1 1
 1 1 1 1 1
 1 1 1 1 1
 1 1 1 1 1
 1 1 1 1 1
 1 1 1 1 1
 1 1 1 1 1
 1 1 1 1 1
 1 1 1 1 1
 1 1 1 1 1
 1 1 1 1 1
 1 1 1 1 1
 1 1 1 1 1
pf_obs 
 0.256992 0.487395 0.22802 0.0275931 0
 0.321318 0.546541 0.124235 0.00734118 0.000564706
 0.182869 0.594174 0.210203 0.0122559 0.00049798
 0.330522 0.361315 0.267642 0.0388342 0.00168674
 0.649043 0.306663 0.0425973 0.00169635 0
 0.582887 0.30429 0.105238 0.00758474 0
 0.465427 0.430635 0.0974691 0.00646863 0
 0.296916 0.608066 0.0921331 0.00288517 0
 0.311714 0.524322 0.152257 0.0117073 0
 0.15457 0.633149 0.183074 0.0267441 0.00246327
 0.131901 0.49318 0.331252 0.0422183 0.00144891
 0.196976 0.569456 0.194076 0.0375587 0.00193317
 0.518974 0.381816 0.0799577 0.0180837 0.00116848
 0.0928022 0.601141 0.25162 0.0475244 0.00691264
 0.122501 0.610282 0.24278 0.0234846 0.000952079
 0.383417 0.481906 0.127806 0.00687128 0
 0.0376549 0.599619 0.316969 0.0457579 0
 0.0361596 0.667082 0.258105 0.0386534 0
 0.158088 0.579412 0.248529 0.0139706 0
 0.0477256 0.309471 0.559284 0.082774 0.000745712
 0.0406174 0.521527 0.379366 0.0568643 0.0016247
 0.151134 0.462217 0.34131 0.0453401 0
 0.294876 0.26143 0.354403 0.0886775 0.000613685
 0.281977 0.475581 0.204845 0.0348837 0.00271318
 0.0841818 0.532909 0.334909 0.0458182 0.00218182
 0.115287 0.27431 0.454777 0.147771 0.00785563
pf_pred 
 0.389163 0.43139 0.16051 0.0189274 9.92211e-06
 0.314967 0.536007 0.105246 0.0391596 0.00462014
 0.179331 0.585857 0.18373 0.0360758 0.0150066
 0.259327 0.407838 0.237604 0.0745145 0.0207173
 0.302204 0.445399 0.138978 0.0809676 0.0324519
 0.179395 0.559562 0.166622 0.051991 0.0424298
 0.252519 0.3977 0.238512 0.0710222 0.0402466
 0.188867 0.513058 0.158592 0.095112 0.044371
 0.210652 0.435444 0.223852 0.0691951 0.0608577
 0.190515 0.476239 0.183835 0.0945053 0.0549054
 0.115621 0.490929 0.231476 0.0893528 0.072621
 0.114626 0.383156 0.278788 0.13145 0.0919813
 0.187094 0.347753 0.2013 0.146468 0.117385
 0.176151 0.488801 0.14333 0.082968 0.10875
 0.245996 0.468935 0.169136 0.0495952 0.0663384
 0.332154 0.468706 0.123851 0.0446705 0.0306193
 0.230582 0.568106 0.141284 0.0373329 0.022695
 0.241838 0.47003 0.212745 0.0529082 0.0224792
 0.239901 0.476307 0.17594 0.0796337 0.0282187
 0.320993 0.422118 0.160976 0.0594619 0.0364506
 0.274772 0.515981 0.130083 0.0496075 0.0295571
 0.262865 0.484462 0.17977 0.0453214 0.0275812
 0.319761 0.439164 0.15844 0.0587923 0.0238422
 0.301769 0.493994 0.131856 0.0475704 0.0248104
 0.116868 0.608557 0.19426 0.0518515 0.0284633
 0.177754 0.331109 0.338438 0.108034 0.0446656
pobs_RECLAS
 0 0 0 0 0
 0 0 0 0 0
 0 0 0 0 0
 0 0 0 0 0
 0.835266 0.146461 0.0176864 0.000547809 3.91292e-05
 0.385257 0.428462 0.181853 0.0044286 0
 0.867414 0.0963971 0.0333333 0.00285562 0
 0.441836 0.489002 0.0689373 0.000224442 0
 0.779404 0.147425 0.0564933 0.0165055 0.000172143
 0.814271 0.122319 0.05973 0.00367925 0
 0.40263 0.566651 0.0304383 0.000280538 0
 0.475488 0.404961 0.113038 0.00651328 0
 0.955842 0.0263864 0.0167828 0.000988607 0
 0.975058 0.0227948 0.00214734 0 0
 0.738997 0.206755 0.0527124 0.00153531 0
 0.850938 0.134255 0.0134407 0.00136685 0
 0.542534 0.407297 0.0501686 0 0
 0.764087 0.199537 0.0359546 0.000420521 0
 0.470689 0.182191 0.310203 0.0369168 0
 0.84361 0.089868 0.0606195 0.00523954 0.000663233
 0.607945 0.314616 0.071237 0.00620181 0
 0.523733 0.453247 0.0230204 0 0
 0.530135 0.295979 0.169645 0.0042399 0
 0.562478 0.366248 0.0663022 0.0049721 0
 0.250443 0.683176 0.0655157 0.000865301 0
 0.195077 0.31981 0.436473 0.0351445 0.0134964
ppred_RECLAS
 0.761451 0.16847 0.0626835 0.00739167 3.87486e-06
 0.696115 0.237776 0.046688 0.0173715 0.00204952
 0.522385 0.340958 0.106927 0.0209955 0.00873356
 0.633493 0.20181 0.117573 0.036872 0.0102515
 0.680898 0.203681 0.0635543 0.0370264 0.0148402
 0.519972 0.327326 0.0974687 0.0304131 0.0248201
 0.625442 0.199285 0.119517 0.0355888 0.0201673
 0.536181 0.293375 0.0906855 0.0543866 0.0253721
 0.570304 0.237042 0.121858 0.0376676 0.033129
 0.53895 0.271247 0.104705 0.0538264 0.0312719
 0.39699 0.334738 0.157831 0.0609249 0.0495164
 0.394261 0.26214 0.190736 0.089933 0.0629301
 0.540289 0.196659 0.113838 0.0828299 0.0663831
 0.531755 0.277817 0.0814634 0.047156 0.0618094
 0.630823 0.229601 0.0828125 0.0242829 0.0324808
 0.713772 0.20088 0.0530804 0.0191451 0.0131229
 0.598991 0.296089 0.0736352 0.0194573 0.0118283
 0.612822 0.240035 0.108644 0.0270191 0.0114797
 0.609993 0.244393 0.0902748 0.0408601 0.014479
 0.700887 0.185949 0.0709124 0.0261939 0.016057
 0.651721 0.247792 0.0624702 0.0238232 0.0141943
 0.638096 0.237852 0.0882599 0.022251 0.0135413
 0.699353 0.194099 0.0700261 0.0259846 0.0105376
 0.68131 0.225471 0.0601823 0.0217123 0.0113241
 0.395439 0.416597 0.132983 0.0354957 0.019485
 0.516572 0.194671 0.19898 0.0635171 0.0262605
pobs_PELACES
 0 0 0 0 0
 0 0 0 0 0
 0 0 0 0 0
 0 0 0 0 0
 0 0 0 0 0
 0 0 0 0 0
 0 0 0 0 0
 0 0 0 0 0
 0 0 0 0 0
 0 0 0 0 0
 0.450072 0.473896 0.0757376 0.000293798 0
 0 0 0 0 0
 0.463077 0.371075 0.160297 0.00555027 0
 0.529543 0.364841 0.0842815 0.0213345 0
 0.631943 0.363953 0.00410389 0 0
 0.735681 0.248677 0.0153453 0.000297389 0
 0.695825 0.281241 0.0229344 0 0
 0.275771 0.60734 0.115278 0.00161068 0
 0 0 0 0 0
 0.896147 0.0623911 0.0374545 0.00400742 0
 0.803859 0.145111 0.0509908 3.86294e-05 0
 0.739449 0.233085 0.0266225 0.000797448 4.60066e-05
 0.878498 0.100942 0.0204185 0.000141795 0
 0.694673 0.275183 0.0284847 0.00165964 0
 0.469039 0.446079 0.0841089 0.000773354 0
 0.822795 0.102175 0.0682046 0.00682512 0
ppred_PELACES
 0.775466 0.158572 0.0590007 0.00695739 3.6472e-06
 0.707908 0.228549 0.0448761 0.0166973 0.00196998
 0.541055 0.327631 0.102748 0.0201748 0.00839217
 0.636665 0.200064 0.116556 0.0365529 0.0101628
 0.681553 0.203263 0.063424 0.0369505 0.0148098
 0.52795 0.321886 0.0958489 0.0299077 0.0244076
 0.63012 0.196796 0.118024 0.0351443 0.0199155
 0.5464 0.286911 0.0886875 0.0531883 0.024813
 0.582221 0.230468 0.118478 0.0366229 0.0322102
 0.549628 0.264965 0.10228 0.0525798 0.0305477
 0.4205 0.321687 0.151677 0.0585495 0.0475858
 0.416299 0.252603 0.183796 0.0866611 0.0606406
 0.575465 0.181612 0.105128 0.076492 0.0613037
 0.591881 0.242143 0.0710029 0.0411008 0.0538726
 0.678545 0.199921 0.0721078 0.021144 0.0282822
 0.730154 0.189383 0.0500424 0.0180493 0.0123719
 0.612876 0.285836 0.0710855 0.0187836 0.0114187
 0.621963 0.234368 0.10608 0.0263812 0.0112087
 0.617715 0.239554 0.0884874 0.0400511 0.0141924
 0.707899 0.18159 0.06925 0.0255798 0.0156806
 0.655357 0.245204 0.0618179 0.0235745 0.0140461
 0.643059 0.23459 0.0870495 0.0219459 0.0133556
 0.70474 0.190621 0.0687712 0.025519 0.0103488
 0.686457 0.22183 0.0592105 0.0213617 0.0111412
 0.400219 0.413303 0.131932 0.0352151 0.0193309
 0.521596 0.192648 0.196912 0.062857 0.0259876
pobs_pel_tallas
 0 0 0 0 0 0 0 0 0 0 0 0 0 0 0 0 0 0 0 0 0 0 0 0 0 0 0 0 0 0 0 0 0 0 0 0
 0 0 0 0 0 0 0 0 0 0 0 0 0 0 0 0 0 0 0 0 0 0 0 0 0 0 0 0 0 0 0 0 0 0 0 0
 0 0 0 0 0 0 0 0 0 0 0 0 0 0 0 0 0 0 0 0 0 0 0 0 0 0 0 0 0 0 0 0 0 0 0 0
 0 0 0 0 0 0 0 0 0 0 0 0 0 0 0 0 0 0 0 0 0 0 0 0 0 0 0 0 0 0 0 0 0 0 0 0
 0 0 0 0 0 0 0 0 0 0 0 0 0 0 0 0 0 0 0 0 0 0 0 0 0 0 0 0 0 0 0 0 0 0 0 0
 0 0 0 0 0 0 0 0 0 0 0 0 0 0 0 0 0 0 0 0 0 0 0 0 0 0 0 0 0 0 0 0 0 0 0 0
 0 0 0 0 0 0 0 0 0 0 0 0 0 0 0 0 0 0 0 0 0 0 0 0 0 0 0 0 0 0 0 0 0 0 0 0
 0 0 0 0 0 0 0 0 0 0 0 0 0 0 0 0 0 0 0 0 0 0 0 0 0 0 0 0 0 0 0 0 0 0 0 0
 0 0 0 0 0 0 0 0 0 0 0 0 0 0 0 0 0 0 0 0 0 0 0 0 0 0 0 0 0 0 0 0 0 0 0 0
 0 0 0 0 0 0 0 0 0 0 0 0 0 0 0 0 0 0 0 0 0 0 0 0 0 0 0 0 0 0 0 0 0 0 0 0
 0 0 0 0 0 0 0 0 1.78061e-05 0.00172719 0.00360574 0.0105946 0.0120993 0.0124554 0.0147524 0.0171206 0.0266825 0.0428682 0.0675386 0.121331 0.153587 0.119568 0.100827 0.0573624 0.0630603 0.0341343 0.0324427 0.0444173 0.0211091 0.0280891 0.0125444 0.00206551 0 0 0 0
 0 0 0 0 0 0 0 0 0 0 0 0 0 0 0 0 0 0 0 0 0 0 0 0 0 0 0 0 0 0 0 0 0 0 0 0
 0 0 0 0 0 0 0.0133647 0.0140871 0.0187388 0.0205184 0.03894 0.0496705 0.03968 0.0493445 0.0407372 0.0367815 0.0215668 0.0243155 0.0234873 0.0199281 0.019796 0.0243948 0.0301388 0.0376714 0.0412746 0.0863199 0.0771752 0.113111 0.0741005 0.0525337 0.0229764 0.00759418 0.00175318 0 0 0
 0 0 0 0 0 0 0 0 0 0 0.00219441 0.00772107 0.0458388 0.0604681 0.0671733 0.0775358 0.0609151 0.0617685 0.073594 0.0568108 0.0755445 0.0548602 0.0670107 0.0636378 0.0643287 0.046367 0.0373049 0.0286899 0.0247887 0.0153202 0.00654259 0.00121912 0.000365735 0 0 0
 0 0 0 0 0 0 0 0 0 0 0 0 0.000112435 0.00938835 0.0111873 0.0202946 0.0414886 0.0713402 0.111592 0.104902 0.108894 0.110636 0.117776 0.105296 0.107544 0.0401394 0.0192827 0.0124803 0.00416011 0.0028671 0.000618394 0 0 0 0 0
 0 0 0 0 0 0 0 0 0 0 0.00291406 0.0102884 0.027416 0.0768956 0.0749926 0.110853 0.0956884 0.0897413 0.0766577 0.0534642 0.0500743 0.0551293 0.0594112 0.0620874 0.0668451 0.0424026 0.0208742 0.0120726 0.0048766 0.00582813 0.00118941 0.000297354 0 0 0 0
 0 0.00264628 0.0354308 0.0461629 0.0458689 0.0383711 0.0214643 0.0164657 0.0346957 0.0420465 0.0363128 0.0245516 0.0311673 0.0291091 0.0169068 0.0133784 0.00837989 0.0085269 0.0148486 0.0160247 0.0276389 0.0546898 0.0760071 0.122758 0.109233 0.0665981 0.0333725 0.0166128 0.00676272 0.00308733 0.000882094 0 0 0 0 0
 0 0 0 0 0 0 0 0.000805153 0.000690131 0.00759144 0.0133425 0.0154129 0.00931677 0.000345066 0.00356568 0.00563607 0.00851162 0.0253048 0.0502646 0.0516448 0.0657925 0.0565908 0.0611916 0.0827007 0.0866115 0.110766 0.145733 0.0935128 0.0569358 0.0249597 0.0138026 0.00621118 0.00161031 0.00115022 0 0
 0 0 0 0 0 0 0 0 0 0 0 0 0 0 0 0 0 0 0 0 0 0 0 0 0 0 0 0 0 0 0 0 0 0 0 0
 0.00147267 0.00158595 0.00478618 0.00569244 0.00954404 0.0108468 0.00647125 0.017049 0.0510054 0.094081 0.124002 0.0959785 0.0687766 0.0820023 0.061753 0.0591476 0.0492212 0.0479892 0.0443925 0.0268479 0.0217502 0.0140895 0.0121071 0.0120363 0.00920419 0.00665534 0.0049561 0.00860946 0.00930331 0.0156896 0.0114698 0.00855282 0.00243557 0.00046729 0 2.83206e-05
 0 0 0 0 0.000772559 0.00158375 0.000888443 0.00281984 0.00712685 0.0440552 0.0773331 0.111326 0.0921469 0.0852325 0.0710754 0.0886704 0.0786465 0.0553345 0.0373146 0.0185414 0.00753245 0.00457741 0.012979 0.0271748 0.0457355 0.0583668 0.034881 0.0177882 0.00938659 0.00492506 0.0015258 0.00185414 0.000309023 5.79419e-05 3.86279e-05 0
 0 0.00173294 0.00326652 0 0.00397197 0.00683976 0.00946217 0.0152591 0.00757587 0.0136028 0.0228656 0.0392903 0.0559909 0.0764795 0.0681675 0.0726916 0.0566044 0.0477403 0.0527397 0.0444891 0.0609904 0.0582453 0.0661739 0.0445044 0.0529084 0.0360697 0.0280645 0.0235558 0.0158879 0.00826598 0.00280645 0.00217768 0.000904811 0.00058276 9.20147e-05 0
 0 0 0 0 0 0 0 0 0 0 0 0 0 0 0 0 0 0 0 0 0 0 0 0 0 0 0 0 0 0 0 0 0 0 0 0
 0 0 0 0 0 0 0 0 0 0 0 0 0 0 0 0 0 0 0 0 0 0 0 0 0 0 0 0 0 0 0 0 0 0 0 0
 0 0 0 0 0 0 0 0 0 0 0 0 0 0 0 0 0 0 0 0 0 0 0 0 0 0 0 0 0 0 0 0 0 0 0 0
 0 0 0 0 0 0 0 0 0 0 0 0 0 0 0 0 0 0 0 0 0 0 0 0 0 0 0 0 0 0 0 0 0 0 0 0
ppred_pel_tallas
 1.01129e-16 3.38332e-05 0.000198577 0.000943952 0.00363428 0.0113332 0.0286267 0.0585738 0.097092 0.13039 0.141886 0.125142 0.0895564 0.0522164 0.0252495 0.0109664 0.00566646 0.00499577 0.00628641 0.00836678 0.0107574 0.0131683 0.0153327 0.0170013 0.0179851 0.0181946 0.0176564 0.016498 0.0149097 0.0130972 0.0112395 0.00946536 0.0078482 0.00641664 0.00517126 0.00410017
 1.01378e-16 3.08901e-05 0.000181292 0.000861764 0.00331781 0.0103463 0.0261339 0.053474 0.088641 0.119048 0.129564 0.114321 0.0819149 0.0479675 0.0235807 0.0109 0.00658203 0.00667509 0.00874229 0.0116766 0.0149614 0.0182174 0.0210681 0.0231629 0.0242447 0.0242077 0.0231191 0.0211937 0.0187346 0.0160588 0.0134338 0.0110406 0.00896775 0.00722894 0.00579247 0.0046088
 1.02651e-16 2.36187e-05 0.000138593 0.000658747 0.00253611 0.00790852 0.0199765 0.0408763 0.0677633 0.0910233 0.0991015 0.0875341 0.0629203 0.0372469 0.019061 0.0100766 0.0078131 0.00930737 0.012712 0.0171313 0.0220439 0.026962 0.0313569 0.0347215 0.0366733 0.0370379 0.0358811 0.0334764 0.0302245 0.0265526 0.0228272 0.0193045 0.0161221 0.0133228 0.0108919 0.00879218
 1.03451e-16 2.77825e-05 0.00016305 0.000775046 0.00298393 0.00930508 0.0235039 0.0480927 0.0797209 0.107069 0.116527 0.102822 0.0736827 0.0431629 0.0212514 0.00988469 0.00606712 0.00626099 0.00829641 0.0112043 0.0145488 0.0180149 0.0212809 0.0240316 0.0260129 0.0270807 0.0272223 0.0265409 0.0252142 0.0234428 0.0214057 0.0192375 0.0170267 0.0148285 0.0126829 0.010628
 1.02929e-16 2.97399e-05 0.000174542 0.000829676 0.00319427 0.00996102 0.0251608 0.0514827 0.0853399 0.114614 0.124734 0.110053 0.0788419 0.0461385 0.0226279 0.0103721 0.00615103 0.00616306 0.00807186 0.0108303 0.0139685 0.0171551 0.0200619 0.0223777 0.0238656 0.0244125 0.024048 0.0229243 0.0212668 0.0193139 0.0172661 0.0152589 0.0133611 0.0115919 0.00994544 0.00841178
 1.03634e-16 2.30469e-05 0.000135237 0.000642794 0.00247469 0.00771699 0.0194927 0.0398863 0.0661223 0.0888192 0.0967027 0.085417 0.0614024 0.0363563 0.0186202 0.0098682 0.00768242 0.009174 0.012543 0.0169183 0.0217934 0.0266944 0.031107 0.0345375 0.0366132 0.0371631 0.0362482 0.0341293 0.0311877 0.0278262 0.0243863 0.0211006 0.0180884 0.0153804 0.0129582 0.0107884
 1.03878e-16 2.7497e-05 0.000161374 0.000767078 0.00295326 0.00920942 0.0232623 0.0475983 0.0789013 0.105968 0.115329 0.101764 0.0729244 0.0427178 0.0210307 0.00977991 0.0060011 0.00619396 0.00821269 0.0111009 0.0144306 0.0178941 0.021177 0.0239701 0.026023 0.0271914 0.0274582 0.0269182 0.0257381 0.0241059 0.0221893 0.0201135 0.0179606 0.0157833 0.0136226 0.0115205
 1.0434e-16 2.385e-05 0.000139955 0.000665231 0.00256109 0.00798644 0.0201733 0.0412785 0.0684289 0.0919135 0.100061 0.0883572 0.0634596 0.0374611 0.0189777 0.00972229 0.00717338 0.00832902 0.0113282 0.0152916 0.0197413 0.024254 0.0283754 0.0316682 0.0337988 0.0346076 0.0341359 0.032597 0.0303065 0.0275979 0.0247508 0.0219525 0.0192971 0.0168094 0.0144802 0.012296
 1.04521e-16 2.54097e-05 0.000149117 0.0007088 0.00272886 0.00850963 0.0214948 0.043982 0.0729083 0.0979236 0.106586 0.0940783 0.0674789 0.0396537 0.0197566 0.00958175 0.00641309 0.00703361 0.0094645 0.0128056 0.0166213 0.0205653 0.0242728 0.0273861 0.0296202 0.0308187 0.0309766 0.0302215 0.0287635 0.0268336 0.0246325 0.0223036 0.0199329 0.0175667 0.0152346 0.0129675
 1.04773e-16 2.39899e-05 0.000140778 0.000669149 0.00257618 0.00803351 0.0202922 0.0415216 0.0688312 0.0924519 0.100642 0.088858 0.0637927 0.0376044 0.0189523 0.00955073 0.00685566 0.00784371 0.0106468 0.014395 0.018634 0.0229735 0.0269961 0.0302964 0.0325589 0.0336228 0.0335071 0.0323852 0.0305242 0.0282096 0.0256825 0.0231071 0.0205707 0.0181057 0.0157206 0.0134243
 1.06494e-16 1.83617e-05 0.00010773 0.000512024 0.00197119 0.00614685 0.0155267 0.0317716 0.0526722 0.0707593 0.0770584 0.0681094 0.0490572 0.0292413 0.0153374 0.00871849 0.00750175 0.00942568 0.0130819 0.017777 0.0230758 0.0285361 0.0336577 0.0379459 0.0410083 0.0426333 0.0428215 0.0417578 0.0397404 0.0370931 0.0340937 0.0309358 0.0277303 0.0245307 0.021368 0.0182773
 1.08503e-16 1.81757e-05 0.000106645 0.000506877 0.00195139 0.00608514 0.0153707 0.031452 0.0521406 0.0700399 0.0762609 0.0673713 0.0484535 0.0287377 0.0148122 0.00801344 0.00645835 0.00790078 0.0109614 0.0149993 0.0196627 0.0246194 0.0294894 0.0338822 0.0374663 0.0400273 0.0414937 0.0419202 0.0414417 0.0402182 0.0383908 0.0360648 0.0333163 0.0302143 0.0268423 0.0233098
 1.07045e-16 2.5113e-05 0.00014738 0.000700552 0.00269712 0.00841067 0.0212447 0.04347 0.0720583 0.0967781 0.105329 0.0929443 0.0666124 0.0390377 0.0192525 0.00901256 0.00561797 0.00588173 0.00785635 0.0106828 0.0139861 0.0175013 0.0209553 0.0240754 0.0266344 0.028491 0.0296059 0.0300269 0.0298533 0.0291944 0.028137 0.0267348 0.0250166 0.0230053 0.0207394 0.0182834
 1.05017e-16 2.58312e-05 0.000151591 0.00072056 0.00277414 0.00865083 0.0218514 0.0447118 0.0741182 0.0995489 0.108356 0.0956422 0.0686043 0.0403219 0.0201013 0.00976571 0.00655213 0.00718561 0.00964673 0.0130092 0.0168167 0.0207038 0.0242908 0.0272138 0.0291952 0.0301014 0.0299641 0.028955 0.0273271 0.0253431 0.023217 0.0210844 0.0190043 0.0169826 0.0150039 0.0130581
 1.03137e-16 2.96086e-05 0.000173771 0.000826014 0.00318017 0.00991705 0.0250497 0.0512555 0.0849631 0.114107 0.124183 0.109566 0.0784908 0.0459291 0.022518 0.0103101 0.00609934 0.00610141 0.00799171 0.0107303 0.0138531 0.0170345 0.019952 0.0222983 0.0238382 0.0244562 0.0241767 0.0231432 0.0215721 0.0196931 0.0177007 0.0157273 0.0138416 0.0120653 0.0103964 0.00882946
 1.01971e-16 3.18585e-05 0.000186981 0.000888819 0.00342199 0.0106712 0.0269545 0.0551527 0.0914224 0.12278 0.133614 0.117869 0.0844019 0.0493121 0.0240342 0.0107619 0.00602859 0.00574757 0.0074084 0.00989294 0.0127154 0.0155517 0.0180906 0.0200413 0.0211866 0.0214297 0.0208119 0.0194928 0.0177032 0.0156855 0.0136442 0.011718 0.0099757 0.00843222 0.00707162 0.00586848
 1.02282e-16 2.67486e-05 0.000156973 0.000746135 0.00287259 0.00895784 0.022627 0.0462989 0.07675 0.103087 0.112214 0.0990648 0.0710971 0.0418626 0.0210083 0.0104337 0.0072867 0.00817821 0.0110063 0.0147834 0.018989 0.0231809 0.0268958 0.0296945 0.0312507 0.0314229 0.0302819 0.0280805 0.0251809 0.0219647 0.0187548 0.0157714 0.0131254 0.0108405 0.00888801 0.0072202
 1.03013e-16 2.71428e-05 0.000159292 0.000757169 0.00291509 0.00909039 0.0229617 0.0469835 0.0778833 0.104604 0.113854 0.100484 0.0720531 0.0423005 0.0209978 0.0100525 0.00655249 0.00705015 0.00942201 0.0127004 0.0164192 0.0202137 0.0237054 0.026528 0.0283959 0.0291617 0.0288411 0.0275917 0.0256604 0.0233167 0.0207962 0.0182692 0.0158364 0.0135457 0.0114154 0.00945491
 1.03374e-16 2.69577e-05 0.000158205 0.000752001 0.00289519 0.00902834 0.022805 0.0466628 0.0773519 0.103891 0.113079 0.0998032 0.0715721 0.0420322 0.0208905 0.0100437 0.00660137 0.00714008 0.00954959 0.0128649 0.0166163 0.0204333 0.0239318 0.0267425 0.0285808 0.0293059 0.028944 0.0276653 0.0257284 0.0234097 0.0209457 0.0185002 0.0161624 0.0139656 0.011914 0.010006
 1.02654e-16 3.08878e-05 0.000181283 0.000861731 0.0033177 0.0103459 0.026133 0.0534718 0.0886361 0.119038 0.129542 0.114278 0.081832 0.0478143 0.0233118 0.0104532 0.00588082 0.0056371 0.00729461 0.0097774 0.0126236 0.0155276 0.0181938 0.0203417 0.0217549 0.0223261 0.0220739 0.0211262 0.0196776 0.0179364 0.0160808 0.0142342 0.0124641 0.0107955 0.00923224 0.00777357
 1.02424e-16 2.85993e-05 0.000167842 0.000797816 0.00307159 0.00957843 0.0241944 0.0495058 0.0820643 0.110219 0.119963 0.105871 0.075906 0.0445415 0.0220699 0.010495 0.00674026 0.00716269 0.00951328 0.0127606 0.0164034 0.0200515 0.023307 0.0257945 0.0272337 0.0275012 0.0266532 0.0248999 0.0225433 0.019901 0.0172403 0.0147421 0.0124957 0.0105194 0.00879025 0.00727234
 1.02691e-16 2.80627e-05 0.000164692 0.000782844 0.00301394 0.00939866 0.0237404 0.0485767 0.080524 0.10815 0.117711 0.103882 0.0744762 0.0436959 0.0216395 0.0102732 0.00657925 0.00698622 0.00929309 0.0124966 0.0161162 0.0197812 0.0231114 0.0257429 0.0273972 0.0279394 0.0274013 0.0259594 0.0238792 0.0214459 0.0189046 0.0164277 0.0141104 0.011988 0.0100618 0.00832235
 1.02399e-16 3.07505e-05 0.000180476 0.000857891 0.00330291 0.0102998 0.0260165 0.0532335 0.0882414 0.118509 0.128969 0.113778 0.0814852 0.0476352 0.0232683 0.0105077 0.00601446 0.00585077 0.00759917 0.0101832 0.0131325 0.0161282 0.0188591 0.0210301 0.0224154 0.0229051 0.022524 0.021413 0.0197843 0.017865 0.0158497 0.0138736 0.0120105 0.0102871 0.00870423 0.00725596
 1.02168e-16 2.99544e-05 0.0001758 0.000835654 0.00321728 0.0100328 0.025342 0.0518537 0.0859552 0.115441 0.125639 0.11086 0.0794385 0.0465251 0.0228868 0.0106063 0.00644518 0.00657598 0.00864127 0.0115739 0.0148791 0.0181944 0.0211581 0.023429 0.0247526 0.0250151 0.0242652 0.0226907 0.0205629 0.018168 0.0157478 0.0134669 0.0114082 0.00959104 0.00799746 0.00659772
 1.04121e-16 1.74811e-05 0.000102552 0.000487386 0.00187629 0.0058509 0.0147793 0.030243 0.0501411 0.0673683 0.0733897 0.0649245 0.0468888 0.0282002 0.0152497 0.0093867 0.00885863 0.0115354 0.0160654 0.021729 0.027998 0.0342912 0.0399505 0.0443394 0.046975 0.0476335 0.0463905 0.0435797 0.0396924 0.0352513 0.0307033 0.0263583 0.022381 0.0188221 0.0156658 0.0128736
 1.06233e-16 2.27648e-05 0.000133592 0.000635 0.00244472 0.00762357 0.0192566 0.0394023 0.0653165 0.087727 0.0954874 0.0842815 0.0604516 0.0355242 0.0177025 0.00859869 0.00578939 0.00640905 0.00870991 0.0119192 0.015686 0.0197395 0.0237829 0.0275054 0.0306309 0.0329633 0.0344088 0.0349689 0.0347124 0.0337394 0.0321538 0.0300514 0.0275233 0.0246669 0.0215951 0.0184365
pSPR Fmed_Fpbrs
0.425919   0.6 0.325
Fs Fmed_Fpbrs
0.68   0.342818 1.04197
SSBpbr Bo_Bmed_Bpbrs
3.29312e+06  1.23795e+06  1.81122e+06 905609
Ro
71682.4
SPR SPRFo_SPRFmed_SPRFpbrs
1.48055e+06 630595 481180
log_Ro
11
likeval ReclasPelacesDesembMPH_pf_preclas_ppelaces_ptallas_desvR_qrecl_qpela
 65.1454 25.0293 0.0410883 0.000537204 335.376 220.517 84.4023 0 17.4264 0.000114447 1.32793e-08 2.27962e-15 0 0 0
q_reclas_q_pelaces
0.219599 1.01653
M
0.7
N
 82106 20469.1 7616.06 898.089 0.470796
 103124 38366.1 7533.27 2802.95 330.698
 67048.7 49028 15375.6 3019.04 1255.84
 96611.7 31422.2 18306.4 5741.04 1596.18
 157973 47471.6 14812.5 8629.69 3458.79
 118445 78264.7 23305.1 7271.86 5934.56
 174713 57383.4 34414.4 10247.7 5807.11
 146693 85429.1 26407.1 15837.1 7388.19
 157676 70567.1 36276.9 11213.6 9862.47
 140362 75403.7 29106.9 14963.2 8693.26
 69000.6 67422.6 31790.2 12271.4 9973.54
 41618.8 31784.6 23126.8 10904.4 7630.29
 42622.9 19258.2 11147.8 8111.24 6500.67
 25050.7 18957.9 5558.98 3217.87 4217.81
 20543.1 10299.1 3714.69 1089.25 1456.98
 27208 8665.35 2289.73 825.861 566.085
 23498.8 12685.8 3154.86 833.639 506.776
 26861.9 11156.7 5049.75 1255.84 533.572
 30757.5 12946.5 4782.23 2164.53 767.015
 53347.4 14894.3 5679.99 2098.09 1286.15
 66255.1 25811.5 6507.28 2481.57 1478.57
 84376.4 32495.7 12058.2 3039.97 1850.04
 142794 41208.4 14867 5516.69 2237.2
 202608 69513 18554.3 6693.93 3491.23
 90970.8 98779.7 31531.9 8416.43 4620.1
 114496 44484.1 45468.7 14514.2 6000.76
pred_Ctot
 3497.51 3877.02 1442.54 170.105 0.0891726
 3167.51 5390.43 1058.42 393.814 46.4631
 2721.87 8892.13 2788.64 547.557 227.77
 730.862 1149.41 669.64 210.005 58.3876
 264.131 389.286 121.469 70.767 28.3635
 2080.99 6490.93 1932.82 603.096 492.186
 1929.1 3038.2 1822.1 542.57 307.461
 3306.2 8981.29 2776.22 1664.97 776.732
 4203.26 8688.67 4466.65 1380.69 1214.33
 3306.82 8266.22 3190.87 1640.35 953.009
 3607.39 15317 7222.06 2787.81 2265.78
 2049.03 6849.23 4983.57 2349.78 1644.24
 3218.08 5981.48 3462.44 2519.31 2019.07
 3134.08 8696.74 2550.12 1476.17 1934.88
 2245.59 4280.69 1543.96 452.731 605.573
 1199.63 1692.81 447.307 161.335 110.587
 744.054 1833.2 455.903 120.468 73.2333
 569.654 1107.17 501.124 124.626 52.9503
 550.308 1092.6 403.588 182.672 64.7308
 986.303 1297.03 494.625 182.706 112
 587.727 1103.66 278.243 106.109 63.2215
 1002.64 1847.87 685.691 172.868 105.202
 2024.6 2780.61 1003.18 372.249 150.959
 2656.65 4348.91 1160.8 418.79 218.421
 1001.13 5213.07 1664.09 444.175 243.825
 1270.87 2367.3 2419.69 772.399 319.341
F
 0.0608377 0.299587 0.299587 0.299587 0.299587
 0.0435369 0.214392 0.214392 0.214392 0.214392
 0.0579041 0.285141 0.285141 0.285141 0.285141
 0.0105683 0.0520422 0.0520422 0.0520422 0.0520422
 0.00232731 0.0114606 0.0114606 0.0114606 0.0114606
 0.0246976 0.12162 0.12162 0.12162 0.12162
 0.0154585 0.0761233 0.0761233 0.0761233 0.0761233
 0.0317816 0.156504 0.156504 0.156504 0.156504
 0.037688 0.18559 0.18559 0.18559 0.18559
 0.0332428 0.1637 0.1637 0.1637 0.1637
 0.0751346 0.369991 0.369991 0.369991 0.369991
 0.0706159 0.347739 0.347739 0.347739 0.347739
 0.110171 0.542522 0.542522 0.542522 0.542522
 0.188841 0.929925 0.929925 0.929925 0.929925
 0.163193 0.803625 0.803625 0.803625 0.803625
 0.0630311 0.310388 0.310388 0.310388 0.310388
 0.0449074 0.221141 0.221141 0.221141 0.221141
 0.0298792 0.147136 0.147136 0.147136 0.147136
 0.0251562 0.123879 0.123879 0.123879 0.123879
 0.0260046 0.128056 0.128056 0.128056 0.128056
 0.0124024 0.0610742 0.0610742 0.0610742 0.0610742
 0.0166452 0.0819669 0.0819669 0.0819669 0.0819669
 0.019889 0.0979409 0.0979409 0.0979409 0.0979409
 0.0183811 0.0905155 0.0905155 0.0905155 0.0905155
 0.0154069 0.0758691 0.0758691 0.0758691 0.0758691
 0.0155403 0.0765263 0.0765263 0.0765263 0.0765263
Np
 52741 24429.1 19730.8 7212.3 9970.24
YTP_r0W_actual
 11437.8 60129.3 85415.1 31977.3 14370.3
YTP_p0W_proyectada
 21000.1 257401 136778 178541 92339.5
 21000.1 112327 131885 61565.8 94446.8
CTP_r0_actual
 1270.87 2367.3 2419.69 772.399 319.341
CTP_p0_proyectada
 2560.98 11916.7 4355.97 4452.38 2075.05
 2560.98 5200.31 4200.17 1535.31 2122.4
Wmedp
 8.2 21.6 31.4 40.1 44.5
nmprior
 10.6 11 7 0
nm_flota  nm_reclas  nm_pelaces    nm_pelaL
inf 11.2262 19.996 66.2704
cv_recla  cv_pelaces  cv_mph
0.714026 0.548043 0.630816
 ------------------------------------------------
Talla a la edad & desviaci?n 
 7.2 14.2025 17.0495 18.207 18.6776
 1.08 2.13037 2.55742 2.73105 2.80164
