years
 1997 1998 1999 2000 2001 2002 2003 2004 2005 2006 2007 2008 2009 2010 2011 2012 2013 2014 2015 2016 2017 2018 2019 2020 2021 2022
reclasobs
 0 0 0 370054 412103 1.49427e+06 250295 1.28982e+06 931140 785840 897777 1.04006e+06 184774 17550 25797 100020 73551 82996 120727 218422 84188 347160 605670 569463 516374 1.08416e+06
reclaspred
 909200 194477 424102 203020 311060 391033 837190 633898 711501 844707 806282 565270 333268 130636 73326.9 70656.7 81167.7 107955 119927 145329 225005 225265 373800 491448 653294 507887
pelacesobs
 0 0 0 0 0 0 0 0 0 2.06254e+06 1.5e+06 0 1.87456e+06 323000 250000 174000 83755 137374 0 501740 490994 745055 786931 1.00524e+06 1.33801e+06 1.41789e+06
pelacespred
 2.83274e+06 754294 665987 629195 920675 783928 2.36076e+06 1.92363e+06 2.02665e+06 2.49467e+06 1.92792e+06 1.38451e+06 845129 265173 158684 157997 188652 261648 282505 337463 636476 585918 767614 1.18283e+06 1.47433e+06 1.14927e+06
mphobs
 0 0 0 0 0 112323 0 153150 637223 0 255016 313432 73983 77613 109348 50772 17779 17303 59886 28197 0 207744 136588 643089 65757 0
mphpred
 288497 140681 132771 90077 87893.5 160653 208417 301048 269090 304855 369719 252271 156935 85211.2 38331.6 29462.5 29878.8 37277.1 46131 49303.9 70996.8 91406.4 110110 156770 237604 206414
desembarqueobs
 350755 77701 442110 56441 14545 235359 269955 359681 431902 328805 639364 411747 362871 311530 167758 66681 60226 58785 57116 73181 50977 67692 138656 160484 209506 203330
desembarquepred
 350742 77682.7 441876 56438.4 14544.9 235397 269989 359464 431756 328700 638817 411473 362601 311329 167419 66649.7 60235.2 58747.6 57076 73153.4 50974.9 67662.5 138630 160460 209435 203268
Reclutas
 30183.6 42300.2 12254.4 17197 41863.2 25868.4 65819.4 63126.8 81823.2 116855 64462.9 47653.8 52508.9 28359.4 13664.9 10948.5 8278.61 9489.2 9494.51 13591.6 19515.8 23059 38862 54636.1 18914.9 17334.6
log_desv_Rt
 0.0950537 0.432548 -0.80636 -0.467511 0.422162 -0.0592243 0.87467 0.832901 1.09232 1.44869 0.853844 0.551718 0.648738 0.0327131 -0.697417 -0.919038 -1.19857 -1.06209 -1.06153 -0.702791 -0.341023 -0.17419 0.347772 0.68845 -0.372296 -0.459537
SSB
 539803 263228 248426 168542 164457 300597 389966 563287 503492 570411 691778 472022 293639 159438 71722 55127 55905.9 69748.8 86315.3 92252.1 132841 171030 206025 293330 444579 386220
BT
 1.47658e+06 392640 495343 289686 379200 448333 1.24818e+06 1.15309e+06 1.26195e+06 1.34205e+06 1.29984e+06 908774 713767 402088 208253 119406 125603 153621 150911 191544 295693 264945 382186 582163 653168 559662
Ftot
 0.579097 0.662692 1.30259 0.439417 0.0868473 0.797895 0.590514 0.902546 1.0282 0.677461 1.09854 1.05924 1.73239 3.05613 3.16051 1.38762 1.14357 0.869451 0.688736 0.795645 0.366526 0.442496 0.556944 0.520181 0.428008 0.570424
BD_Bspro_t
 0.926005 0.653451 0.535799 0.282295 0.3938 0.59757 0.514929 0.565178 0.496118 0.480393 0.4936 0.33371 0.239132 0.160714 0.0888436 0.0842051 0.116649 0.19165 0.274984 0.342016 0.458351 0.586859 0.591398 0.603293 0.630534 0.524843
BD_Bspro
 0.952214 0.464334 0.438223 0.297309 0.290102 0.530253 0.687901 0.993639 0.888161 1.0062 1.2203 0.832648 0.51798 0.281249 0.126518 0.0972441 0.0986181 0.123037 0.15226 0.162733 0.234333 0.301697 0.363429 0.517435 0.784238 0.681293
BD_Bo
 0.752503 0.366948 0.346313 0.234953 0.229258 0.419042 0.543625 0.78524 0.701885 0.79517 0.964361 0.658014 0.409342 0.222262 0.0999827 0.0768488 0.0779346 0.0972321 0.120326 0.128602 0.185185 0.238421 0.287206 0.408912 0.619758 0.538403
BD_Brms
 1.36819 0.667177 0.629661 0.427188 0.416832 0.761894 0.98841 1.42771 1.27615 1.44576 1.75338 1.19639 0.744259 0.404112 0.181787 0.139725 0.141699 0.176786 0.218775 0.233823 0.3367 0.433493 0.522193 0.743476 1.12683 0.978915
S_f
 0.127819 1 1 1 1
 0.127819 1 1 1 1
 0.127819 1 1 1 1
 0.127819 1 1 1 1
 0.127819 1 1 1 1
 0.127819 1 1 1 1
 0.127819 1 1 1 1
 0.127819 1 1 1 1
 0.127819 1 1 1 1
 0.127819 1 1 1 1
 0.127819 1 1 1 1
 0.127819 1 1 1 1
 0.127819 1 1 1 1
 0.127819 1 1 1 1
 0.127819 1 1 1 1
 0.127819 1 1 1 1
 0.127819 1 1 1 1
 0.127819 1 1 1 1
 0.127819 1 1 1 1
 0.127819 1 1 1 1
 0.127819 1 1 1 1
 0.127819 1 1 1 1
 0.127819 1 1 1 1
 0.127819 1 1 1 1
 0.127819 1 1 1 1
 0.127819 1 1 1 1
Scru_reclas
 0.348956 0.729544 0.931391 0.985574 0.9971
 0.348956 0.729544 0.931391 0.985574 0.9971
 0.348956 0.729544 0.931391 0.985574 0.9971
 0.348956 0.729544 0.931391 0.985574 0.9971
 0.348956 0.729544 0.931391 0.985574 0.9971
 0.348956 0.729544 0.931391 0.985574 0.9971
 0.348956 0.729544 0.931391 0.985574 0.9971
 0.348956 0.729544 0.931391 0.985574 0.9971
 0.348956 0.729544 0.931391 0.985574 0.9971
 0.348956 0.729544 0.931391 0.985574 0.9971
 0.348956 0.729544 0.931391 0.985574 0.9971
 0.348956 0.729544 0.931391 0.985574 0.9971
 0.348956 0.729544 0.931391 0.985574 0.9971
 0.348956 0.729544 0.931391 0.985574 0.9971
 0.348956 0.729544 0.931391 0.985574 0.9971
 0.348956 0.729544 0.931391 0.985574 0.9971
 0.348956 0.729544 0.931391 0.985574 0.9971
 0.348956 0.729544 0.931391 0.985574 0.9971
 0.348956 0.729544 0.931391 0.985574 0.9971
 0.348956 0.729544 0.931391 0.985574 0.9971
 0.348956 0.729544 0.931391 0.985574 0.9971
 0.348956 0.729544 0.931391 0.985574 0.9971
 0.348956 0.729544 0.931391 0.985574 0.9971
 0.348956 0.729544 0.931391 0.985574 0.9971
 0.348956 0.729544 0.931391 0.985574 0.9971
 0.348956 0.729544 0.931391 0.985574 0.9971
Scru_pelaces
 0.574197 1 1 1 1
 0.574197 1 1 1 1
 0.574197 1 1 1 1
 0.574197 1 1 1 1
 0.574197 1 1 1 1
 0.574197 1 1 1 1
 0.574197 1 1 1 1
 0.574197 1 1 1 1
 0.574197 1 1 1 1
 0.574197 1 1 1 1
 0.574197 1 1 1 1
 0.574197 1 1 1 1
 0.574197 1 1 1 1
 0.574197 1 1 1 1
 0.574197 1 1 1 1
 0.574197 1 1 1 1
 0.574197 1 1 1 1
 0.574197 1 1 1 1
 0.574197 1 1 1 1
 0.574197 1 1 1 1
 0.574197 1 1 1 1
 0.574197 1 1 1 1
 0.574197 1 1 1 1
 0.574197 1 1 1 1
 0.574197 1 1 1 1
 0.574197 1 1 1 1
pf_obs 
 0.256992 0.487395 0.22802 0.0275931 0
 0.321318 0.546541 0.124235 0.00734118 0.000564706
 0.182869 0.594174 0.210203 0.0122559 0.00049798
 0.330522 0.361315 0.267642 0.0388342 0.00168674
 0.649043 0.306663 0.0425973 0.00169635 0
 0.582887 0.30429 0.105238 0.00758474 0
 0.465427 0.430635 0.0974691 0.00646863 0
 0.296916 0.608066 0.0921331 0.00288517 0
 0.311714 0.524322 0.152257 0.0117073 0
 0.15457 0.633149 0.183074 0.0267441 0.00246327
 0.131901 0.49318 0.331252 0.0422183 0.00144891
 0.196976 0.569456 0.194076 0.0375587 0.00193317
 0.518974 0.381816 0.0799577 0.0180837 0.00116848
 0.0928022 0.601141 0.25162 0.0475244 0.00691264
 0.122501 0.610282 0.24278 0.0234846 0.000952079
 0.383417 0.481906 0.127806 0.00687128 0
 0.0376549 0.599619 0.316969 0.0457579 0
 0.0361596 0.667082 0.258105 0.0386534 0
 0.158088 0.579412 0.248529 0.0139706 0
 0.0477256 0.309471 0.559284 0.082774 0.000745712
 0.0406174 0.521527 0.379366 0.0568643 0.0016247
 0.151134 0.462217 0.34131 0.0453401 0
 0.294876 0.26143 0.354403 0.0886775 0.000613685
 0.281977 0.475581 0.204845 0.0348837 0.00271318
 0.0841818 0.532909 0.334909 0.0458182 0.00218182
 0.115287 0.27431 0.454777 0.147771 0.00785563
pf_pred 
 0.200523 0.552776 0.219386 0.0273073 7.59593e-06
 0.263281 0.534073 0.140114 0.0556084 0.0069236
 0.0910475 0.724461 0.133744 0.0350877 0.0156594
 0.234824 0.46816 0.23673 0.0437031 0.0165825
 0.339367 0.495313 0.101149 0.0511469 0.0130251
 0.146982 0.688776 0.123141 0.0251469 0.015954
 0.376 0.418572 0.165874 0.0296553 0.00989807
 0.239958 0.656917 0.0691751 0.027413 0.00653676
 0.298968 0.559563 0.122274 0.0128758 0.00631917
 0.312836 0.585098 0.081469 0.0178023 0.00279467
 0.158516 0.70222 0.118579 0.0165109 0.0041743
 0.186108 0.59 0.186839 0.0315502 0.0055037
 0.300083 0.530368 0.122908 0.038922 0.007719
 0.267087 0.657535 0.0571184 0.0132366 0.00502304
 0.2928 0.668979 0.0342897 0.00297866 0.000952222
 0.318873 0.650664 0.0288168 0.00147705 0.000169326
 0.233221 0.679082 0.0837748 0.00371023 0.000211976
 0.273902 0.590776 0.119846 0.0147847 0.000692199
 0.232611 0.631327 0.110704 0.0224575 0.00290017
 0.291605 0.54658 0.133125 0.0233435 0.00534704
 0.279952 0.59721 0.0947791 0.0230843 0.00497505
 0.227514 0.606538 0.137638 0.0218435 0.00646678
 0.294399 0.523742 0.142791 0.0324025 0.00666479
 0.276277 0.588013 0.100733 0.0274634 0.00751393
 0.0814748 0.730611 0.152677 0.0261552 0.00908181
 0.124185 0.40516 0.374368 0.0782321 0.0180555
pobs_RECLAS
 0 0 0 0 0
 0 0 0 0 0
 0 0 0 0 0
 0 0 0 0 0
 0.835266 0.146461 0.0176864 0.000547809 3.91292e-05
 0.385257 0.428462 0.181853 0.0044286 0
 0.867414 0.0963971 0.0333333 0.00285562 0
 0.441836 0.489002 0.0689373 0.000224442 0
 0.779404 0.147425 0.0564933 0.0165055 0.000172143
 0.814271 0.122319 0.05973 0.00367925 0
 0.40263 0.566651 0.0304383 0.000280538 0
 0.475488 0.404961 0.113038 0.00651328 0
 0.955842 0.0263864 0.0167828 0.000988607 0
 0.975058 0.0227948 0.00214734 0 0
 0.738997 0.206755 0.0527124 0.00153531 0
 0.850938 0.134255 0.0134407 0.00136685 0
 0.542534 0.407297 0.0501686 0 0
 0.764087 0.199537 0.0359546 0.000420521 0
 0.470689 0.182191 0.310203 0.0369168 0
 0.84361 0.089868 0.0606195 0.00523954 0.000663233
 0.607945 0.314616 0.071237 0.00620181 0
 0.523733 0.453247 0.0230204 0 0
 0.530135 0.295979 0.169645 0.0042399 0
 0.562478 0.366248 0.0663022 0.0049721 0
 0.250443 0.683176 0.0655157 0.000865301 0
 0.195077 0.31981 0.436473 0.0351445 0.0134964
ppred_RECLAS
 0.473724 0.334474 0.169474 0.0223219 6.28177e-06
 0.565136 0.291207 0.0975354 0.0409618 0.00515965
 0.287142 0.535717 0.126263 0.035052 0.0158264
 0.515148 0.266389 0.171971 0.0335948 0.0128961
 0.642049 0.249243 0.0649807 0.0347696 0.00895797
 0.394307 0.462634 0.105595 0.0228182 0.0146459
 0.682421 0.194362 0.0983329 0.0186029 0.00628171
 0.550783 0.372976 0.0501419 0.0210264 0.00507248
 0.623377 0.284138 0.0792673 0.00883264 0.00438558
 0.632393 0.299991 0.0533276 0.0123309 0.00195838
 0.426982 0.456417 0.0983957 0.0144977 0.00370816
 0.466163 0.358452 0.14492 0.0258952 0.00457006
 0.646426 0.249895 0.0739333 0.024775 0.00497083
 0.68183 0.277022 0.0307222 0.00753375 0.00289234
 0.71717 0.26349 0.0172424 0.00158493 0.000512599
 0.666361 0.314765 0.0177973 0.000965301 0.000111954
 0.551337 0.385017 0.060639 0.00284183 0.00016426
 0.590562 0.316316 0.081922 0.0106942 0.000506543
 0.532234 0.365957 0.0819252 0.0175863 0.00229766
 0.606526 0.284711 0.0885299 0.0164269 0.00380672
 0.586568 0.326509 0.0661548 0.01705 0.00371752
 0.516719 0.35721 0.103486 0.017379 0.00520524
 0.601813 0.274794 0.0956468 0.0229671 0.00477929
 0.584053 0.320139 0.070017 0.0201996 0.00559121
 0.243816 0.567646 0.151441 0.0274528 0.00964385
 0.323418 0.27048 0.319071 0.0705557 0.0164743
pobs_PELACES
 0 0 0 0 0
 0 0 0 0 0
 0 0 0 0 0
 0 0 0 0 0
 0 0 0 0 0
 0 0 0 0 0
 0 0 0 0 0
 0 0 0 0 0
 0 0 0 0 0
 0 0 0 0 0
 0.450072 0.473896 0.0757376 0.000293798 0
 0 0 0 0 0
 0.463077 0.371075 0.160297 0.00555027 0
 0.529543 0.364841 0.0842815 0.0213345 0
 0.631943 0.363953 0.00410389 0 0
 0.735681 0.248677 0.0153453 0.000297389 0
 0.695825 0.281241 0.0229344 0 0
 0.275771 0.60734 0.115278 0.00161068 0
 0 0 0 0 0
 0.896147 0.0623911 0.0374545 0.00400742 0
 0.803859 0.145111 0.0509908 3.86294e-05 0
 0.739449 0.233085 0.0266225 0.000797448 4.60066e-05
 0.878498 0.100942 0.0204185 0.000141795 0
 0.694673 0.275183 0.0284847 0.00165964 0
 0.469039 0.446079 0.0841089 0.000773354 0
 0.822795 0.102175 0.0682046 0.00682512 0
ppred_PELACES
 0.581377 0.289446 0.114875 0.0142987 3.9774e-06
 0.671458 0.238172 0.0624842 0.0247987 0.0030876
 0.427296 0.456462 0.0842682 0.0221077 0.00986654
 0.617126 0.234255 0.118454 0.0218679 0.00829744
 0.703895 0.222006 0.0453363 0.0229247 0.00583801
 0.509667 0.395924 0.0707842 0.014455 0.00917069
 0.770171 0.154167 0.0610939 0.0109225 0.00364561
 0.665182 0.289389 0.0304734 0.0120761 0.00287961
 0.738642 0.208616 0.045586 0.00480033 0.00235591
 0.723651 0.235302 0.0327635 0.00715938 0.0011239
 0.562494 0.3651 0.0616518 0.0085844 0.00217031
 0.605538 0.28595 0.0905536 0.0152911 0.00266743
 0.794837 0.155464 0.0360272 0.011409 0.00226263
 0.86465 0.12143 0.0105483 0.00244446 0.000927625
 0.884738 0.109033 0.00558867 0.000485474 0.000155197
 0.783525 0.206793 0.00915851 0.000469435 5.38149e-05
 0.679056 0.284238 0.0350649 0.00155296 8.8725e-05
 0.700781 0.243453 0.0493873 0.00609265 0.000285249
 0.636527 0.299027 0.0524347 0.010637 0.00137366
 0.712723 0.221656 0.0539864 0.00946655 0.0021684
 0.665292 0.277608 0.0440572 0.0107306 0.00231261
 0.607635 0.308076 0.0699096 0.0110949 0.00328464
 0.696115 0.225563 0.0614965 0.013955 0.00287036
 0.673924 0.264931 0.0453855 0.0123737 0.00338543
 0.316893 0.543356 0.113546 0.0194516 0.00675414
 0.438992 0.259527 0.239803 0.050112 0.0115656
pobs_pel_tallas
 0 0 0 0 0 0 0 0 0 0 0 0 0 0 0 0 0 0 0 0 0 0 0 0 0 0 0 0 0 0 0 0 0 0 0 0
 0 0 0 0 0 0 0 0 0 0 0 0 0 0 0 0 0 0 0 0 0 0 0 0 0 0 0 0 0 0 0 0 0 0 0 0
 0 0 0 0 0 0 0 0 0 0 0 0 0 0 0 0 0 0 0 0 0 0 0 0 0 0 0 0 0 0 0 0 0 0 0 0
 0 0 0 0 0 0 0 0 0 0 0 0 0 0 0 0 0 0 0 0 0 0 0 0 0 0 0 0 0 0 0 0 0 0 0 0
 0 0 0 0 0 0 0 0 0 0 0 0 0 0 0 0 0 0 0 0 0 0 0 0 0 0 0 0 0 0 0 0 0 0 0 0
 0 0 0 0 0 0 0 0 0 0 0 0 0 0 0 0 0 0 0 0 0 0 0 0 0 0 0 0 0 0 0 0 0 0 0 0
 0 0 0 0 0 0 0 0 0 0 0 0 0 0 0 0 0 0 0 0 0 0 0 0 0 0 0 0 0 0 0 0 0 0 0 0
 0 0 0 0 0 0 0 0 0 0 0 0 0 0 0 0 0 0 0 0 0 0 0 0 0 0 0 0 0 0 0 0 0 0 0 0
 0 0 0 0 0 0 0 0 0 0 0 0 0 0 0 0 0 0 0 0 0 0 0 0 0 0 0 0 0 0 0 0 0 0 0 0
 0 0 0 0 0 0 0 0 0 0 0 0 0 0 0 0 0 0 0 0 0 0 0 0 0 0 0 0 0 0 0 0 0 0 0 0
 0 0 0 0 0 0 0 0 1.78061e-05 0.00172719 0.00360574 0.0105946 0.0120993 0.0124554 0.0147524 0.0171206 0.0266825 0.0428682 0.0675386 0.121331 0.153587 0.119568 0.100827 0.0573624 0.0630603 0.0341343 0.0324427 0.0444173 0.0211091 0.0280891 0.0125444 0.00206551 0 0 0 0
 0 0 0 0 0 0 0 0 0 0 0 0 0 0 0 0 0 0 0 0 0 0 0 0 0 0 0 0 0 0 0 0 0 0 0 0
 0 0 0 0 0 0 0.0133647 0.0140871 0.0187388 0.0205184 0.03894 0.0496705 0.03968 0.0493445 0.0407372 0.0367815 0.0215668 0.0243155 0.0234873 0.0199281 0.019796 0.0243948 0.0301388 0.0376714 0.0412746 0.0863199 0.0771752 0.113111 0.0741005 0.0525337 0.0229764 0.00759418 0.00175318 0 0 0
 0 0 0 0 0 0 0 0 0 0 0.00219441 0.00772107 0.0458388 0.0604681 0.0671733 0.0775358 0.0609151 0.0617685 0.073594 0.0568108 0.0755445 0.0548602 0.0670107 0.0636378 0.0643287 0.046367 0.0373049 0.0286899 0.0247887 0.0153202 0.00654259 0.00121912 0.000365735 0 0 0
 0 0 0 0 0 0 0 0 0 0 0 0 0.000112435 0.00938835 0.0111873 0.0202946 0.0414886 0.0713402 0.111592 0.104902 0.108894 0.110636 0.117776 0.105296 0.107544 0.0401394 0.0192827 0.0124803 0.00416011 0.0028671 0.000618394 0 0 0 0 0
 0 0 0 0 0 0 0 0 0 0 0.00291406 0.0102884 0.027416 0.0768956 0.0749926 0.110853 0.0956884 0.0897413 0.0766577 0.0534642 0.0500743 0.0551293 0.0594112 0.0620874 0.0668451 0.0424026 0.0208742 0.0120726 0.0048766 0.00582813 0.00118941 0.000297354 0 0 0 0
 0 0.00264628 0.0354308 0.0461629 0.0458689 0.0383711 0.0214643 0.0164657 0.0346957 0.0420465 0.0363128 0.0245516 0.0311673 0.0291091 0.0169068 0.0133784 0.00837989 0.0085269 0.0148486 0.0160247 0.0276389 0.0546898 0.0760071 0.122758 0.109233 0.0665981 0.0333725 0.0166128 0.00676272 0.00308733 0.000882094 0 0 0 0 0
 0 0 0 0 0 0 0 0.000805153 0.000690131 0.00759144 0.0133425 0.0154129 0.00931677 0.000345066 0.00356568 0.00563607 0.00851162 0.0253048 0.0502646 0.0516448 0.0657925 0.0565908 0.0611916 0.0827007 0.0866115 0.110766 0.145733 0.0935128 0.0569358 0.0249597 0.0138026 0.00621118 0.00161031 0.00115022 0 0
 0 0 0 0 0 0 0 0 0 0 0 0 0 0 0 0 0 0 0 0 0 0 0 0 0 0 0 0 0 0 0 0 0 0 0 0
 0.00147267 0.00158595 0.00478618 0.00569244 0.00954404 0.0108468 0.00647125 0.017049 0.0510054 0.094081 0.124002 0.0959785 0.0687766 0.0820023 0.061753 0.0591476 0.0492212 0.0479892 0.0443925 0.0268479 0.0217502 0.0140895 0.0121071 0.0120363 0.00920419 0.00665534 0.0049561 0.00860946 0.00930331 0.0156896 0.0114698 0.00855282 0.00243557 0.00046729 0 2.83206e-05
 0 0 0 0 0.000772559 0.00158375 0.000888443 0.00281984 0.00712685 0.0440552 0.0773331 0.111326 0.0921469 0.0852325 0.0710754 0.0886704 0.0786465 0.0553345 0.0373146 0.0185414 0.00753245 0.00457741 0.012979 0.0271748 0.0457355 0.0583668 0.034881 0.0177882 0.00938659 0.00492506 0.0015258 0.00185414 0.000309023 5.79419e-05 3.86279e-05 0
 0 0.00173294 0.00326652 0 0.00397197 0.00683976 0.00946217 0.0152591 0.00757587 0.0136028 0.0228656 0.0392903 0.0559909 0.0764795 0.0681675 0.0726916 0.0566044 0.0477403 0.0527397 0.0444891 0.0609904 0.0582453 0.0661739 0.0445044 0.0529084 0.0360697 0.0280645 0.0235558 0.0158879 0.00826598 0.00280645 0.00217768 0.000904811 0.00058276 9.20147e-05 0
 0 0 0 0 0 0 0 0 0 0 0 0 0 0 0 0 0 0 0 0 0 0 0 0 0 0 0 0 0 0 0 0 0 0 0 0
 0 0 0 0 0 0 0 0 0 0 0 0 0 0 0 0 0 0 0 0 0 0 0 0 0 0 0 0 0 0 0 0 0 0 0 0
 0 0 0 0 0 0 0 0 0 0 0 0 0 0 0 0 0 0 0 0 0 0 0 0 0 0 0 0 0 0 0 0 0 0 0 0
 0 0 0 0 0 0 0 0 0 0 0 0 0 0 0 0 0 0 0 0 0 0 0 0 0 0 0 0 0 0 0 0 0 0 0 0
ppred_pel_tallas
 1.02217e-16 2.53754e-05 0.00014891 0.000707802 0.002725 0.00849757 0.0214644 0.0439202 0.0728075 0.0977933 0.106458 0.0939961 0.0674881 0.039796 0.0200803 0.0101552 0.0073285 0.00839782 0.0113777 0.015332 0.0197573 0.0242135 0.0282299 0.0313529 0.0332349 0.0337082 0.0328148 0.0307801 0.0279443 0.0246765 0.0212995 0.0180467 0.015054 0.012378 0.0100261 0.00798379
 1.01962e-16 2.93011e-05 0.000171962 0.000817408 0.00314703 0.00981367 0.0247886 0.0507215 0.0840792 0.112924 0.122904 0.108459 0.0777444 0.0455863 0.0225244 0.0106055 0.00667097 0.00698364 0.00923777 0.0123805 0.0159081 0.0194367 0.0225774 0.0249632 0.0263204 0.0265279 0.02564 0.023862 0.0214902 0.0188376 0.0161698 0.0136692 0.0114294 0.00947346 0.00778273 0.00632338
 1.02566e-16 1.86634e-05 0.00010949 0.00052036 0.00200324 0.00624676 0.0157792 0.0322893 0.0535339 0.0719274 0.0783579 0.0693233 0.0500734 0.0301303 0.0163182 0.0100771 0.0095319 0.012399 0.0172185 0.0231967 0.029737 0.0361831 0.0418012 0.045894 0.0479511 0.0477664 0.045481 0.0415327 0.036536 0.0311325 0.0258627 0.0210912 0.0169939 0.0135941 0.0108212 0.0085672
 1.02897e-16 2.6932e-05 0.000158053 0.000751283 0.00289243 0.00901971 0.0227832 0.0466182 0.0772779 0.103791 0.11297 0.0997052 0.0714984 0.0419822 0.0208538 0.0100074 0.0065557 0.00708004 0.00947534 0.0127826 0.0165392 0.0203813 0.0239298 0.0268156 0.0287482 0.029574 0.029301 0.0280795 0.0261505 0.0237808 0.0212066 0.0186028 0.0160781 0.01369 0.0114669 0.00942624
 1.01777e-16 3.07148e-05 0.000180264 0.000856877 0.003299 0.0102876 0.0259857 0.0531707 0.0881381 0.118373 0.128827 0.113669 0.0814418 0.0476794 0.0234186 0.0107912 0.00647136 0.00652979 0.00854511 0.011421 0.0146509 0.0178675 0.0207068 0.0228292 0.0239846 0.0240677 0.0231389 0.0213999 0.0191363 0.0166467 0.0141817 0.0119097 0.00991179 0.00820006 0.00674595 0.00550688
 1.02059e-16 2.22527e-05 0.000130567 0.000620579 0.00238913 0.00745016 0.0188188 0.038508 0.0638397 0.0857605 0.0933915 0.0825376 0.0594313 0.035387 0.0184867 0.0103796 0.0087617 0.0108606 0.0149282 0.0200748 0.0257197 0.0312778 0.0361093 0.0396088 0.0413346 0.0411101 0.0390612 0.0355721 0.0311807 0.0264487 0.0218491 0.0177006 0.0141568 0.0112368 0.00887653 0.00697811
 1.01464e-16 3.36021e-05 0.000197221 0.000937505 0.00360946 0.0112558 0.0284312 0.0581738 0.0964288 0.129499 0.140916 0.124285 0.08894 0.0518508 0.0250613 0.0108656 0.00558806 0.00490475 0.00616777 0.008217 0.0105815 0.01298 0.0151545 0.016863 0.0179205 0.0182369 0.0178325 0.0168241 0.0153884 0.0137166 0.0119753 0.0102838 0.0087106 0.00728405 0.00600816 0.00487741
 1.01077e-16 2.90295e-05 0.000170363 0.000809794 0.00311769 0.00972219 0.0245576 0.0502492 0.0832977 0.111879 0.121778 0.107492 0.0771113 0.0453346 0.0226211 0.0110174 0.00741123 0.00810778 0.0108129 0.0144496 0.0184583 0.0223769 0.025731 0.02808 0.0291089 0.0287013 0.0269666 0.0242052 0.0208299 0.0172673 0.0138736 0.0108845 0.00840695 0.00644265 0.00492758 0.00377118
 1.00991e-16 3.22295e-05 0.000189157 0.00089916 0.0034618 0.0107953 0.0272681 0.0557944 0.0924866 0.12421 0.135174 0.119254 0.0854119 0.049939 0.0244078 0.011043 0.00634246 0.00617292 0.00798991 0.0106491 0.0136368 0.0165956 0.0191785 0.0210634 0.022014 0.0219328 0.0208813 0.0190572 0.0167402 0.0142247 0.0117608 0.00951992 0.0075885 0.00598329 0.00467716 0.00362417
 1.00841e-16 3.15768e-05 0.000185323 0.000880927 0.00339159 0.0105763 0.0267151 0.0546631 0.0906122 0.121696 0.132445 0.116863 0.0837352 0.0490314 0.0240996 0.0111314 0.00670713 0.00678394 0.00886608 0.0118159 0.0150984 0.0183191 0.0210883 0.0230454 0.0239312 0.0236468 0.0222759 0.0200579 0.017324 0.0144189 0.0116318 0.00915695 0.00708579 0.00542567 0.00413085 0.00313335
 1.01391e-16 2.45549e-05 0.000144087 0.000684856 0.00263662 0.00822197 0.0207683 0.0424966 0.0704499 0.0946337 0.103037 0.0910197 0.0654473 0.0387854 0.0199251 0.0106531 0.00839281 0.0100598 0.0137201 0.0184171 0.0235712 0.0286302 0.033 0.0361212 0.0375873 0.037239 0.0351984 0.0318284 0.0276355 0.0231483 0.0188134 0.0149328 0.0116528 0.00899206 0.00688804 0.00524386
 1.02029e-16 2.64287e-05 0.000155094 0.000737205 0.00283821 0.00885062 0.0223561 0.0457448 0.0758316 0.101853 0.110873 0.0978839 0.0702562 0.0413811 0.0207921 0.0103692 0.00729801 0.00823343 0.0111016 0.014928 0.0191971 0.0234679 0.027275 0.0301742 0.0318312 0.0320937 0.0310204 0.0288526 0.0259438 0.0226714 0.0193605 0.0162398 0.0134337 0.0109822 0.00887324 0.00707312
 1.0106e-16 3.46776e-05 0.000203535 0.000967525 0.00372504 0.0116162 0.0293416 0.0600366 0.0995165 0.133645 0.145425 0.128259 0.0917747 0.0534854 0.025817 0.0111325 0.00563308 0.00485015 0.00604476 0.00801446 0.0102703 0.0125226 0.0145097 0.0159913 0.0167905 0.016832 0.0161568 0.0149058 0.0132797 0.0114898 0.00971499 0.00807744 0.00663856 0.00541089 0.00437736 0.00350939
 1.00317e-16 3.77204e-05 0.000221402 0.00105247 0.00405212 0.0126362 0.031918 0.0653078 0.108252 0.145372 0.158174 0.139473 0.0997353 0.0579955 0.0277513 0.0115489 0.00523096 0.00391627 0.00461787 0.00604 0.00768705 0.00930284 0.0106764 0.0116213 0.0120061 0.0117836 0.0110027 0.00979298 0.00833164 0.00680162 0.0053555 0.00409425 0.00306331 0.0022624 0.00166233 0.00122179
 1.00139e-16 3.85958e-05 0.000226542 0.00107691 0.00414624 0.0129297 0.0326593 0.0668245 0.110766 0.148746 0.161841 0.142698 0.102022 0.0592851 0.0282934 0.0116449 0.00507791 0.00359251 0.00413091 0.00537231 0.00682227 0.00823827 0.00942824 0.0102248 0.0105112 0.0102479 0.00948274 0.0083367 0.00697388 0.00556311 0.00424483 0.00311151 0.00220381 0.0015195 0.00102886 0.000690394
 1.00217e-16 3.41864e-05 0.000200646 0.000953782 0.00367211 0.0114511 0.0289247 0.0591839 0.0981046 0.131754 0.143379 0.126481 0.0905635 0.0529013 0.0257618 0.011494 0.00637064 0.0059952 0.0076589 0.0101435 0.0129076 0.0155844 0.0178266 0.0193195 0.0198424 0.0193215 0.0178485 0.0156548 0.0130532 0.0103656 0.00785941 0.00571053 0.00399594 0.00271065 0.00179705 0.00117485
 1.00648e-16 2.96342e-05 0.000173914 0.000826677 0.0031827 0.0099249 0.0250697 0.0512968 0.0850339 0.11421 0.124312 0.109723 0.0786973 0.0462386 0.0230191 0.0111233 0.00736857 0.00797914 0.010612 0.0141711 0.0180938 0.0219216 0.0251855 0.0274505 0.028405 0.0279339 0.0261448 0.0233352 0.0199154 0.0163111 0.0128805 0.00986373 0.00737378 0.00541803 0.00393627 0.00283872
 1.01004e-16 3.058e-05 0.00017947 0.000853098 0.00328444 0.0102422 0.0258711 0.0529363 0.0877502 0.117853 0.128267 0.113187 0.081123 0.0475458 0.0234517 0.0109716 0.00680276 0.00703762 0.00926278 0.0123735 0.0158407 0.019263 0.0222382 0.0243908 0.0254466 0.0252941 0.0240085 0.0218246 0.0190733 0.0161023 0.0132063 0.0105872 0.00834604 0.00650073 0.00501681 0.00383702
 1.01272e-16 2.77804e-05 0.000163029 0.000774926 0.00298344 0.00930351 0.0235001 0.0480855 0.0797117 0.107064 0.116544 0.102886 0.0738374 0.0434716 0.0218064 0.0108124 0.00752365 0.00841484 0.0112952 0.0151294 0.0193659 0.023535 0.0271473 0.0297442 0.030992 0.0307583 0.0291403 0.0264317 0.0230432 0.0194039 0.0158761 0.0127051 0.0100103 0.00780754 0.00604813 0.00465606
 1.01266e-16 3.10998e-05 0.000182524 0.000867621 0.00334036 0.0104166 0.0263115 0.0538374 0.0892432 0.119856 0.130441 0.115091 0.0824569 0.0482656 0.0236917 0.0108917 0.00649693 0.00652719 0.00853001 0.0113954 0.0146116 0.0178083 0.0206191 0.0227013 0.0238019 0.0238131 0.0227942 0.020948 0.018564 0.0159478 0.0133599 0.0109794 0.00889843 0.00713791 0.00567448 0.00446633
 1.01193e-16 2.90338e-05 0.00017039 0.000809922 0.00311819 0.00972374 0.0245615 0.0502572 0.0833105 0.111895 0.121793 0.1075 0.0771043 0.0453055 0.0225604 0.0109125 0.00724564 0.00786353 0.0104746 0.0140099 0.0179236 0.0217718 0.0250988 0.0274797 0.0286064 0.0283587 0.0268299 0.0242958 0.0211405 0.017764 0.0145031 0.0115843 0.00911581 0.00710897 0.0055147 0.0042589
 1.01628e-16 2.6521e-05 0.000155634 0.000739767 0.00284806 0.00888135 0.0224338 0.0459038 0.0760958 0.10221 0.111265 0.0982406 0.0705346 0.0415896 0.0209788 0.0105952 0.00762008 0.00869843 0.0117435 0.0157621 0.0202113 0.0246153 0.0284717 0.0313059 0.0327682 0.0327126 0.031226 0.0285959 0.0252306 0.0215599 0.017949 0.0146485 0.0117853 0.0093853 0.00741147 0.00580012
 1.01561e-16 3.03758e-05 0.000178273 0.000847411 0.00326255 0.0101739 0.0256986 0.0525833 0.0871646 0.117066 0.127407 0.112419 0.0805559 0.047179 0.0232073 0.0107524 0.0065294 0.00665572 0.00873872 0.0116933 0.0150144 0.01833 0.0212692 0.0234829 0.0247111 0.0248392 0.0239206 0.0221531 0.0198222 0.0172304 0.014636 0.0122179 0.0100698 0.00821607 0.00663938 0.00530519
 1.01314e-16 2.94097e-05 0.000172598 0.000820422 0.00315862 0.00984983 0.02488 0.0509087 0.08439 0.113343 0.123366 0.108879 0.0780739 0.0458357 0.0227513 0.0108836 0.00706991 0.00756159 0.0100382 0.0134249 0.0171851 0.020892 0.0241109 0.0264361 0.0275724 0.0274024 0.0260116 0.0236585 0.0207044 0.0175263 0.0144416 0.011664 0.00929623 0.0073505 0.00578304 0.00452737
 1.02773e-16 1.38529e-05 8.12396e-05 0.000386038 0.00148604 0.00463386 0.0117053 0.0239544 0.0397213 0.053388 0.0582109 0.0516179 0.0375426 0.0231066 0.0134507 0.00973686 0.0106678 0.0146168 0.0205098 0.0276792 0.0355001 0.0432109 0.0499401 0.0548544 0.057341 0.0571481 0.0544368 0.0497226 0.0437333 0.0372331 0.0308693 0.0250837 0.0200962 0.0159461 0.0125595 0.00981557
 1.05751e-16 1.91658e-05 0.000112456 0.000534502 0.00205775 0.00641681 0.0162085 0.0331662 0.0549822 0.0738564 0.0804148 0.0710373 0.051082 0.0302805 0.0155775 0.00837935 0.00669672 0.00815753 0.0113041 0.0154581 0.0202458 0.0253133 0.0302538 0.0346454 0.038125 0.0404514 0.041537 0.0414358 0.0403016 0.038332 0.0357233 0.0326461 0.0292444 0.025647 0.0219808 0.0183752
pSPR Fmed_Fpbrs
0.446451   0.6 0.325
Fs Fmed_Fpbrs
0.68   0.364541 1.16726
SSBpbr Bo_Bmed_Bpbrs
717344  284392  394539 197270
Ro
27446.7
SPR SPRFo_SPRFmed_SPRFpbrs
566893 253090 184240
log_Ro
10.04
likeval ReclasPelacesDesembMPH_pf_preclas_ppelaces_ptallas_desvR_qrecl_qpela
 69.6276 13.4784 0.0446984 0.000454217 336.529 202.831 86.3163 0 19.5283 1.15191e-05 0.000159726 1.08509e-15 0 0 0
q_reclas_q_pelaces
1.6176 6.03783
M
0.7
N
 30183.6 13122.1 5207.9 648.237 0.180316
 42300.2 13919.3 3651.73 1449.3 180.447
 12254.4 19299.7 3562.94 934.736 417.167
 17197 5152.02 2605.17 480.945 182.487
 41863.2 8073.34 1648.67 833.669 212.302
 25868.4 20559.1 3675.61 750.604 476.207
 65819.4 11600.3 4597.03 821.868 274.315
 63126.8 30308.7 3191.59 1264.78 301.592
 81823.2 27932.3 6103.67 642.732 315.44
 116855 35628.2 4960.87 1084.03 170.175
 64462.9 53215.2 8986.07 1251.22 316.334
 47653.8 27817.7 8809.22 1487.55 259.492
 52508.9 20667.7 4789.53 1516.73 300.798
 28359.4 20895.8 1815.17 420.648 159.627
 13664.9 9528.86 488.418 42.4277 13.5633
 10948.5 4530.6 200.652 10.2848 1.17902
 8278.61 4553.25 561.711 24.8772 1.4213
 9489.2 3551.98 720.559 88.8916 4.16177
 9494.51 4216.57 739.378 149.991 19.37
 13591.6 4317.52 1051.57 184.394 42.2371
 19515.8 6096.74 967.572 235.661 50.7889
 23059 9247.68 2098.51 333.041 98.5968
 38862 10821.1 2950.21 669.471 137.702
 54636.1 17972.2 3078.84 839.4 229.659
 18914.9 25386.2 5304.99 908.8 315.561
 17334.6 8892.79 8216.94 1717.1 396.298
pred_Ctot
 1555.36 4287.61 1701.67 211.809 0.0589179
 2482.79 5036.42 1321.3 524.398 65.291
 1364.71 10859 2004.69 525.931 234.72
 677.68 1351.07 683.181 126.123 47.8555
 332.571 485.394 99.1233 50.1227 12.7642
 1814.43 8502.66 1520.13 310.428 196.945
 3456.34 3847.68 1524.77 272.603 90.9868
 4979.56 13632.2 1435.5 568.868 135.649
 7302.1 13666.9 2986.46 314.482 154.341
 7005.87 13103.1 1824.47 398.678 62.5857
 6122.61 27123 4580.07 637.729 161.231
 4373.63 13865.3 4390.82 741.446 129.34
 7597.07 13427.1 3111.6 985.369 195.418
 6744.55 16604.2 1442.37 334.255 126.843
 3342.48 7636.78 391.437 34.0032 10.8702
 1292.85 2638.08 116.836 5.98863 0.686521
 816.494 2377.42 293.29 12.9893 0.742114
 722.399 1558.14 316.086 38.9938 1.82563
 578.339 1569.66 275.241 55.8358 7.21067
 950.758 1782.09 434.044 76.1098 17.4336
 644.106 1374.05 218.065 53.1119 11.4465
 914.894 2439.05 553.477 87.8386 26.0047
 1928.33 3430.54 935.287 212.238 43.6547
 2537.29 5400.24 925.118 252.22 69.007
 726.487 6514.65 1361.38 233.218 80.9799
 880.301 2872.03 2653.76 554.56 127.989
F
 0.0740199 0.579097 0.579097 0.579097 0.579097
 0.0847049 0.662692 0.662692 0.662692 0.662692
 0.166496 1.30259 1.30259 1.30259 1.30259
 0.0561661 0.439417 0.439417 0.439417 0.439417
 0.0111008 0.0868473 0.0868473 0.0868473 0.0868473
 0.101987 0.797895 0.797895 0.797895 0.797895
 0.0754792 0.590514 0.590514 0.590514 0.590514
 0.115363 0.902546 0.902546 0.902546 0.902546
 0.131424 1.0282 1.0282 1.0282 1.0282
 0.0865927 0.677461 0.677461 0.677461 0.677461
 0.140415 1.09854 1.09854 1.09854 1.09854
 0.135392 1.05924 1.05924 1.05924 1.05924
 0.221433 1.73239 1.73239 1.73239 1.73239
 0.390633 3.05613 3.05613 3.05613 3.05613
 0.403974 3.16051 3.16051 3.16051 3.16051
 0.177365 1.38762 1.38762 1.38762 1.38762
 0.14617 1.14357 1.14357 1.14357 1.14357
 0.111133 0.869451 0.869451 0.869451 0.869451
 0.0880338 0.688736 0.688736 0.688736 0.688736
 0.101699 0.795645 0.795645 0.795645 0.795645
 0.0468491 0.366526 0.366526 0.366526 0.366526
 0.0565597 0.442496 0.442496 0.442496 0.442496
 0.0711883 0.556944 0.556944 0.556944 0.556944
 0.0664893 0.520181 0.520181 0.520181 0.520181
 0.0547077 0.428008 0.428008 0.428008 0.428008
 0.0729113 0.570424 0.570424 0.570424 0.570424
Np
 17407.4 8250.71 2760.07 860.946 1069.88
YTP_r0W_actual
 7922.71 72949.7 93677.7 22958.8 5759.52
YTP_p0W_proyectada
 4686.08 38779.2 17584.5 20749.9 6162.7
 4686.08 39980.3 19442.4 7744.99 10680.6
CTP_r0_actual
 880.301 2872.03 2653.76 554.56 127.989
CTP_p0_proyectada
 571.473 1795.33 560.016 517.455 138.488
 571.473 1850.94 619.185 193.142 240.012
Wmedp
 8.2 21.6 31.4 40.1 44.5
nmprior
 10.6 11 7 0
nm_flota  nm_reclas  nm_pelaces    nm_pelaL
inf 26.8926 13.434 37.974
cv_recla  cv_pelaces  cv_mph
0.738181 0.40217 0.580049
 ------------------------------------------------
Talla a la edad & desviaci?n 
 7.2 14.2025 17.0495 18.207 18.6776
 1.08 2.13037 2.55742 2.73105 2.80164
