years
 1997 1998 1999 2000 2001 2002 2003 2004 2005 2006 2007 2008 2009 2010 2011 2012 2013 2014 2015 2016 2017 2018 2019 2020 2021 2022
reclasobs
 0 0 0 370054 412103 1.49427e+06 250295 1.28982e+06 931140 785840 897777 1.04006e+06 184774 17550 25797 100020 73551 82996 120727 218422 84188 347160 605670 569463 516374 1.08416e+06
reclaspred
 692090 161525 380765 213628 330537 414611 898005 644680 730605 817582 738979 511723 307971 123658 70800.2 68073.7 80535.7 107463 117214 150905 232082 225381 379423 502657 651640 546327
pelacesobs
 0 0 0 0 0 0 0 0 0 2.06254e+06 1.5e+06 0 1.87456e+06 323000 250000 174000 83755 137374 0 501740 490994 745055 786931 1.00524e+06 1.33801e+06 1.41789e+06
pelacespred
 2.44706e+06 595798 678962 682476 966542 864009 2.47263e+06 1.98013e+06 2.09686e+06 2.38868e+06 1.78107e+06 1.26963e+06 783032 248530 152256 153114 189253 261825 279413 360054 655296 590004 798138 1.22467e+06 1.50099e+06 1.32212e+06
mphobs
 0 0 0 0 0 112323 0 153150 637223 0 255016 313432 73983 77613 109348 50772 17779 17303 59886 28197 0 207744 136588 643089 65757 0
mphpred
 229843 118928 119839 96934.8 100218 173023 234873 313733 276152 307286 350266 239520 148302 79368.2 34858.9 27430.8 29433 37607.3 46369.2 51266.1 76115.8 95881.5 116894 166621 250311 234239
desembarqueobs
 350755 77701 442110 56441 14545 235359 269955 359681 431902 328805 639364 411747 362871 311530 167758 66681 60226 58785 57116 73181 50977 67692 138656 160484 209506 203330
desembarquepred
 350750 77690.9 441986 56441.8 14545.1 235425 270004 359571 431849 328753 639044 411626 362764 311461 167496 66664.1 60244.8 58762.9 57089.2 73167.1 50977.2 67672.8 138648 160478 209466 203299
Reclutas
 33878.3 43604.4 16724 23472.2 48689.2 32576.3 70575.4 68106.2 90104.1 118684 64286.8 46432.2 50682.1 27352.9 14229.3 12042.1 9050.23 10261.2 10736.1 16426.8 22414.7 27018.1 45279.8 63124.1 23907 25079.4
log_desv_Rt
 0.0905298 0.342912 -0.615402 -0.276429 0.453212 0.0513406 0.824437 0.788824 1.06872 1.34422 0.73111 0.405748 0.493327 -0.123421 -0.776942 -0.943838 -1.22946 -1.10387 -1.05863 -0.633329 -0.322526 -0.135737 0.380616 0.712857 -0.258073 -0.210199
SSB
 514688 266316 268356 217066 224419 387450 525951 702543 618388 688106 784351 536357 332093 177729 78059.5 61425.7 65909.4 84214.1 103835 114800 170446 214707 261760 373116 560522 524532
BT
 1.54903e+06 397138 572480 375537 477761 560504 1.45626e+06 1.34041e+06 1.44836e+06 1.48279e+06 1.39814e+06 970556 743121 412925 216206 130091 141116 174699 175941 231991 358326 323827 465807 706419 814215 751383
Ftot
 0.621841 0.63603 1.1854 0.328324 0.0626855 0.593816 0.413508 0.703562 0.798286 0.545596 0.943269 0.904959 1.47644 2.65496 2.80696 1.19543 0.93281 0.692287 0.560165 0.617481 0.279206 0.346023 0.428689 0.401923 0.33417 0.404426
BD_Bspro_t
 0.923242 0.656639 0.555481 0.33358 0.46509 0.655681 0.585856 0.619434 0.550208 0.529202 0.528659 0.365208 0.264837 0.178828 0.0975443 0.0944937 0.136823 0.224862 0.315258 0.394771 0.521227 0.6419 0.648856 0.659878 0.683851 0.602002
BD_Bspro
 0.805244 0.416659 0.419851 0.339606 0.351109 0.606177 0.822865 1.09915 0.967485 1.07656 1.22714 0.839146 0.519569 0.278062 0.122126 0.0961023 0.103117 0.131755 0.162452 0.179608 0.266668 0.335916 0.409531 0.58375 0.876952 0.820646
BD_Bo
 0.594075 0.307393 0.309748 0.250547 0.259034 0.447212 0.607075 0.810905 0.71377 0.794241 0.905332 0.619086 0.383316 0.205143 0.0900997 0.0709002 0.0760755 0.0972036 0.11985 0.132507 0.196736 0.247825 0.302135 0.430666 0.646978 0.605438
BD_Brms
 1.08014 0.558896 0.563179 0.45554 0.47097 0.813112 1.10377 1.47437 1.29776 1.44408 1.64606 1.12561 0.696938 0.372987 0.163818 0.128909 0.138319 0.176734 0.21791 0.240922 0.357702 0.45059 0.549336 0.783029 1.17632 1.1008
S_f
 0.139472 1 1 1 1
 0.139472 1 1 1 1
 0.139472 1 1 1 1
 0.139472 1 1 1 1
 0.139472 1 1 1 1
 0.139472 1 1 1 1
 0.139472 1 1 1 1
 0.139472 1 1 1 1
 0.139472 1 1 1 1
 0.139472 1 1 1 1
 0.139472 1 1 1 1
 0.139472 1 1 1 1
 0.139472 1 1 1 1
 0.139472 1 1 1 1
 0.139472 1 1 1 1
 0.139472 1 1 1 1
 0.139472 1 1 1 1
 0.139472 1 1 1 1
 0.139472 1 1 1 1
 0.139472 1 1 1 1
 0.139472 1 1 1 1
 0.139472 1 1 1 1
 0.139472 1 1 1 1
 0.139472 1 1 1 1
 0.139472 1 1 1 1
 0.139472 1 1 1 1
Scru_reclas
 0.472789 0.818615 0.957829 0.991327 0.998265
 0.472789 0.818615 0.957829 0.991327 0.998265
 0.472789 0.818615 0.957829 0.991327 0.998265
 0.472789 0.818615 0.957829 0.991327 0.998265
 0.472789 0.818615 0.957829 0.991327 0.998265
 0.472789 0.818615 0.957829 0.991327 0.998265
 0.472789 0.818615 0.957829 0.991327 0.998265
 0.472789 0.818615 0.957829 0.991327 0.998265
 0.472789 0.818615 0.957829 0.991327 0.998265
 0.472789 0.818615 0.957829 0.991327 0.998265
 0.472789 0.818615 0.957829 0.991327 0.998265
 0.472789 0.818615 0.957829 0.991327 0.998265
 0.472789 0.818615 0.957829 0.991327 0.998265
 0.472789 0.818615 0.957829 0.991327 0.998265
 0.472789 0.818615 0.957829 0.991327 0.998265
 0.472789 0.818615 0.957829 0.991327 0.998265
 0.472789 0.818615 0.957829 0.991327 0.998265
 0.472789 0.818615 0.957829 0.991327 0.998265
 0.472789 0.818615 0.957829 0.991327 0.998265
 0.472789 0.818615 0.957829 0.991327 0.998265
 0.472789 0.818615 0.957829 0.991327 0.998265
 0.472789 0.818615 0.957829 0.991327 0.998265
 0.472789 0.818615 0.957829 0.991327 0.998265
 0.472789 0.818615 0.957829 0.991327 0.998265
 0.472789 0.818615 0.957829 0.991327 0.998265
 0.472789 0.818615 0.957829 0.991327 0.998265
Scru_pelaces
 0.698633 1 1 1 1
 0.698633 1 1 1 1
 0.698633 1 1 1 1
 0.698633 1 1 1 1
 0.698633 1 1 1 1
 0.698633 1 1 1 1
 0.698633 1 1 1 1
 0.698633 1 1 1 1
 0.698633 1 1 1 1
 0.698633 1 1 1 1
 0.698633 1 1 1 1
 0.698633 1 1 1 1
 0.698633 1 1 1 1
 0.698633 1 1 1 1
 0.698633 1 1 1 1
 0.698633 1 1 1 1
 0.698633 1 1 1 1
 0.698633 1 1 1 1
 0.698633 1 1 1 1
 0.698633 1 1 1 1
 0.698633 1 1 1 1
 0.698633 1 1 1 1
 0.698633 1 1 1 1
 0.698633 1 1 1 1
 0.698633 1 1 1 1
 0.698633 1 1 1 1
pf_obs 
 0.256992 0.487395 0.22802 0.0275931 0
 0.321318 0.546541 0.124235 0.00734118 0.000564706
 0.182869 0.594174 0.210203 0.0122559 0.00049798
 0.330522 0.361315 0.267642 0.0388342 0.00168674
 0.649043 0.306663 0.0425973 0.00169635 0
 0.582887 0.30429 0.105238 0.00758474 0
 0.465427 0.430635 0.0974691 0.00646863 0
 0.296916 0.608066 0.0921331 0.00288517 0
 0.311714 0.524322 0.152257 0.0117073 0
 0.15457 0.633149 0.183074 0.0267441 0.00246327
 0.131901 0.49318 0.331252 0.0422183 0.00144891
 0.196976 0.569456 0.194076 0.0375587 0.00193317
 0.518974 0.381816 0.0799577 0.0180837 0.00116848
 0.0928022 0.601141 0.25162 0.0475244 0.00691264
 0.122501 0.610282 0.24278 0.0234846 0.000952079
 0.383417 0.481906 0.127806 0.00687128 0
 0.0376549 0.599619 0.316969 0.0457579 0
 0.0361596 0.667082 0.258105 0.0386534 0
 0.158088 0.579412 0.248529 0.0139706 0
 0.0477256 0.309471 0.559284 0.082774 0.000745712
 0.0406174 0.521527 0.379366 0.0568643 0.0016247
 0.151134 0.462217 0.34131 0.0453401 0
 0.294876 0.26143 0.354403 0.0886775 0.000613685
 0.281977 0.475581 0.204845 0.0348837 0.00271318
 0.0841818 0.532909 0.334909 0.0458182 0.00218182
 0.115287 0.27431 0.454777 0.147771 0.00785563
pf_pred 
 0.252126 0.521767 0.201568 0.0245303 8.69223e-06
 0.275124 0.556602 0.117399 0.0453534 0.00552135
 0.121458 0.693663 0.141961 0.0299426 0.0129756
 0.253995 0.484078 0.206807 0.0423239 0.0127955
 0.316545 0.506857 0.114594 0.0489566 0.0130482
 0.153523 0.655086 0.141938 0.0320903 0.0173635
 0.328567 0.427576 0.18872 0.0408901 0.0142469
 0.230014 0.624924 0.0923769 0.0407726 0.0119123
 0.289946 0.535208 0.141906 0.0209766 0.0119635
 0.290732 0.577995 0.0989478 0.0262351 0.00608988
 0.15282 0.673002 0.141941 0.0242991 0.00793819
 0.176567 0.558276 0.210642 0.0444258 0.0100899
 0.285118 0.507702 0.140464 0.0529983 0.0137164
 0.255456 0.642687 0.0723378 0.0200135 0.00950556
 0.29961 0.643548 0.0490655 0.00552258 0.00225361
 0.330173 0.629488 0.0370647 0.00282589 0.000447864
 0.230031 0.669018 0.0948708 0.00558606 0.000493392
 0.264448 0.570887 0.143075 0.020289 0.00130014
 0.237085 0.599267 0.127013 0.031832 0.00480323
 0.301908 0.521438 0.138761 0.0294102 0.00848296
 0.27252 0.588475 0.103829 0.0276303 0.00754531
 0.231768 0.57997 0.15229 0.0268696 0.00910299
 0.293487 0.508392 0.149569 0.0392743 0.00927703
 0.274606 0.570579 0.111401 0.0327744 0.0106388
 0.089007 0.69977 0.166144 0.0324384 0.0126412
 0.139285 0.389363 0.362064 0.0859636 0.0233244
pobs_RECLAS
 0 0 0 0 0
 0 0 0 0 0
 0 0 0 0 0
 0 0 0 0 0
 0.835266 0.146461 0.0176864 0.000547809 3.91292e-05
 0.385257 0.428462 0.181853 0.0044286 0
 0.867414 0.0963971 0.0333333 0.00285562 0
 0.441836 0.489002 0.0689373 0.000224442 0
 0.779404 0.147425 0.0564933 0.0165055 0.000172143
 0.814271 0.122319 0.05973 0.00367925 0
 0.40263 0.566651 0.0304383 0.000280538 0
 0.475488 0.404961 0.113038 0.00651328 0
 0.955842 0.0263864 0.0167828 0.000988607 0
 0.975058 0.0227948 0.00214734 0 0
 0.738997 0.206755 0.0527124 0.00153531 0
 0.850938 0.134255 0.0134407 0.00136685 0
 0.542534 0.407297 0.0501686 0 0
 0.764087 0.199537 0.0359546 0.000420521 0
 0.470689 0.182191 0.310203 0.0369168 0
 0.84361 0.089868 0.0606195 0.00523954 0.000663233
 0.607945 0.314616 0.071237 0.00620181 0
 0.523733 0.453247 0.0230204 0 0
 0.530135 0.295979 0.169645 0.0042399 0
 0.562478 0.366248 0.0663022 0.0049721 0
 0.250443 0.683176 0.0655157 0.000865301 0
 0.195077 0.31981 0.436473 0.0351445 0.0134964
ppred_RECLAS
 0.581352 0.27744 0.125407 0.0157955 5.63625e-06
 0.612568 0.285388 0.0704311 0.0281604 0.00345225
 0.381774 0.470298 0.112616 0.0245839 0.0107279
 0.57521 0.259337 0.129635 0.0274583 0.00835937
 0.647439 0.249531 0.0660099 0.0291869 0.0078335
 0.429691 0.42397 0.107484 0.0251506 0.0137038
 0.661577 0.202301 0.104475 0.0234283 0.00821998
 0.557913 0.346676 0.059961 0.0273907 0.00805855
 0.633409 0.264696 0.0821168 0.0125631 0.00721521
 0.630669 0.291243 0.0583373 0.0160085 0.00374202
 0.43875 0.430116 0.106141 0.018806 0.00618666
 0.475519 0.336232 0.148437 0.0324013 0.00741041
 0.647021 0.238005 0.0770462 0.0300868 0.00784117
 0.670565 0.277432 0.0365369 0.0104621 0.00500381
 0.726457 0.247804 0.0221061 0.00257517 0.00105821
 0.693701 0.284877 0.0196263 0.00154869 0.000247163
 0.567238 0.367704 0.06101 0.00371795 0.000330687
 0.601716 0.297437 0.0872202 0.0128009 0.000826041
 0.563317 0.330297 0.081911 0.0212464 0.00322838
 0.641993 0.255809 0.0796509 0.0174723 0.00507489
 0.603977 0.30965 0.0639248 0.0176062 0.00484157
 0.550271 0.325305 0.099946 0.0182509 0.00622638
 0.627531 0.25511 0.0878171 0.0238657 0.00567679
 0.607736 0.297003 0.0678489 0.0206593 0.0067531
 0.284027 0.528016 0.146685 0.0296407 0.0116318
 0.385156 0.253185 0.275472 0.0676918 0.0184953
pobs_PELACES
 0 0 0 0 0
 0 0 0 0 0
 0 0 0 0 0
 0 0 0 0 0
 0 0 0 0 0
 0 0 0 0 0
 0 0 0 0 0
 0 0 0 0 0
 0 0 0 0 0
 0 0 0 0 0
 0.450072 0.473896 0.0757376 0.000293798 0
 0 0 0 0 0
 0.463077 0.371075 0.160297 0.00555027 0
 0.529543 0.364841 0.0842815 0.0213345 0
 0.631943 0.363953 0.00410389 0 0
 0.735681 0.248677 0.0153453 0.000297389 0
 0.695825 0.281241 0.0229344 0 0
 0.275771 0.60734 0.115278 0.00161068 0
 0 0 0 0 0
 0.896147 0.0623911 0.0374545 0.00400742 0
 0.803859 0.145111 0.0509908 3.86294e-05 0
 0.739449 0.233085 0.0266225 0.000797448 4.60066e-05
 0.878498 0.100942 0.0204185 0.000141795 0
 0.694673 0.275183 0.0284847 0.00165964 0
 0.469039 0.446079 0.0841089 0.000773354 0
 0.822795 0.102175 0.0682046 0.00682512 0
ppred_PELACES
 0.67845 0.224335 0.0866645 0.0105468 3.73724e-06
 0.704873 0.226616 0.0477981 0.0184653 0.00224797
 0.520524 0.378576 0.0774771 0.0163416 0.00708159
 0.65649 0.222902 0.0952277 0.0194888 0.00589191
 0.703213 0.2201 0.0497618 0.0212592 0.00566612
 0.52898 0.36452 0.078981 0.0178566 0.00966189
 0.73911 0.166137 0.0733285 0.0158882 0.00553573
 0.658631 0.277057 0.0409548 0.0180763 0.00528124
 0.732408 0.201699 0.0534786 0.00790527 0.00450858
 0.71366 0.233344 0.0399465 0.0105914 0.00245856
 0.561662 0.348217 0.0734413 0.0125725 0.00410729
 0.599959 0.271222 0.102334 0.0215829 0.00490187
 0.78031 0.156022 0.0431661 0.0162869 0.00421517
 0.842865 0.135638 0.0152668 0.00422381 0.00200613
 0.878504 0.111635 0.00851132 0.000957994 0.000390931
 0.795382 0.192296 0.0113225 0.000863253 0.000136813
 0.678785 0.279101 0.0395782 0.00233039 0.000205833
 0.698061 0.234345 0.0587314 0.00832847 0.0005337
 0.655164 0.270867 0.0574097 0.014388 0.00217105
 0.729891 0.201757 0.0536903 0.0113795 0.00328227
 0.673853 0.263828 0.046549 0.0123873 0.00338274
 0.630212 0.279168 0.0733046 0.0129336 0.00438171
 0.70746 0.210505 0.0619309 0.016262 0.00384126
 0.685768 0.247168 0.0482578 0.0141975 0.0046086
 0.354662 0.49571 0.117695 0.022979 0.00895493
 0.482871 0.233934 0.217533 0.0516481 0.0140136
pobs_pel_tallas
 0 0 0 0 0 0 0 0 0 0 0 0 0 0 0 0 0 0 0 0 0 0 0 0 0 0 0 0 0 0 0 0 0 0 0 0
 0 0 0 0 0 0 0 0 0 0 0 0 0 0 0 0 0 0 0 0 0 0 0 0 0 0 0 0 0 0 0 0 0 0 0 0
 0 0 0 0 0 0 0 0 0 0 0 0 0 0 0 0 0 0 0 0 0 0 0 0 0 0 0 0 0 0 0 0 0 0 0 0
 0 0 0 0 0 0 0 0 0 0 0 0 0 0 0 0 0 0 0 0 0 0 0 0 0 0 0 0 0 0 0 0 0 0 0 0
 0 0 0 0 0 0 0 0 0 0 0 0 0 0 0 0 0 0 0 0 0 0 0 0 0 0 0 0 0 0 0 0 0 0 0 0
 0 0 0 0 0 0 0 0 0 0 0 0 0 0 0 0 0 0 0 0 0 0 0 0 0 0 0 0 0 0 0 0 0 0 0 0
 0 0 0 0 0 0 0 0 0 0 0 0 0 0 0 0 0 0 0 0 0 0 0 0 0 0 0 0 0 0 0 0 0 0 0 0
 0 0 0 0 0 0 0 0 0 0 0 0 0 0 0 0 0 0 0 0 0 0 0 0 0 0 0 0 0 0 0 0 0 0 0 0
 0 0 0 0 0 0 0 0 0 0 0 0 0 0 0 0 0 0 0 0 0 0 0 0 0 0 0 0 0 0 0 0 0 0 0 0
 0 0 0 0 0 0 0 0 0 0 0 0 0 0 0 0 0 0 0 0 0 0 0 0 0 0 0 0 0 0 0 0 0 0 0 0
 0 0 0 0 0 0 0 0 1.78061e-05 0.00172719 0.00360574 0.0105946 0.0120993 0.0124554 0.0147524 0.0171206 0.0266825 0.0428682 0.0675386 0.121331 0.153587 0.119568 0.100827 0.0573624 0.0630603 0.0341343 0.0324427 0.0444173 0.0211091 0.0280891 0.0125444 0.00206551 0 0 0 0
 0 0 0 0 0 0 0 0 0 0 0 0 0 0 0 0 0 0 0 0 0 0 0 0 0 0 0 0 0 0 0 0 0 0 0 0
 0 0 0 0 0 0 0.0133647 0.0140871 0.0187388 0.0205184 0.03894 0.0496705 0.03968 0.0493445 0.0407372 0.0367815 0.0215668 0.0243155 0.0234873 0.0199281 0.019796 0.0243948 0.0301388 0.0376714 0.0412746 0.0863199 0.0771752 0.113111 0.0741005 0.0525337 0.0229764 0.00759418 0.00175318 0 0 0
 0 0 0 0 0 0 0 0 0 0 0.00219441 0.00772107 0.0458388 0.0604681 0.0671733 0.0775358 0.0609151 0.0617685 0.073594 0.0568108 0.0755445 0.0548602 0.0670107 0.0636378 0.0643287 0.046367 0.0373049 0.0286899 0.0247887 0.0153202 0.00654259 0.00121912 0.000365735 0 0 0
 0 0 0 0 0 0 0 0 0 0 0 0 0.000112435 0.00938835 0.0111873 0.0202946 0.0414886 0.0713402 0.111592 0.104902 0.108894 0.110636 0.117776 0.105296 0.107544 0.0401394 0.0192827 0.0124803 0.00416011 0.0028671 0.000618394 0 0 0 0 0
 0 0 0 0 0 0 0 0 0 0 0.00291406 0.0102884 0.027416 0.0768956 0.0749926 0.110853 0.0956884 0.0897413 0.0766577 0.0534642 0.0500743 0.0551293 0.0594112 0.0620874 0.0668451 0.0424026 0.0208742 0.0120726 0.0048766 0.00582813 0.00118941 0.000297354 0 0 0 0
 0 0.00264628 0.0354308 0.0461629 0.0458689 0.0383711 0.0214643 0.0164657 0.0346957 0.0420465 0.0363128 0.0245516 0.0311673 0.0291091 0.0169068 0.0133784 0.00837989 0.0085269 0.0148486 0.0160247 0.0276389 0.0546898 0.0760071 0.122758 0.109233 0.0665981 0.0333725 0.0166128 0.00676272 0.00308733 0.000882094 0 0 0 0 0
 0 0 0 0 0 0 0 0.000805153 0.000690131 0.00759144 0.0133425 0.0154129 0.00931677 0.000345066 0.00356568 0.00563607 0.00851162 0.0253048 0.0502646 0.0516448 0.0657925 0.0565908 0.0611916 0.0827007 0.0866115 0.110766 0.145733 0.0935128 0.0569358 0.0249597 0.0138026 0.00621118 0.00161031 0.00115022 0 0
 0 0 0 0 0 0 0 0 0 0 0 0 0 0 0 0 0 0 0 0 0 0 0 0 0 0 0 0 0 0 0 0 0 0 0 0
 0.00147267 0.00158595 0.00478618 0.00569244 0.00954404 0.0108468 0.00647125 0.017049 0.0510054 0.094081 0.124002 0.0959785 0.0687766 0.0820023 0.061753 0.0591476 0.0492212 0.0479892 0.0443925 0.0268479 0.0217502 0.0140895 0.0121071 0.0120363 0.00920419 0.00665534 0.0049561 0.00860946 0.00930331 0.0156896 0.0114698 0.00855282 0.00243557 0.00046729 0 2.83206e-05
 0 0 0 0 0.000772559 0.00158375 0.000888443 0.00281984 0.00712685 0.0440552 0.0773331 0.111326 0.0921469 0.0852325 0.0710754 0.0886704 0.0786465 0.0553345 0.0373146 0.0185414 0.00753245 0.00457741 0.012979 0.0271748 0.0457355 0.0583668 0.034881 0.0177882 0.00938659 0.00492506 0.0015258 0.00185414 0.000309023 5.79419e-05 3.86279e-05 0
 0 0.00173294 0.00326652 0 0.00397197 0.00683976 0.00946217 0.0152591 0.00757587 0.0136028 0.0228656 0.0392903 0.0559909 0.0764795 0.0681675 0.0726916 0.0566044 0.0477403 0.0527397 0.0444891 0.0609904 0.0582453 0.0661739 0.0445044 0.0529084 0.0360697 0.0280645 0.0235558 0.0158879 0.00826598 0.00280645 0.00217768 0.000904811 0.00058276 9.20147e-05 0
 0 0 0 0 0 0 0 0 0 0 0 0 0 0 0 0 0 0 0 0 0 0 0 0 0 0 0 0 0 0 0 0 0 0 0 0
 0 0 0 0 0 0 0 0 0 0 0 0 0 0 0 0 0 0 0 0 0 0 0 0 0 0 0 0 0 0 0 0 0 0 0 0
 0 0 0 0 0 0 0 0 0 0 0 0 0 0 0 0 0 0 0 0 0 0 0 0 0 0 0 0 0 0 0 0 0 0 0 0
 0 0 0 0 0 0 0 0 0 0 0 0 0 0 0 0 0 0 0 0 0 0 0 0 0 0 0 0 0 0 0 0 0 0 0 0
ppred_pel_tallas
 1.01666e-16 2.96055e-05 0.000173751 0.000825912 0.00317977 0.00991579 0.0250466 0.0512492 0.0849534 0.114097 0.124177 0.109574 0.0785261 0.0460091 0.0226676 0.0105641 0.00650226 0.0067037 0.00884159 0.0118618 0.0152725 0.0187081 0.0217993 0.0241942 0.0256243 0.0259611 0.0252393 0.0236358 0.021417 0.0188707 0.0162488 0.0137324 0.0114264 0.00937318 0.00757635 0.00602228
 1.01492e-16 3.07577e-05 0.000180515 0.000858069 0.00330359 0.0103019 0.0260219 0.0532447 0.0882609 0.118538 0.129008 0.113831 0.0815628 0.0477603 0.0234772 0.0108496 0.00654883 0.0066407 0.00869982 0.0116255 0.0149053 0.018164 0.0210287 0.0231513 0.0242758 0.024295 0.0232719 0.0214155 0.0190218 0.0164012 0.0138159 0.0114437 0.00937243 0.00761751 0.00615056 0.00492638
 1.02116e-16 2.27254e-05 0.000133344 0.000633784 0.00243998 0.00760874 0.0192194 0.0393274 0.0651974 0.0875821 0.0953693 0.0842714 0.060649 0.0360505 0.0187208 0.0103337 0.00852594 0.0104599 0.0143517 0.0193055 0.0247537 0.0301352 0.0348377 0.0382811 0.0400389 0.039936 0.0380844 0.0348421 0.0307142 0.0262302 0.0218377 0.0178409 0.0143898 0.0115094 0.00914704 0.00721898
 1.0237e-16 2.86479e-05 0.000168129 0.000799184 0.00307686 0.00959488 0.024236 0.0495907 0.0822043 0.110405 0.120161 0.106035 0.0760001 0.0445496 0.0219873 0.0103132 0.00644005 0.00671711 0.00889757 0.0119644 0.0154419 0.0189733 0.0221953 0.0247587 0.0263936 0.0269649 0.0264949 0.0251438 0.0231583 0.0208067 0.0183234 0.015878 0.0135698 0.0114435 0.00951113 0.00777289
 1.01774e-16 3.0685e-05 0.000180089 0.000856046 0.0032958 0.0102776 0.0259605 0.0531191 0.0880526 0.118257 0.128702 0.113557 0.0813605 0.0476287 0.0233882 0.0107681 0.00644573 0.00649567 0.00849969 0.011364 0.0145849 0.0177978 0.0206418 0.0227792 0.0239602 0.0240777 0.0231886 0.0214891 0.0192597 0.0167941 0.0143403 0.0120659 0.0100539 0.00831932 0.0068378 0.00557065
 1.02305e-16 2.30936e-05 0.000135507 0.000644069 0.00247958 0.00773224 0.0195313 0.0399656 0.0662548 0.0890007 0.0969093 0.085621 0.0615959 0.0365644 0.0188981 0.0102893 0.00832828 0.0101262 0.0138711 0.0186623 0.023943 0.0291718 0.0337599 0.0371483 0.0389251 0.0389185 0.0372313 0.034202 0.0303099 0.0260579 0.0218715 0.0180396 0.0147057 0.0118949 0.00956063 0.00762747
 1.019e-16 3.22482e-05 0.000189271 0.000899709 0.00346393 0.0108019 0.0272848 0.0558284 0.0925417 0.124281 0.135242 0.119293 0.0853925 0.0498337 0.0241823 0.0106496 0.00571861 0.00524852 0.00670232 0.00896348 0.0115677 0.0142238 0.0166568 0.0186058 0.0198685 0.0203426 0.0200421 0.019083 0.0176454 0.0159258 0.0140961 0.0122806 0.010553 0.00894727 0.00747467 0.00613823
 1.0154e-16 2.87433e-05 0.000168684 0.000801816 0.00308698 0.0096264 0.0243157 0.0497541 0.0824767 0.110775 0.120575 0.106426 0.0763373 0.0448611 0.022351 0.010831 0.00721779 0.00785331 0.0104699 0.0140095 0.0179315 0.0217949 0.0251471 0.0275659 0.0287448 0.0285644 0.0271166 0.024674 0.0216153 0.0183339 0.0151586 0.0123087 0.00988597 0.00789773 0.00629349 0.00500071
 1.01308e-16 3.19574e-05 0.00018756 0.000891569 0.00343258 0.0107042 0.0270379 0.0553234 0.0917057 0.123161 0.134032 0.118244 0.0846838 0.049504 0.0241784 0.0109116 0.00623049 0.00603751 0.00781238 0.0104257 0.0133759 0.0163185 0.0189187 0.0208644 0.0219237 0.0219958 0.0211311 0.0195093 0.0173894 0.015045 0.0127099 0.0105457 0.00863608 0.00700208 0.00562568 0.00447288
 1.01122e-16 3.11411e-05 0.000182765 0.000868767 0.00334477 0.0104303 0.0263463 0.0539085 0.0893614 0.120016 0.130617 0.115252 0.0825841 0.0483638 0.0237838 0.011007 0.00666292 0.00676699 0.00886032 0.0118231 0.0151294 0.0183905 0.0212212 0.0232634 0.0242573 0.0240996 0.0228657 0.0207838 0.0181726 0.015365 0.012641 0.0101896 0.00810159 0.00638806 0.00501038 0.00390976
 1.0178e-16 2.4518e-05 0.000143871 0.000683836 0.0026327 0.00820974 0.0207374 0.0424332 0.0703444 0.0944907 0.102877 0.090871 0.0653227 0.0386762 0.0198044 0.0104859 0.00814334 0.0096951 0.0132139 0.0177559 0.0227618 0.0277061 0.0320232 0.0351782 0.0367778 0.0366602 0.0349283 0.0319117 0.0280764 0.0239117 0.0198323 0.0161214 0.0129203 0.0102545 0.00807747 0.00631229
 1.02512e-16 2.61849e-05 0.000153664 0.000730409 0.00281204 0.00876903 0.02215 0.045323 0.0751321 0.100913 0.109847 0.0969724 0.0695899 0.0409643 0.0205383 0.010171 0.00707126 0.00792507 0.0106819 0.0143864 0.0185439 0.022738 0.0265292 0.0294948 0.0313113 0.031823 0.0310693 0.0292593 0.0267076 0.0237535 0.0206912 0.0177305 0.0149903 0.0125173 0.0103148 0.00836938
 1.01421e-16 3.40442e-05 0.000199816 0.000949845 0.00365697 0.0114039 0.0288054 0.0589395 0.097698 0.131204 0.14277 0.125919 0.0901066 0.0525254 0.0253766 0.0109827 0.00561755 0.00489737 0.00613606 0.00815486 0.0104738 0.0128065 0.0148921 0.0164896 0.0174186 0.0175984 0.0170622 0.0159417 0.0144276 0.0127216 0.0109954 0.00936641 0.00789537 0.00659793 0.00546351 0.0044724
 1.005e-16 3.6771e-05 0.000215827 0.00102597 0.00395007 0.0123179 0.0311141 0.0636631 0.105527 0.141714 0.154197 0.135977 0.0972573 0.0565994 0.0271675 0.0114519 0.0054079 0.00428356 0.00516841 0.00679332 0.00866055 0.0104979 0.0120727 0.0131767 0.0136619 0.0134733 0.0126617 0.0113677 0.00978451 0.0081121 0.00651759 0.00511191 0.00394571 0.00302033 0.00230625 0.00176137
 1.00209e-16 3.83241e-05 0.000224947 0.00106933 0.00411703 0.0128386 0.0324292 0.0663538 0.109986 0.147699 0.160703 0.141696 0.10131 0.058881 0.0281184 0.0116039 0.00510781 0.00366707 0.00424614 0.00553284 0.00703385 0.00850432 0.00974831 0.0105942 0.0109214 0.0106878 0.00993956 0.00879801 0.00742822 0.00600056 0.0046572 0.00349219 0.00254775 0.00182324 0.00129063 0.000910186
 1.0026e-16 3.47028e-05 0.00020368 0.000968205 0.00372765 0.0116243 0.0293622 0.0600789 0.0995876 0.133744 0.14554 0.128378 0.0919006 0.0536395 0.0260414 0.0114835 0.00617516 0.00564873 0.00715531 0.00946676 0.0120506 0.0145596 0.0166694 0.0180869 0.0186059 0.0181559 0.0168197 0.0148098 0.0124144 0.00993018 0.00760448 0.00560037 0.00399014 0.00277085 0.00189135 0.00127971
 1.00743e-16 2.96222e-05 0.000173844 0.000826345 0.00318142 0.00992092 0.0250596 0.0512762 0.0849996 0.114163 0.124261 0.109675 0.0786575 0.0462044 0.0229823 0.0110729 0.00729386 0.0078702 0.0104612 0.0139746 0.0178543 0.0216494 0.0248998 0.0271776 0.0281748 0.0277751 0.0260797 0.0233759 0.020061 0.0165492 0.0131891 0.0102159 0.00774178 0.00577707 0.00426713 0.00312881
 1.01222e-16 3.0461e-05 0.000178772 0.000849784 0.00327168 0.0102024 0.0257705 0.0527305 0.087409 0.117395 0.127766 0.112741 0.080795 0.047337 0.0233181 0.0108587 0.00666694 0.00685036 0.00900754 0.0120445 0.0154446 0.0188215 0.0217883 0.0239822 0.0251349 0.0251318 0.0240353 0.0220601 0.0195132 0.0167192 0.0139553 0.0114136 0.00919367 0.0073197 0.00576825 0.00449544
 1.015e-16 2.8592e-05 0.000167796 0.000797594 0.00307072 0.00957572 0.0241876 0.0494921 0.0820423 0.110191 0.119939 0.105863 0.0759296 0.0446142 0.0222148 0.0107441 0.00713496 0.00774955 0.0103351 0.013844 0.0177453 0.0216081 0.0249892 0.0274718 0.0287499 0.0286967 0.0273903 0.0250848 0.0221398 0.0189326 0.0157829 0.0129087 0.0104187 0.00833279 0.00661586 0.00521038
 1.01373e-16 3.18476e-05 0.000186916 0.000888505 0.00342078 0.0106674 0.026945 0.0551333 0.0913906 0.122738 0.133571 0.117839 0.0843945 0.0493374 0.0241015 0.0108848 0.0062264 0.00604353 0.00782501 0.0104455 0.0134053 0.0163602 0.0189761 0.0209408 0.0220222 0.0221188 0.0212797 0.0196832 0.0175863 0.0152608 0.0129385 0.0107798 0.00886782 0.00722368 0.00583032 0.00465532
 1.01331e-16 2.94066e-05 0.000172579 0.000820335 0.00315829 0.00984879 0.0248774 0.0509033 0.0843811 0.113331 0.123353 0.108867 0.0780639 0.0458276 0.0227431 0.0108728 0.00705408 0.00753859 0.0100065 0.0133837 0.017135 0.0208354 0.024052 0.0263804 0.0275263 0.027372 0.0260014 0.0236707 0.0207385 0.0175792 0.0145084 0.0117387 0.00937283 0.00742382 0.00584921 0.00458406
 1.01781e-16 2.75043e-05 0.00016141 0.000767231 0.00295382 0.00921115 0.0232668 0.047608 0.0789196 0.105999 0.115381 0.101852 0.0730782 0.0429908 0.0215032 0.0105618 0.00722656 0.00800693 0.0107398 0.0144139 0.0185051 0.0225762 0.0261718 0.0288606 0.0303219 0.0304166 0.0292144 0.0269645 0.0240256 0.0207767 0.0175416 0.0145438 0.0118997 0.00963808 0.00773412 0.00614066
 1.01687e-16 3.08699e-05 0.000181175 0.000861211 0.00331569 0.0103396 0.0261172 0.0534396 0.0885836 0.11897 0.129474 0.114234 0.0818329 0.047881 0.0234672 0.0107295 0.00632179 0.00629338 0.00821317 0.0109873 0.0141205 0.0172615 0.0200638 0.0222015 0.02343 0.0236391 0.0228736 0.0213115 0.0192125 0.0168523 0.0144665 0.012219 0.0101965 0.00842387 0.00688918 0.00556602
 1.01469e-16 2.99254e-05 0.000175627 0.000834828 0.00321409 0.0100228 0.025317 0.0518026 0.0858712 0.115331 0.125524 0.110771 0.0794037 0.0465622 0.0230114 0.0108412 0.0068244 0.00714096 0.00943093 0.0126116 0.0161592 0.0196716 0.022743 0.0249944 0.0261481 0.0260905 0.0248953 0.0227962 0.0201225 0.0172187 0.0143752 0.0117883 0.00955379 0.00768585 0.00614896 0.00488797
 1.03041e-16 1.54979e-05 9.09015e-05 0.000431981 0.00166295 0.00518556 0.0130988 0.0268052 0.0444452 0.059727 0.0650959 0.0576595 0.0417989 0.0254525 0.0143315 0.00968691 0.0100186 0.0134733 0.0188489 0.0254469 0.0326732 0.0398298 0.0461225 0.0507897 0.0532671 0.0533152 0.0510674 0.046977 0.0416905 0.0358891 0.0301513 0.024874 0.0202587 0.0163482 0.0130877 0.0103826
 1.05594e-16 2.1078e-05 0.000123685 0.000587891 0.00226333 0.00705788 0.0178278 0.0364792 0.0604726 0.0812264 0.0884257 0.0780818 0.0560772 0.0330996 0.0167656 0.00859478 0.00637052 0.00746037 0.010251 0.0140076 0.0183571 0.022974 0.0274916 0.0315306 0.0347634 0.0369703 0.0380679 0.0380986 0.0371929 0.0355201 0.0332487 0.0305253 0.0274751 0.0242128 0.0208548 0.0175228
pSPR Fmed_Fpbrs
0.443204   0.6 0.325
Fs Fmed_Fpbrs
0.68   0.360964 1.14521
SSBpbr Bo_Bmed_Bpbrs
866369  340659  476503 238251
Ro
30946
SPR SPRFo_SPRFmed_SPRFpbrs
639170 283282 207730
log_Ro
10.16
likeval ReclasPelacesDesembMPH_pf_preclas_ppelaces_ptallas_desvR_qrecl_qpela
 67.4144 14.0541 0.019832 0.000462793 331.497 203.752 85.0185 0 17.5422 5.78732e-07 0.000110405 1.36531e-15 0 0 0
q_reclas_q_pelaces
1.11383 4.45881
M
0.7
N
 33878.3 12202.2 4713.92 573.672 0.203279
 43604.4 15425.9 3253.64 1256.94 153.02
 16724 19815.2 4055.26 855.34 370.66
 23472.2 7039.33 3007.33 615.463 186.069
 48689.2 11134.2 2517.31 1075.44 286.632
 32576.3 23967.9 5193.14 1174.1 635.287
 70575.4 14891.1 6572.53 1424.08 496.175
 68106.2 33082.7 4890.32 2158.45 630.62
 90104.1 30659.5 8129.07 1201.65 685.331
 118684 40029.9 6852.78 1816.95 421.764
 64286.8 54618.3 11519.4 1972.02 644.234
 46432.2 27988.5 10560.3 2227.24 505.845
 50682.1 20323.5 5622.83 2121.54 549.07
 27352.9 20484.1 2305.6 637.883 302.967
 14229.3 9379.55 715.117 80.4902 32.8458
 12042.1 4776.98 281.272 21.4448 3.3987
 9050.23 5061.58 717.763 42.2624 3.73284
 10261.2 3945.95 988.93 140.236 8.98654
 10736.1 4626.57 980.592 245.755 37.0828
 16426.8 4930.72 1312.13 278.103 80.2149
 22414.7 7484.2 1320.49 351.4 95.9608
 27018.1 10705.7 2811.13 495.988 168.033
 45279.8 12784.7 3761.26 987.641 233.292
 63124.1 21180.3 4135.29 1216.61 394.92
 23907 29637.6 7036.76 1373.88 535.4
 25079.4 11331.3 10536.8 2501.72 678.788
pred_Ctot
 2034.21 4209.72 1626.29 197.915 0.0701306
 2675.64 5413.08 1141.73 441.072 53.6963
 1850.34 10567.5 2162.69 456.156 197.675
 757.558 1443.8 616.817 126.234 38.1635
 304.956 488.301 110.399 47.1643 12.5705
 1871.05 7983.85 1729.87 391.101 211.618
 2853.88 3713.85 1639.19 355.165 123.746
 4603.96 12508.5 1849.02 816.104 238.436
 6871.59 12684.2 3363.1 497.137 283.53
 6281.58 12488.2 2137.87 566.837 131.578
 5742.69 25290.2 5333.87 913.114 298.303
 3988.48 12610.9 4758.21 1003.54 227.921
 6864.18 12222.8 3381.66 1275.93 330.219
 6218.31 15644.3 1760.85 487.168 231.384
 3390.32 7282.23 555.213 62.4922 25.5013
 1342.81 2560.11 150.741 11.4928 1.82145
 799.989 2326.67 329.936 19.4269 1.71589
 683.005 1474.46 369.529 52.4014 3.35796
 582.885 1473.33 312.269 78.2605 11.809
 979.683 1692.05 450.278 95.4354 27.527
 617.054 1332.46 235.095 62.5618 17.0845
 918.015 2297.22 603.209 106.428 36.0563
 1896.46 3285.13 966.489 253.783 59.9464
 2482.81 5158.8 1007.22 296.324 96.1891
 785.048 6172.02 1465.4 286.109 111.497
 992.422 2774.26 2579.75 612.501 166.189
F
 0.0867295 0.621841 0.621841 0.621841 0.621841
 0.0887084 0.63603 0.63603 0.63603 0.63603
 0.165329 1.1854 1.1854 1.1854 1.1854
 0.0457921 0.328324 0.328324 0.328324 0.328324
 0.00874288 0.0626855 0.0626855 0.0626855 0.0626855
 0.0828207 0.593816 0.593816 0.593816 0.593816
 0.0576727 0.413508 0.413508 0.413508 0.413508
 0.0981273 0.703562 0.703562 0.703562 0.703562
 0.111339 0.798286 0.798286 0.798286 0.798286
 0.0760954 0.545596 0.545596 0.545596 0.545596
 0.13156 0.943269 0.943269 0.943269 0.943269
 0.126217 0.904959 0.904959 0.904959 0.904959
 0.205922 1.47644 1.47644 1.47644 1.47644
 0.370293 2.65496 2.65496 2.65496 2.65496
 0.391493 2.80696 2.80696 2.80696 2.80696
 0.166728 1.19543 1.19543 1.19543 1.19543
 0.130101 0.93281 0.93281 0.93281 0.93281
 0.0965547 0.692287 0.692287 0.692287 0.692287
 0.0781273 0.560165 0.560165 0.560165 0.560165
 0.0861213 0.617481 0.617481 0.617481 0.617481
 0.0389415 0.279206 0.279206 0.279206 0.279206
 0.0482606 0.346023 0.346023 0.346023 0.346023
 0.0597901 0.428689 0.428689 0.428689 0.428689
 0.056057 0.401923 0.401923 0.401923 0.401923
 0.0466073 0.33417 0.33417 0.33417 0.33417
 0.0564062 0.404426 0.404426 0.404426 0.404426
Np
 19957.1 9423.84 4074.2 1299.75 1626.96
YTP_r0W_actual
 8931.8 70466.1 91065.2 25357.5 7478.51
YTP_p0W_proyectada
 5795.21 56562.4 26231.4 31150.7 10927.5
 5795.21 45283.7 28459.9 11594.9 16106.3
CTP_r0_actual
 992.422 2774.26 2579.75 612.501 166.189
CTP_p0_proyectada
 706.732 2618.63 835.395 776.825 245.562
 706.732 2096.47 906.365 289.149 361.94
Wmedp
 8.2 21.6 31.4 40.1 44.5
nmprior
 10.6 11 7 0
nm_flota  nm_reclas  nm_pelaces    nm_pelaL
inf 23.6634 14.3785 41.7638
cv_recla  cv_pelaces  cv_mph
0.726355 0.410669 0.585499
 ------------------------------------------------
Talla a la edad & desviaci?n 
 7.2 14.2025 17.0495 18.207 18.6776
 1.08 2.13037 2.55742 2.73105 2.80164
