years
 1997 1998 1999 2000 2001 2002 2003 2004 2005 2006 2007 2008 2009 2010 2011 2012 2013 2014 2015 2016 2017 2018 2019 2020 2021 2022
reclasobs
 0 0 0 370054 412103 1.49427e+06 250295 1.28982e+06 931140 785840 897777 1.04006e+06 184774 17550 25797 100020 73551 82996 120727 218422 84188 347160 605670 569463 516374 1.08416e+06
reclaspred
 576102 142978 367386 228347 350413 437558 947318 659180 743678 783609 677634 462967 281305 115532 68113.1 66290.5 80408.7 107814 116936 156960 238313 226212 385943 517437 660104 576022
pelacesobs
 0 0 0 0 0 0 0 0 0 2.06254e+06 1.5e+06 0 1.87456e+06 323000 250000 174000 83755 137374 0 501740 490994 745055 786931 1.00524e+06 1.33801e+06 1.41789e+06
pelacespred
 2.20873e+06 508516 715563 740876 1.01675e+06 941102 2.58769e+06 2.06377e+06 2.15092e+06 2.27921e+06 1.65533e+06 1.17084e+06 722315 232171 145952 149826 190735 264819 283133 382509 672729 597049 829139 1.27516e+06 1.5505e+06 1.46726e+06
mphobs
 0 0 0 0 0 112323 0 153150 637223 0 255016 313432 73983 77613 109348 50772 17779 17303 59886 28197 0 207744 136588 643089 65757 0
mphpred
 191664 104367 112064 104772 111180 185432 260507 329892 285500 308028 330818 227190 140096 73714.3 31815.1 25645.5 29010.5 38098.3 47144.1 53466.1 80420.2 99487.9 122737 175855 263574 259446
desembarqueobs
 350755 77701 442110 56441 14545 235359 269955 359681 431902 328805 639364 411747 362871 311530 167758 66681 60226 58785 57116 73181 50977 67692 138656 160484 209506 203330
desembarquepred
 350756 77696.9 442063 56443.2 14545.2 235429 270007 359640 431909 328792 639235 411750 362904 311591 167569 66674.9 60249.8 58773.2 57098.5 73175.1 50978.2 67679.2 138656 160487 209483 203314
Reclutas
 37362.8 46330.8 21458 30658.9 58426.2 40459.4 78294 75005.7 98388 120620 64537.7 45224.1 48568.8 26202.1 14806.7 13355 10066.7 11359.2 12367.3 19688.6 26028.8 32032.9 53552.9 74546.3 29970.1 33714.2
log_desv_Rt
 0.0684303 0.283562 -0.486146 -0.129322 0.515519 0.148053 0.808226 0.765319 1.03667 1.2404 0.615005 0.259385 0.330736 -0.286406 -0.857168 -0.960351 -1.24301 -1.12222 -1.03719 -0.572206 -0.293039 -0.0854818 0.428426 0.759176 -0.152043 -0.0343254
SSB
 516939 281490 302248 282581 299864 500130 702615 889755 770024 830786 892251 612757 377855 198816 85808.8 69168.7 78244.5 102755 127153 144204 216902 268330 331036 474301 710887 699755
BT
 1.64596e+06 417453 668285 485296 607053 705345 1.745e+06 1.59518e+06 1.67728e+06 1.65252e+06 1.5171e+06 1.04652e+06 779816 427081 226146 143376 160873 202656 209305 282655 436008 396660 570988 866941 1.02083e+06 989677
Ftot
 0.622529 0.585993 1.02237 0.24529 0.0464763 0.445496 0.298761 0.543205 0.617921 0.443247 0.811919 0.773513 1.25872 2.30434 2.47325 1.02273 0.760533 0.549196 0.449027 0.478608 0.216173 0.272927 0.333166 0.311825 0.260066 0.295642
BD_Bspro_t
 0.9247 0.669373 0.585948 0.392021 0.533944 0.710196 0.652232 0.674263 0.605774 0.577624 0.564295 0.399516 0.293745 0.199255 0.108146 0.107218 0.161332 0.264797 0.363421 0.452876 0.582022 0.692872 0.701437 0.712166 0.733708 0.669885
BD_Bspro
 0.717311 0.390599 0.419403 0.392113 0.416095 0.693987 0.974958 1.23463 1.0685 1.15281 1.2381 0.850269 0.524317 0.275879 0.119069 0.0959794 0.108573 0.142584 0.176439 0.200099 0.300976 0.372338 0.45935 0.658145 0.986436 0.970989
BD_Bo
 0.487187 0.265289 0.284853 0.266317 0.282606 0.471346 0.662177 0.838546 0.725706 0.782971 0.840899 0.57749 0.356108 0.187373 0.0808702 0.0651878 0.0737412 0.0968412 0.119835 0.135904 0.204419 0.252886 0.311984 0.447003 0.669973 0.659481
BD_Brms
 0.885794 0.482344 0.517914 0.484213 0.513828 0.856993 1.20396 1.52463 1.31947 1.42358 1.52891 1.04998 0.647469 0.340678 0.147037 0.118523 0.134075 0.176075 0.217881 0.247099 0.37167 0.459793 0.567243 0.812732 1.21813 1.19906
S_f
 0.150081 1 1 1 1
 0.150081 1 1 1 1
 0.150081 1 1 1 1
 0.150081 1 1 1 1
 0.150081 1 1 1 1
 0.150081 1 1 1 1
 0.150081 1 1 1 1
 0.150081 1 1 1 1
 0.150081 1 1 1 1
 0.150081 1 1 1 1
 0.150081 1 1 1 1
 0.150081 1 1 1 1
 0.150081 1 1 1 1
 0.150081 1 1 1 1
 0.150081 1 1 1 1
 0.150081 1 1 1 1
 0.150081 1 1 1 1
 0.150081 1 1 1 1
 0.150081 1 1 1 1
 0.150081 1 1 1 1
 0.150081 1 1 1 1
 0.150081 1 1 1 1
 0.150081 1 1 1 1
 0.150081 1 1 1 1
 0.150081 1 1 1 1
 0.150081 1 1 1 1
Scru_reclas
 0.616623 0.926398 0.98995 0.998704 0.999834
 0.616623 0.926398 0.98995 0.998704 0.999834
 0.616623 0.926398 0.98995 0.998704 0.999834
 0.616623 0.926398 0.98995 0.998704 0.999834
 0.616623 0.926398 0.98995 0.998704 0.999834
 0.616623 0.926398 0.98995 0.998704 0.999834
 0.616623 0.926398 0.98995 0.998704 0.999834
 0.616623 0.926398 0.98995 0.998704 0.999834
 0.616623 0.926398 0.98995 0.998704 0.999834
 0.616623 0.926398 0.98995 0.998704 0.999834
 0.616623 0.926398 0.98995 0.998704 0.999834
 0.616623 0.926398 0.98995 0.998704 0.999834
 0.616623 0.926398 0.98995 0.998704 0.999834
 0.616623 0.926398 0.98995 0.998704 0.999834
 0.616623 0.926398 0.98995 0.998704 0.999834
 0.616623 0.926398 0.98995 0.998704 0.999834
 0.616623 0.926398 0.98995 0.998704 0.999834
 0.616623 0.926398 0.98995 0.998704 0.999834
 0.616623 0.926398 0.98995 0.998704 0.999834
 0.616623 0.926398 0.98995 0.998704 0.999834
 0.616623 0.926398 0.98995 0.998704 0.999834
 0.616623 0.926398 0.98995 0.998704 0.999834
 0.616623 0.926398 0.98995 0.998704 0.999834
 0.616623 0.926398 0.98995 0.998704 0.999834
 0.616623 0.926398 0.98995 0.998704 0.999834
 0.616623 0.926398 0.98995 0.998704 0.999834
Scru_pelaces
 0.814678 1 1 1 1
 0.814678 1 1 1 1
 0.814678 1 1 1 1
 0.814678 1 1 1 1
 0.814678 1 1 1 1
 0.814678 1 1 1 1
 0.814678 1 1 1 1
 0.814678 1 1 1 1
 0.814678 1 1 1 1
 0.814678 1 1 1 1
 0.814678 1 1 1 1
 0.814678 1 1 1 1
 0.814678 1 1 1 1
 0.814678 1 1 1 1
 0.814678 1 1 1 1
 0.814678 1 1 1 1
 0.814678 1 1 1 1
 0.814678 1 1 1 1
 0.814678 1 1 1 1
 0.814678 1 1 1 1
 0.814678 1 1 1 1
 0.814678 1 1 1 1
 0.814678 1 1 1 1
 0.814678 1 1 1 1
 0.814678 1 1 1 1
 0.814678 1 1 1 1
pf_obs 
 0.256992 0.487395 0.22802 0.0275931 0
 0.321318 0.546541 0.124235 0.00734118 0.000564706
 0.182869 0.594174 0.210203 0.0122559 0.00049798
 0.330522 0.361315 0.267642 0.0388342 0.00168674
 0.649043 0.306663 0.0425973 0.00169635 0
 0.582887 0.30429 0.105238 0.00758474 0
 0.465427 0.430635 0.0974691 0.00646863 0
 0.296916 0.608066 0.0921331 0.00288517 0
 0.311714 0.524322 0.152257 0.0117073 0
 0.15457 0.633149 0.183074 0.0267441 0.00246327
 0.131901 0.49318 0.331252 0.0422183 0.00144891
 0.196976 0.569456 0.194076 0.0375587 0.00193317
 0.518974 0.381816 0.0799577 0.0180837 0.00116848
 0.0928022 0.601141 0.25162 0.0475244 0.00691264
 0.122501 0.610282 0.24278 0.0234846 0.000952079
 0.383417 0.481906 0.127806 0.00687128 0
 0.0376549 0.599619 0.316969 0.0457579 0
 0.0361596 0.667082 0.258105 0.0386534 0
 0.158088 0.579412 0.248529 0.0139706 0
 0.0477256 0.309471 0.559284 0.082774 0.000745712
 0.0406174 0.521527 0.379366 0.0568643 0.0016247
 0.151134 0.462217 0.34131 0.0453401 0
 0.294876 0.26143 0.354403 0.0886775 0.000613685
 0.281977 0.475581 0.204845 0.0348837 0.00271318
 0.0841818 0.532909 0.334909 0.0458182 0.00218182
 0.115287 0.27431 0.454777 0.147771 0.00785563
pf_pred 
 0.290004 0.498121 0.189176 0.0226896 9.52337e-06
 0.284999 0.563254 0.106463 0.0404324 0.00485146
 0.144015 0.668019 0.148073 0.027988 0.0119046
 0.264973 0.481135 0.19814 0.0439198 0.0118325
 0.30743 0.505625 0.122371 0.0503945 0.0141799
 0.156677 0.633744 0.153008 0.0370308 0.0195409
 0.297146 0.42625 0.207863 0.0501855 0.0185551
 0.219286 0.597322 0.111219 0.0542366 0.0179361
 0.275126 0.514731 0.160779 0.0299365 0.0194265
 0.26965 0.565888 0.116785 0.0364784 0.0111997
 0.146943 0.642888 0.162843 0.0336065 0.0137201
 0.165339 0.528966 0.23038 0.0583549 0.0169596
 0.266856 0.484576 0.15753 0.068609 0.0224292
 0.241341 0.625079 0.0882904 0.0287022 0.0165873
 0.302621 0.616892 0.0663153 0.00936681 0.00480481
 0.339182 0.608541 0.0462435 0.00497113 0.00106233
 0.227593 0.658524 0.104874 0.00796945 0.00103979
 0.256328 0.551993 0.163418 0.0260253 0.00223572
 0.239624 0.570998 0.140566 0.0416148 0.00719674
 0.306447 0.501893 0.143926 0.0354311 0.0123035
 0.268182 0.577014 0.112024 0.0321247 0.0106545
 0.236672 0.557596 0.162213 0.0314927 0.0120263
 0.294341 0.495531 0.153494 0.0446537 0.0119798
 0.275006 0.555173 0.119253 0.0369394 0.0136292
 0.0946107 0.675678 0.175904 0.0377848 0.0160225
 0.14801 0.375953 0.355259 0.0924872 0.0282909
pobs_RECLAS
 0 0 0 0 0
 0 0 0 0 0
 0 0 0 0 0
 0 0 0 0 0
 0.835266 0.146461 0.0176864 0.000547809 3.91292e-05
 0.385257 0.428462 0.181853 0.0044286 0
 0.867414 0.0963971 0.0333333 0.00285562 0
 0.441836 0.489002 0.0689373 0.000224442 0
 0.779404 0.147425 0.0564933 0.0165055 0.000172143
 0.814271 0.122319 0.05973 0.00367925 0
 0.40263 0.566651 0.0304383 0.000280538 0
 0.475488 0.404961 0.113038 0.00651328 0
 0.955842 0.0263864 0.0167828 0.000988607 0
 0.975058 0.0227948 0.00214734 0 0
 0.738997 0.206755 0.0527124 0.00153531 0
 0.850938 0.134255 0.0134407 0.00136685 0
 0.542534 0.407297 0.0501686 0 0
 0.764087 0.199537 0.0359546 0.000420521 0
 0.470689 0.182191 0.310203 0.0369168 0
 0.84361 0.089868 0.0606195 0.00523954 0.000663233
 0.607945 0.314616 0.071237 0.00620181 0
 0.523733 0.453247 0.0230204 0 0
 0.530135 0.295979 0.169645 0.0042399 0
 0.562478 0.366248 0.0663022 0.0049721 0
 0.250443 0.683176 0.0655157 0.000865301 0
 0.195077 0.31981 0.436473 0.0351445 0.0134964
ppred_RECLAS
 0.650073 0.240507 0.0976052 0.0118102 4.96264e-06
 0.644954 0.275515 0.0556487 0.0213211 0.0025612
 0.445794 0.425897 0.100881 0.0192365 0.00819148
 0.612909 0.24734 0.108846 0.0243403 0.00656497
 0.659374 0.243943 0.0630888 0.0262109 0.00738351
 0.454754 0.402613 0.103873 0.0253616 0.0133983
 0.650049 0.206459 0.107588 0.0262051 0.0096998
 0.559984 0.331022 0.0658632 0.0324026 0.0107277
 0.633141 0.255257 0.0852005 0.0160043 0.0103973
 0.624031 0.286696 0.0632255 0.0199235 0.0061239
 0.444965 0.411118 0.111279 0.0231683 0.00946931
 0.476549 0.32333 0.15048 0.0384533 0.0111883
 0.640389 0.23201 0.0805979 0.0354131 0.0115901
 0.654235 0.28132 0.0424614 0.0139258 0.00805697
 0.72876 0.238003 0.0273402 0.00389587 0.00200069
 0.712522 0.263284 0.0213797 0.00231862 0.000496051
 0.578665 0.355578 0.0605126 0.00463907 0.000605951
 0.609527 0.284693 0.0900656 0.0144703 0.00124449
 0.58595 0.305519 0.080371 0.0240044 0.00415594
 0.66504 0.237729 0.0728492 0.0180924 0.00628967
 0.618499 0.296332 0.0614779 0.0177857 0.00590549
 0.578353 0.302248 0.0939602 0.0184032 0.00703566
 0.649062 0.24132 0.0798785 0.0234433 0.00629657
 0.627784 0.280333 0.0643473 0.0201083 0.00742759
 0.316171 0.501314 0.139464 0.0302222 0.0128301
 0.430033 0.2419 0.244266 0.064154 0.0196462
pobs_PELACES
 0 0 0 0 0
 0 0 0 0 0
 0 0 0 0 0
 0 0 0 0 0
 0 0 0 0 0
 0 0 0 0 0
 0 0 0 0 0
 0 0 0 0 0
 0 0 0 0 0
 0 0 0 0 0
 0.450072 0.473896 0.0757376 0.000293798 0
 0 0 0 0 0
 0.463077 0.371075 0.160297 0.00555027 0
 0.529543 0.364841 0.0842815 0.0213345 0
 0.631943 0.363953 0.00410389 0 0
 0.735681 0.248677 0.0153453 0.000297389 0
 0.695825 0.281241 0.0229344 0 0
 0.275771 0.60734 0.115278 0.00161068 0
 0 0 0 0 0
 0.896147 0.0623911 0.0374545 0.00400742 0
 0.803859 0.145111 0.0509908 3.86294e-05 0
 0.739449 0.233085 0.0266225 0.000797448 4.60066e-05
 0.878498 0.100942 0.0204185 0.000141795 0
 0.694673 0.275183 0.0284847 0.00165964 0
 0.469039 0.446079 0.0841089 0.000773354 0
 0.822795 0.102175 0.0682046 0.00682512 0
ppred_PELACES
 0.734311 0.186403 0.0707917 0.0084907 3.56375e-06
 0.726796 0.215221 0.0406799 0.0154494 0.00185376
 0.571153 0.334676 0.0741845 0.0140219 0.0059642
 0.680175 0.209351 0.0862146 0.0191104 0.00514855
 0.709893 0.211799 0.0512593 0.0211095 0.00593975
 0.540687 0.345166 0.0833352 0.0201687 0.0106429
 0.717623 0.171249 0.0835105 0.0201624 0.00745465
 0.648491 0.268939 0.0500753 0.0244195 0.00807556
 0.719396 0.199256 0.0622389 0.0115886 0.00752014
 0.700369 0.232159 0.0479117 0.0149655 0.00459476
 0.556277 0.334402 0.0847036 0.0174806 0.00713659
 0.586819 0.261853 0.114045 0.0288873 0.00839546
 0.760669 0.158187 0.0514249 0.022397 0.00732191
 0.817379 0.150466 0.0212528 0.00690906 0.00399281
 0.869006 0.115876 0.0124565 0.00175945 0.000902527
 0.802516 0.181861 0.0138198 0.00148561 0.000317476
 0.677621 0.274847 0.0437711 0.0033262 0.000433975
 0.694094 0.22706 0.0672214 0.0107054 0.000919653
 0.666594 0.250368 0.0616348 0.0182471 0.00315559
 0.739158 0.188759 0.0541298 0.0133255 0.00462727
 0.681542 0.251094 0.0487485 0.0139794 0.00463643
 0.648743 0.256586 0.0746447 0.0144919 0.00553408
 0.717366 0.198473 0.0614784 0.017885 0.00479823
 0.696117 0.232702 0.049985 0.0154832 0.00571272
 0.38259 0.460764 0.119954 0.0257665 0.0109262
 0.510556 0.215974 0.204086 0.0531313 0.0162523
pobs_pel_tallas
 0 0 0 0 0 0 0 0 0 0 0 0 0 0 0 0 0 0 0 0 0 0 0 0 0 0 0 0 0 0 0 0 0 0 0 0
 0 0 0 0 0 0 0 0 0 0 0 0 0 0 0 0 0 0 0 0 0 0 0 0 0 0 0 0 0 0 0 0 0 0 0 0
 0 0 0 0 0 0 0 0 0 0 0 0 0 0 0 0 0 0 0 0 0 0 0 0 0 0 0 0 0 0 0 0 0 0 0 0
 0 0 0 0 0 0 0 0 0 0 0 0 0 0 0 0 0 0 0 0 0 0 0 0 0 0 0 0 0 0 0 0 0 0 0 0
 0 0 0 0 0 0 0 0 0 0 0 0 0 0 0 0 0 0 0 0 0 0 0 0 0 0 0 0 0 0 0 0 0 0 0 0
 0 0 0 0 0 0 0 0 0 0 0 0 0 0 0 0 0 0 0 0 0 0 0 0 0 0 0 0 0 0 0 0 0 0 0 0
 0 0 0 0 0 0 0 0 0 0 0 0 0 0 0 0 0 0 0 0 0 0 0 0 0 0 0 0 0 0 0 0 0 0 0 0
 0 0 0 0 0 0 0 0 0 0 0 0 0 0 0 0 0 0 0 0 0 0 0 0 0 0 0 0 0 0 0 0 0 0 0 0
 0 0 0 0 0 0 0 0 0 0 0 0 0 0 0 0 0 0 0 0 0 0 0 0 0 0 0 0 0 0 0 0 0 0 0 0
 0 0 0 0 0 0 0 0 0 0 0 0 0 0 0 0 0 0 0 0 0 0 0 0 0 0 0 0 0 0 0 0 0 0 0 0
 0 0 0 0 0 0 0 0 1.78061e-05 0.00172719 0.00360574 0.0105946 0.0120993 0.0124554 0.0147524 0.0171206 0.0266825 0.0428682 0.0675386 0.121331 0.153587 0.119568 0.100827 0.0573624 0.0630603 0.0341343 0.0324427 0.0444173 0.0211091 0.0280891 0.0125444 0.00206551 0 0 0 0
 0 0 0 0 0 0 0 0 0 0 0 0 0 0 0 0 0 0 0 0 0 0 0 0 0 0 0 0 0 0 0 0 0 0 0 0
 0 0 0 0 0 0 0.0133647 0.0140871 0.0187388 0.0205184 0.03894 0.0496705 0.03968 0.0493445 0.0407372 0.0367815 0.0215668 0.0243155 0.0234873 0.0199281 0.019796 0.0243948 0.0301388 0.0376714 0.0412746 0.0863199 0.0771752 0.113111 0.0741005 0.0525337 0.0229764 0.00759418 0.00175318 0 0 0
 0 0 0 0 0 0 0 0 0 0 0.00219441 0.00772107 0.0458388 0.0604681 0.0671733 0.0775358 0.0609151 0.0617685 0.073594 0.0568108 0.0755445 0.0548602 0.0670107 0.0636378 0.0643287 0.046367 0.0373049 0.0286899 0.0247887 0.0153202 0.00654259 0.00121912 0.000365735 0 0 0
 0 0 0 0 0 0 0 0 0 0 0 0 0.000112435 0.00938835 0.0111873 0.0202946 0.0414886 0.0713402 0.111592 0.104902 0.108894 0.110636 0.117776 0.105296 0.107544 0.0401394 0.0192827 0.0124803 0.00416011 0.0028671 0.000618394 0 0 0 0 0
 0 0 0 0 0 0 0 0 0 0 0.00291406 0.0102884 0.027416 0.0768956 0.0749926 0.110853 0.0956884 0.0897413 0.0766577 0.0534642 0.0500743 0.0551293 0.0594112 0.0620874 0.0668451 0.0424026 0.0208742 0.0120726 0.0048766 0.00582813 0.00118941 0.000297354 0 0 0 0
 0 0.00264628 0.0354308 0.0461629 0.0458689 0.0383711 0.0214643 0.0164657 0.0346957 0.0420465 0.0363128 0.0245516 0.0311673 0.0291091 0.0169068 0.0133784 0.00837989 0.0085269 0.0148486 0.0160247 0.0276389 0.0546898 0.0760071 0.122758 0.109233 0.0665981 0.0333725 0.0166128 0.00676272 0.00308733 0.000882094 0 0 0 0 0
 0 0 0 0 0 0 0 0.000805153 0.000690131 0.00759144 0.0133425 0.0154129 0.00931677 0.000345066 0.00356568 0.00563607 0.00851162 0.0253048 0.0502646 0.0516448 0.0657925 0.0565908 0.0611916 0.0827007 0.0866115 0.110766 0.145733 0.0935128 0.0569358 0.0249597 0.0138026 0.00621118 0.00161031 0.00115022 0 0
 0 0 0 0 0 0 0 0 0 0 0 0 0 0 0 0 0 0 0 0 0 0 0 0 0 0 0 0 0 0 0 0 0 0 0 0
 0.00147267 0.00158595 0.00478618 0.00569244 0.00954404 0.0108468 0.00647125 0.017049 0.0510054 0.094081 0.124002 0.0959785 0.0687766 0.0820023 0.061753 0.0591476 0.0492212 0.0479892 0.0443925 0.0268479 0.0217502 0.0140895 0.0121071 0.0120363 0.00920419 0.00665534 0.0049561 0.00860946 0.00930331 0.0156896 0.0114698 0.00855282 0.00243557 0.00046729 0 2.83206e-05
 0 0 0 0 0.000772559 0.00158375 0.000888443 0.00281984 0.00712685 0.0440552 0.0773331 0.111326 0.0921469 0.0852325 0.0710754 0.0886704 0.0786465 0.0553345 0.0373146 0.0185414 0.00753245 0.00457741 0.012979 0.0271748 0.0457355 0.0583668 0.034881 0.0177882 0.00938659 0.00492506 0.0015258 0.00185414 0.000309023 5.79419e-05 3.86279e-05 0
 0 0.00173294 0.00326652 0 0.00397197 0.00683976 0.00946217 0.0152591 0.00757587 0.0136028 0.0228656 0.0392903 0.0559909 0.0764795 0.0681675 0.0726916 0.0566044 0.0477403 0.0527397 0.0444891 0.0609904 0.0582453 0.0661739 0.0445044 0.0529084 0.0360697 0.0280645 0.0235558 0.0158879 0.00826598 0.00280645 0.00217768 0.000904811 0.00058276 9.20147e-05 0
 0 0 0 0 0 0 0 0 0 0 0 0 0 0 0 0 0 0 0 0 0 0 0 0 0 0 0 0 0 0 0 0 0 0 0 0
 0 0 0 0 0 0 0 0 0 0 0 0 0 0 0 0 0 0 0 0 0 0 0 0 0 0 0 0 0 0 0 0 0 0 0 0
 0 0 0 0 0 0 0 0 0 0 0 0 0 0 0 0 0 0 0 0 0 0 0 0 0 0 0 0 0 0 0 0 0 0 0 0
 0 0 0 0 0 0 0 0 0 0 0 0 0 0 0 0 0 0 0 0 0 0 0 0 0 0 0 0 0 0 0 0 0 0 0 0
ppred_pel_tallas
 1.01358e-16 3.20398e-05 0.000188045 0.000893878 0.00344147 0.0107319 0.027108 0.0554667 0.0919427 0.123478 0.134373 0.118538 0.0848771 0.049583 0.0241539 0.0107951 0.00602005 0.00571887 0.00736837 0.00984684 0.0126696 0.0155147 0.0180721 0.0200489 0.0212226 0.021487 0.0208721 0.0195262 0.0176717 0.0155491 0.0133682 0.0112797 0.00937056 0.00767518 0.00619553 0.00491906
 1.01266e-16 3.17131e-05 0.000186125 0.000884745 0.0034063 0.0106222 0.0268309 0.0549 0.0910042 0.12222 0.133011 0.117352 0.0840615 0.0491744 0.0240808 0.0109741 0.00641266 0.00633289 0.00823162 0.0109793 0.0140624 0.0171171 0.0197877 0.0217438 0.0227442 0.0226901 0.0216462 0.0198163 0.0174874 0.0149594 0.012485 0.0102349 0.00829196 0.00666824 0.00533246 0.00423643
 1.01923e-16 2.49313e-05 0.000146299 0.00069538 0.00267715 0.00834837 0.0210876 0.0431496 0.0715314 0.0960833 0.104607 0.0923878 0.0663894 0.0392603 0.0200163 0.0104575 0.00795522 0.00937055 0.0127442 0.0171257 0.0219651 0.0267555 0.0309536 0.0340452 0.035651 0.035613 0.0340258 0.0312011 0.0275812 0.0236307 0.0197437 0.0161893 0.0131025 0.0105091 0.00836735 0.00660799
 1.0219e-16 2.96801e-05 0.00017419 0.000828004 0.00318783 0.00994093 0.0251101 0.051379 0.0851681 0.114384 0.124486 0.109838 0.0786973 0.046073 0.0226315 0.0104346 0.00627225 0.00635364 0.0083481 0.0112082 0.0144583 0.0177563 0.0207597 0.0231409 0.0246475 0.0251545 0.0246852 0.0233927 0.0215109 0.0192939 0.0169627 0.0146764 0.0125273 0.0105551 0.00876882 0.00716593
 1.018e-16 3.0976e-05 0.000181798 0.000864172 0.00332709 0.0103752 0.026207 0.0536233 0.0888881 0.119379 0.129919 0.114626 0.0821136 0.0480442 0.0235451 0.0107611 0.0063338 0.00629784 0.00821234 0.010978 0.0140964 0.017214 0.0199833 0.0220787 0.0232587 0.023418 0.0226081 0.0210146 0.0189035 0.0165543 0.0142034 0.0120111 0.0100577 0.00835975 0.00689659 0.00563444
 1.02486e-16 2.36033e-05 0.000138501 0.000658307 0.00253441 0.00790323 0.0199632 0.0408491 0.0677186 0.0909647 0.0990414 0.0874897 0.0629073 0.0372769 0.0191452 0.0102308 0.00805969 0.00967215 0.0132177 0.0177891 0.0228444 0.0278691 0.0323062 0.0356255 0.0374337 0.0375623 0.0361004 0.0333582 0.0297791 0.0258296 0.0219055 0.0182767 0.0150795 0.0123422 0.0100283 0.00807589
 1.02283e-16 3.13115e-05 0.000183771 0.000873561 0.00336325 0.010488 0.0264918 0.0542059 0.0898525 0.12067 0.131316 0.115836 0.082933 0.0484281 0.0235561 0.0104701 0.00576177 0.00541655 0.00697484 0.00935234 0.012093 0.014904 0.0175037 0.019623 0.0210505 0.0216749 0.0215026 0.0206434 0.0192723 0.0175818 0.0157417 0.0138759 0.0120604 0.0103341 0.00871559 0.00721736
 1.02015e-16 2.83008e-05 0.000166087 0.000789471 0.00303945 0.00947819 0.0239413 0.048988 0.0812067 0.109069 0.118718 0.104786 0.0751581 0.0441633 0.0219948 0.0106454 0.00707987 0.00769815 0.0102713 0.0137634 0.0176499 0.0215057 0.0248935 0.0274028 0.0287327 0.0287593 0.0275604 0.0253864 0.0225891 0.0195356 0.0165333 0.0137876 0.0113962 0.00937053 0.00767127 0.00624107
 1.01699e-16 3.13899e-05 0.000184229 0.000875732 0.0033716 0.010514 0.0265576 0.0543406 0.0900767 0.120974 0.131652 0.116146 0.0831846 0.0486347 0.0237673 0.0107499 0.00617353 0.0060162 0.00780566 0.0104357 0.0134163 0.0164103 0.0190889 0.0211432 0.0223407 0.0225752 0.0218869 0.0204416 0.0184823 0.0162677 0.0140195 0.0118919 0.00996758 0.00827134 0.00679367 0.00551183
 1.01485e-16 3.05615e-05 0.000179363 0.00085259 0.00328249 0.0102361 0.0258557 0.0529047 0.0876975 0.117782 0.128187 0.11311 0.081055 0.0474801 0.0233714 0.0108542 0.00662411 0.00677387 0.00889337 0.0118856 0.0152348 0.0185581 0.0214737 0.0236252 0.0247508 0.0247421 0.0236653 0.0217368 0.0192623 0.016562 0.0139061 0.0114777 0.00936674 0.00758789 0.00611021 0.00488504
 1.02246e-16 2.42826e-05 0.000142491 0.000677275 0.00260745 0.00813099 0.0205385 0.0420261 0.0696692 0.0935829 0.101887 0.0899915 0.0646801 0.0382751 0.0195616 0.0102982 0.00793031 0.00940608 0.0128208 0.0172487 0.0221503 0.0270232 0.0313262 0.0345441 0.0362944 0.0364117 0.0349808 0.0323012 0.0288025 0.0249379 0.0210933 0.017534 0.0143962 0.0117115 0.00944752 0.00754649
 1.0309e-16 2.56116e-05 0.000150299 0.000714412 0.00275046 0.00857698 0.0216649 0.0443303 0.0734865 0.0987027 0.107441 0.0948476 0.0680639 0.0400639 0.0200836 0.00994181 0.00691025 0.0077503 0.0104613 0.0141159 0.018239 0.0224328 0.0262755 0.0293581 0.0313628 0.0321281 0.0316762 0.0301893 0.0279499 0.0252658 0.0224058 0.0195638 0.0168537 0.014328 0.0120037 0.00988602
 1.01894e-16 3.31879e-05 0.000194788 0.000925942 0.00356494 0.0111169 0.0280805 0.0574562 0.0952396 0.127903 0.13918 0.122757 0.0878537 0.0512318 0.0247888 0.010793 0.00561657 0.00499071 0.00630039 0.00839785 0.0108136 0.0132636 0.015486 0.0172364 0.0183292 0.0186766 0.0183034 0.0173315 0.0159416 0.0143262 0.0126489 0.0110223 0.00950616 0.00811923 0.00685795 0.00571261
 1.00775e-16 3.56603e-05 0.000209305 0.000994957 0.00383066 0.0119456 0.0301736 0.0617388 0.102338 0.137433 0.149544 0.131885 0.0943551 0.0549602 0.0264741 0.0113209 0.00558749 0.0046726 0.00575562 0.00759978 0.0097069 0.0117889 0.0135908 0.0148819 0.0154963 0.01537 0.0145547 0.0132005 0.0115153 0.0097149 0.00797979 0.00643002 0.00512116 0.00405646 0.00320702 0.00253138
 1.00318e-16 3.79101e-05 0.000222516 0.00105777 0.00407253 0.0126998 0.0320787 0.0656366 0.108797 0.146104 0.158968 0.14017 0.100226 0.0582662 0.0278531 0.0115437 0.00515697 0.00378595 0.00442892 0.0057867 0.00736728 0.00892188 0.0102483 0.0111681 0.0115547 0.0113622 0.0106351 0.00949555 0.00811084 0.00665437 0.00527126 0.00405811 0.00305931 0.0022762 0.00168283 0.00124164
 1.00322e-16 3.50135e-05 0.000205505 0.000976883 0.00376106 0.0117285 0.0296254 0.0606174 0.10048 0.134941 0.14684 0.129519 0.0927023 0.0540783 0.0262 0.0114613 0.00603246 0.00540319 0.00680072 0.00899207 0.0114523 0.0138482 0.0158727 0.0172477 0.0177772 0.0173925 0.0161691 0.0143047 0.0120685 0.00973855 0.00754662 0.00564627 0.00410652 0.0029264 0.00206024 0.00144318
 1.00846e-16 2.95714e-05 0.000173546 0.000824927 0.00317596 0.0099039 0.0250166 0.0511882 0.0848537 0.113967 0.124046 0.109484 0.0785166 0.0461139 0.0229231 0.0110212 0.00723043 0.00778221 0.010341 0.0138195 0.0176671 0.0214401 0.0246856 0.0269814 0.0280226 0.0276914 0.0260833 0.0234761 0.0202563 0.0168273 0.0135296 0.0105936 0.00813084 0.00615439 0.0046146 0.00343441
 1.0144e-16 3.02877e-05 0.000177756 0.000844952 0.00325308 0.0101444 0.025624 0.0524307 0.0869117 0.116726 0.127038 0.112096 0.0803269 0.0470513 0.0231565 0.0107493 0.0065555 0.0067051 0.00881288 0.0117964 0.0151502 0.0185005 0.0214728 0.0237143 0.0249611 0.0250955 0.0241688 0.0223778 0.0200092 0.0173678 0.0147159 0.0122369 0.0100296 0.00812332 0.00650453 0.00514126
 1.01731e-16 2.90895e-05 0.000170719 0.000811495 0.00312425 0.00974266 0.0246093 0.0503546 0.0834714 0.112109 0.12202 0.107686 0.0772071 0.0453045 0.0224466 0.0106712 0.00684789 0.0072694 0.00964547 0.0129233 0.0165882 0.0202383 0.0234639 0.0258793 0.0271983 0.0272974 0.02624 0.0242499 0.0216479 0.0187721 0.0159096 0.0132575 0.0109164 0.00890878 0.00721037 0.00577818
 1.01505e-16 3.22512e-05 0.000189286 0.000899778 0.00346419 0.0108027 0.0272869 0.0558327 0.0925495 0.124293 0.13526 0.11932 0.0854365 0.0499084 0.0243096 0.0108591 0.00604597 0.00573143 0.00737311 0.00983894 0.0126381 0.0154442 0.0179448 0.0198473 0.0209331 0.0211046 0.020403 0.0189896 0.0170985 0.014978 0.0128402 0.0108319 0.00903015 0.00745616 0.00609757 0.00492912
 1.01471e-16 2.97413e-05 0.000174546 0.000829686 0.0031943 0.00996108 0.025161 0.0514835 0.0853424 0.114621 0.124753 0.110094 0.078925 0.0462952 0.0229049 0.0108336 0.00687637 0.00723834 0.00957423 0.0128057 0.0164072 0.0199716 0.0230869 0.0253681 0.0265333 0.0264671 0.0252451 0.0231049 0.0203819 0.0174264 0.0145341 0.0119046 0.00963542 0.0077409 0.00618462 0.00491007
 1.019e-16 2.83114e-05 0.00016615 0.000789772 0.00304061 0.00948183 0.0239505 0.0490067 0.0812373 0.10911 0.118759 0.104817 0.0751678 0.0441442 0.0219398 0.0105446 0.0069195 0.00746278 0.00994839 0.0133493 0.0171554 0.0209599 0.0243436 0.0269094 0.0283599 0.0285621 0.0275732 0.0256135 0.0230036 0.0200838 0.0171453 0.0143907 0.0119269 0.00978448 0.00794679 0.00637859
 1.01777e-16 3.13013e-05 0.000183709 0.00087326 0.00336208 0.0104843 0.0264826 0.0541873 0.0898224 0.120632 0.13128 0.115818 0.0829498 0.0484974 0.0237002 0.0107198 0.00615674 0.00600096 0.00778759 0.0104142 0.0133932 0.0163893 0.0190756 0.0211447 0.0223649 0.02263 0.0219782 0.0205731 0.0186539 0.0164757 0.0142564 0.0121479 0.0102311 0.00853059 0.00703805 0.0057328
 1.01585e-16 3.03761e-05 0.000178274 0.000847417 0.00326257 0.010174 0.0256988 0.0525837 0.0871655 0.117067 0.12741 0.112426 0.0805675 0.0472004 0.0232447 0.010814 0.00662525 0.00679612 0.00893184 0.0119421 0.0153133 0.0186629 0.0216088 0.0237937 0.0249545 0.024981 0.023938 0.0220396 0.0195895 0.0169062 0.0142585 0.0118286 0.00970637 0.00790739 0.0064022 0.00514422
 1.03249e-16 1.67143e-05 9.80458e-05 0.000465953 0.00179376 0.0055935 0.0141292 0.0289132 0.0479382 0.0644143 0.0701868 0.062127 0.0449465 0.0271878 0.0149841 0.00965214 0.00954193 0.0126326 0.0176273 0.0238045 0.0305923 0.0373396 0.0433088 0.0477912 0.0502584 0.0504803 0.0485703 0.0449367 0.0401667 0.0348806 0.0296065 0.0247078 0.0203719 0.0166437 0.0134817 0.01081
 1.05553e-16 2.22844e-05 0.00013077 0.000621576 0.00239303 0.00746236 0.0188494 0.0385694 0.0639366 0.0858761 0.0934794 0.0825248 0.0592256 0.0348723 0.0175047 0.00871319 0.0061372 0.00697971 0.00952951 0.0130174 0.0170729 0.0213909 0.0256337 0.0294515 0.0325407 0.0346953 0.0358329 0.0359853 0.0352642 0.0338169 0.0317906 0.0293144 0.0265007 0.0234553 0.020289 0.0171203
pSPR Fmed_Fpbrs
0.440269   0.6 0.325
Fs Fmed_Fpbrs
0.68   0.35778 1.12609
SSBpbr Bo_Bmed_Bpbrs
1.06107e+06  414102  583588 291794
Ro
34891.6
SPR SPRFo_SPRFmed_SPRFpbrs
720662 317285 234215
log_Ro
10.28
likeval ReclasPelacesDesembMPH_pf_preclas_ppelaces_ptallas_desvR_qrecl_qpela
 65.2213 15.3462 0.00934324 0.000477435 329.023 205.299 84.1736 0 16.4681 3.08892e-06 7.34681e-05 1.16412e-15 0 0 0
q_reclas_q_pelaces
0.779541 3.38531
M
0.7
N
 37362.8 11987.2 4552.49 546.022 0.229179
 46330.8 16898.8 3194.12 1213.06 145.554
 21458 21070.2 4670.43 882.779 375.488
 30658.9 9140 3764.01 834.333 224.779
 58426.2 14674.5 3551.5 1462.57 411.536
 40459.4 28811.9 6956.2 1683.53 888.39
 78294 18792.1 9164.09 2212.53 818.041
 75005.7 37174.9 6921.81 3375.46 1116.27
 98388 34330.7 10723.4 1996.65 1295.68
 120620 44530.8 9190.02 2870.56 881.327
 64537.7 56043.2 14195.6 2929.61 1196.03
 45224.1 28371.8 12356.8 3129.94 909.649
 48568.8 19996.2 6500.53 2831.17 925.549
 26202.1 19966.8 2820.25 916.831 529.845
 14806.7 9207.34 989.78 139.803 71.7135
 13355 5072.78 385.485 41.4392 8.8556
 10066.7 5688.25 905.887 68.8391 8.98155
 11359.2 4459.74 1320.31 210.268 18.0632
 12367.3 5194.51 1278.77 378.58 65.4705
 19688.6 5741.17 1646.37 405.298 140.74
 26028.8 9099.4 1766.6 506.6 168.02
 32032.9 12512.9 3640.19 706.723 269.88
 53552.9 15268.7 4729.57 1375.9 369.131
 74546.3 25296.6 5433.78 1683.15 621.019
 29970.1 35326.1 9196.69 1975.48 837.693
 33714.2 14313 13525.2 3521.12 1077.07
pred_Ctot
 2409.71 4139.01 1571.91 188.533 0.0791319
 2819.45 5572.17 1053.22 399.99 47.9946
 2214.64 10272.7 2277.05 430.395 183.068
 798.626 1450.14 597.192 132.374 35.663
 292.181 480.547 116.301 47.8949 13.4766
 1889.1 7641.25 1844.87 446.492 235.611
 2475.31 3550.78 1731.56 418.059 154.569
 4243 11557.7 2151.99 1049.43 347.048
 6300.46 11787.5 3681.88 685.552 444.871
 5604.3 11761.2 2427.21 758.155 232.771
 5362.19 23460.1 5942.41 1226.36 500.67
 3588.69 11481.2 5000.4 1266.59 368.108
 6078.42 11037.6 3588.21 1562.77 510.892
 5619.82 14555.5 2055.91 668.354 386.248
 3372.98 6875.81 739.143 104.401 53.5539
 1378.8 2473.75 187.983 20.2079 4.31845
 786.085 2274.48 362.225 27.5258 3.59133
 649.41 1398.48 414.023 65.9356 5.66423
 581.887 1386.57 341.341 101.055 17.4761
 985.474 1613.99 462.838 113.94 39.5656
 598.683 1288.11 250.079 71.7142 23.7848
 926.743 2183.4 635.182 123.317 47.0917
 1883.82 3171.46 982.383 285.789 76.6725
 2457.77 4961.67 1065.78 330.134 121.807
 826.906 5905.49 1537.42 330.242 140.038
 1054.98 2679.72 2532.22 659.231 201.652
F
 0.0934295 0.622529 0.622529 0.622529 0.622529
 0.0879463 0.585993 0.585993 0.585993 0.585993
 0.153439 1.02237 1.02237 1.02237 1.02237
 0.0368132 0.24529 0.24529 0.24529 0.24529
 0.00697519 0.0464763 0.0464763 0.0464763 0.0464763
 0.0668603 0.445496 0.445496 0.445496 0.445496
 0.0448382 0.298761 0.298761 0.298761 0.298761
 0.0815245 0.543205 0.543205 0.543205 0.543205
 0.092738 0.617921 0.617921 0.617921 0.617921
 0.0665228 0.443247 0.443247 0.443247 0.443247
 0.121853 0.811919 0.811919 0.811919 0.811919
 0.116089 0.773513 0.773513 0.773513 0.773513
 0.188909 1.25872 1.25872 1.25872 1.25872
 0.345837 2.30434 2.30434 2.30434 2.30434
 0.371188 2.47325 2.47325 2.47325 2.47325
 0.153492 1.02273 1.02273 1.02273 1.02273
 0.114141 0.760533 0.760533 0.760533 0.760533
 0.0824236 0.549196 0.549196 0.549196 0.549196
 0.0673902 0.449027 0.449027 0.449027 0.449027
 0.0718298 0.478608 0.478608 0.478608 0.478608
 0.0324433 0.216173 0.216173 0.216173 0.216173
 0.0409611 0.272927 0.272927 0.272927 0.272927
 0.0500018 0.333166 0.333166 0.333166 0.333166
 0.0467989 0.311825 0.311825 0.311825 0.311825
 0.0390308 0.260066 0.260066 0.260066 0.260066
 0.0443701 0.295642 0.295642 0.295642 0.295642
Np
 22932.7 10792.7 5560.95 1836.29 2337.73
YTP_r0W_actual
 9494.86 68064.8 89387.4 27292.2 9074.33
YTP_p0W_proyectada
 7092.15 76379.1 36664.3 44245.6 17505.7
 7092.15 51471.5 38553.4 16258.1 22968.8
CTP_r0_actual
 1054.98 2679.72 2532.22 659.231 201.652
CTP_p0_proyectada
 864.897 3536.07 1167.65 1103.38 393.387
 864.897 2382.94 1227.81 405.439 516.153
Wmedp
 8.2 21.6 31.4 40.1 44.5
nmprior
 10.6 11 7 0
nm_flota  nm_reclas  nm_pelaces    nm_pelaL
inf 20.1312 15.2488 45.3451
cv_recla  cv_pelaces  cv_mph
0.714442 0.429132 0.594689
 ------------------------------------------------
Talla a la edad & desviaci?n 
 7.2 14.2025 17.0495 18.207 18.6776
 1.08 2.13037 2.55742 2.73105 2.80164
