years
 1997 1998 1999 2000 2001 2002 2003 2004 2005 2006 2007 2008 2009 2010 2011 2012 2013 2014 2015 2016 2017 2018 2019 2020 2021 2022
reclasobs
 0 0 0 370054 412103 1.49427e+06 250295 1.28982e+06 931140 785840 897777 1.04006e+06 184774 17550 25797 100020 73551 82996 120727 218422 84188 347160 605670 569463 516374 1.08416e+06
reclaspred
 461177 129574 408637 287976 406141 488673 1.05456e+06 689029 741770 670335 529202 353411 215024 94092.2 62434.5 64220.2 82383.4 113902 123169 174886 253736 232630 405689 557188 692803 652643
pelacesobs
 0 0 0 0 0 0 0 0 0 2.06254e+06 1.5e+06 0 1.87456e+06 323000 250000 174000 83755 137374 0 501740 490994 745055 786931 1.00524e+06 1.33801e+06 1.41789e+06
pelacespred
 1.9139e+06 452470 880950 946698 1.15186e+06 1.12086e+06 2.80495e+06 2.26392e+06 2.16053e+06 1.96128e+06 1.35789e+06 934178 565671 197994 134723 149497 201740 285316 312413 439300 715130 628817 900751 1.3952e+06 1.70162e+06 1.7679e+06
mphobs
 0 0 0 0 0 112323 0 153150 637223 0 255016 313432 73983 77613 109348 50772 17779 17303 59886 28197 0 207744 136588 643089 65757 0
mphpred
 140882 89110.2 111654 137865 140222 212403 315414 369410 306709 301007 279105 191656 117102 60435.2 27081.1 23268.1 29140.1 40965.6 51676 60277.6 90307.7 107032 134166 194447 292111 309945
desembarqueobs
 350755 77701 442110 56441 14545 235359 269955 359681 431902 328805 639364 411747 362871 311530 167758 66681 60226 58785 57116 73181 50977 67692 138656 160484 209506 203330
desembarquepred
 350767 77704.9 442158 56443.6 14545.2 235411 269994 359712 431982 328860 639639 412014 363233 311960 167763 66694 60251.8 58787.1 57112.1 73184.1 50979 67687.9 138663 160494 209503 203327
Reclutas
 53768.9 66087.8 39912.6 58321.8 98996.8 73190.2 116253 105063 124702 126985 65173.1 42110.8 43644.1 23822 16794.4 18752.8 14958.6 16957.1 19500 32962.6 41362.4 52767.3 88649.3 124574 54482 67197.6
log_desv_Rt
 0.0724513 0.27874 -0.225552 0.153731 0.682843 0.380817 0.843522 0.742313 0.913685 0.931823 0.264802 -0.171941 -0.136177 -0.741633 -1.0912 -0.980901 -1.20696 -1.08156 -0.94183 -0.41687 -0.189871 0.0536475 0.572444 0.912657 0.0856248 0.295392
SSB
 652163 412505 516862 638199 649111 983244 1.4601e+06 1.71005e+06 1.4198e+06 1.39341e+06 1.29202e+06 887206 542083 279764 125363 107712 134894 189636 239216 279034 418048 495468 621075 900126 1.35222e+06 1.43478e+06
BT
 2.24192e+06 592432 1.13841e+06 1.0246e+06 1.1848e+06 1.32857e+06 3.04102e+06 2.71585e+06 2.59739e+06 2.31655e+06 1.96268e+06 1.33106e+06 930939 497075 276951 206790 254128 337686 367115 506821 770308 704436 1.01385e+06 1.55145e+06 1.89494e+06 1.97901e+06
Ftot
 0.476845 0.372361 0.538515 0.104346 0.0213213 0.215549 0.136697 0.271656 0.315445 0.257631 0.540801 0.513239 0.826991 1.51691 1.54462 0.602372 0.413932 0.278926 0.230403 0.236756 0.109669 0.144034 0.172311 0.159863 0.133406 0.138833
BD_Bspro_t
 0.943587 0.748315 0.710684 0.587114 0.707975 0.827976 0.795019 0.801141 0.742218 0.699987 0.660216 0.499025 0.383604 0.271494 0.158362 0.166591 0.262375 0.414076 0.529697 0.624081 0.732831 0.810014 0.817328 0.82567 0.840852 0.807515
BD_Bspro
 0.631361 0.399348 0.500377 0.617843 0.628407 0.951883 1.41353 1.65551 1.37452 1.34896 1.25081 0.858908 0.524793 0.270841 0.121364 0.104276 0.130592 0.183587 0.231586 0.270134 0.404714 0.479665 0.601265 0.871416 1.30909 1.38902
BD_Bo
 0.339294 0.21461 0.268903 0.33203 0.337707 0.511543 0.759632 0.889672 0.738667 0.724935 0.672186 0.461578 0.282024 0.14555 0.0652211 0.0560381 0.07018 0.09866 0.124455 0.14517 0.217494 0.257772 0.323121 0.468299 0.703509 0.746459
BD_Brms
 0.616898 0.390199 0.488914 0.60369 0.614012 0.930078 1.38115 1.61759 1.34303 1.31806 1.22216 0.839232 0.512771 0.264636 0.118584 0.101887 0.1276 0.179382 0.226281 0.263946 0.395443 0.468677 0.587492 0.851454 1.27911 1.3572
S_f
 0.177155 1 1 1 1
 0.177155 1 1 1 1
 0.177155 1 1 1 1
 0.177155 1 1 1 1
 0.177155 1 1 1 1
 0.177155 1 1 1 1
 0.177155 1 1 1 1
 0.177155 1 1 1 1
 0.177155 1 1 1 1
 0.177155 1 1 1 1
 0.177155 1 1 1 1
 0.177155 1 1 1 1
 0.177155 1 1 1 1
 0.177155 1 1 1 1
 0.177155 1 1 1 1
 0.177155 1 1 1 1
 0.177155 1 1 1 1
 0.177155 1 1 1 1
 0.177155 1 1 1 1
 0.177155 1 1 1 1
 0.177155 1 1 1 1
 0.177155 1 1 1 1
 0.177155 1 1 1 1
 0.177155 1 1 1 1
 0.177155 1 1 1 1
 0.177155 1 1 1 1
Scru_reclas
 0.898341 1 1 1 1
 0.898341 1 1 1 1
 0.898341 1 1 1 1
 0.898341 1 1 1 1
 0.898341 1 1 1 1
 0.898341 1 1 1 1
 0.898341 1 1 1 1
 0.898341 1 1 1 1
 0.898341 1 1 1 1
 0.898341 1 1 1 1
 0.898341 1 1 1 1
 0.898341 1 1 1 1
 0.898341 1 1 1 1
 0.898341 1 1 1 1
 0.898341 1 1 1 1
 0.898341 1 1 1 1
 0.898341 1 1 1 1
 0.898341 1 1 1 1
 0.898341 1 1 1 1
 0.898341 1 1 1 1
 0.898341 1 1 1 1
 0.898341 1 1 1 1
 0.898341 1 1 1 1
 0.898341 1 1 1 1
 0.898341 1 1 1 1
 0.898341 1 1 1 1
Scru_pelaces
 1 1 1 1 1
 1 1 1 1 1
 1 1 1 1 1
 1 1 1 1 1
 1 1 1 1 1
 1 1 1 1 1
 1 1 1 1 1
 1 1 1 1 1
 1 1 1 1 1
 1 1 1 1 1
 1 1 1 1 1
 1 1 1 1 1
 1 1 1 1 1
 1 1 1 1 1
 1 1 1 1 1
 1 1 1 1 1
 1 1 1 1 1
 1 1 1 1 1
 1 1 1 1 1
 1 1 1 1 1
 1 1 1 1 1
 1 1 1 1 1
 1 1 1 1 1
 1 1 1 1 1
 1 1 1 1 1
 1 1 1 1 1
pf_obs 
 0.256992 0.487395 0.22802 0.0275931 0
 0.321318 0.546541 0.124235 0.00734118 0.000564706
 0.182869 0.594174 0.210203 0.0122559 0.00049798
 0.330522 0.361315 0.267642 0.0388342 0.00168674
 0.649043 0.306663 0.0425973 0.00169635 0
 0.582887 0.30429 0.105238 0.00758474 0
 0.465427 0.430635 0.0974691 0.00646863 0
 0.296916 0.608066 0.0921331 0.00288517 0
 0.311714 0.524322 0.152257 0.0117073 0
 0.15457 0.633149 0.183074 0.0267441 0.00246327
 0.131901 0.49318 0.331252 0.0422183 0.00144891
 0.196976 0.569456 0.194076 0.0375587 0.00193317
 0.518974 0.381816 0.0799577 0.0180837 0.00116848
 0.0928022 0.601141 0.25162 0.0475244 0.00691264
 0.122501 0.610282 0.24278 0.0234846 0.000952079
 0.383417 0.481906 0.127806 0.00687128 0
 0.0376549 0.599619 0.316969 0.0457579 0
 0.0361596 0.667082 0.258105 0.0386534 0
 0.158088 0.579412 0.248529 0.0139706 0
 0.0477256 0.309471 0.559284 0.082774 0.000745712
 0.0406174 0.521527 0.379366 0.0568643 0.0016247
 0.151134 0.462217 0.34131 0.0453401 0
 0.294876 0.26143 0.354403 0.0886775 0.000613685
 0.281977 0.475581 0.204845 0.0348837 0.00271318
 0.0841818 0.532909 0.334909 0.0458182 0.00218182
 0.115287 0.27431 0.454777 0.147771 0.00785563
pf_pred 
 0.358761 0.452965 0.168423 0.0198404 1.04931e-05
 0.302637 0.55693 0.0992002 0.0368849 0.00434738
 0.170977 0.617649 0.168808 0.030068 0.0124977
 0.2636 0.442723 0.218799 0.0597994 0.0150787
 0.296981 0.477738 0.135439 0.0669355 0.0229068
 0.168023 0.587856 0.165893 0.0470305 0.0311974
 0.256394 0.414701 0.232396 0.0655821 0.0309257
 0.196977 0.541782 0.145692 0.0816448 0.0339049
 0.232824 0.469018 0.20116 0.0540945 0.0429029
 0.218727 0.519778 0.159867 0.0685665 0.033062
 0.128771 0.558213 0.208248 0.0640505 0.0407173
 0.135889 0.448995 0.265973 0.0992245 0.049919
 0.220757 0.414269 0.189642 0.112339 0.0629936
 0.202278 0.563081 0.124742 0.0571039 0.0527952
 0.285789 0.54126 0.122079 0.0270449 0.0238268
 0.348998 0.542811 0.0819914 0.0184929 0.00770617
 0.226707 0.620059 0.127768 0.0192994 0.0061668
 0.242943 0.505925 0.201368 0.0414935 0.00827029
 0.239624 0.512304 0.165782 0.0659842 0.0163066
 0.312256 0.45707 0.155417 0.050293 0.0249645
 0.264657 0.545007 0.126496 0.0430122 0.0208278
 0.249743 0.511132 0.17723 0.0411349 0.02076
 0.303888 0.464775 0.157604 0.0546477 0.0190849
 0.284768 0.520355 0.130114 0.0441215 0.0206415
 0.106466 0.632344 0.190024 0.0475154 0.0236503
 0.164928 0.348308 0.344477 0.103518 0.0387684
pobs_RECLAS
 0 0 0 0 0
 0 0 0 0 0
 0 0 0 0 0
 0 0 0 0 0
 0.835266 0.146461 0.0176864 0.000547809 3.91292e-05
 0.385257 0.428462 0.181853 0.0044286 0
 0.867414 0.0963971 0.0333333 0.00285562 0
 0.441836 0.489002 0.0689373 0.000224442 0
 0.779404 0.147425 0.0564933 0.0165055 0.000172143
 0.814271 0.122319 0.05973 0.00367925 0
 0.40263 0.566651 0.0304383 0.000280538 0
 0.475488 0.404961 0.113038 0.00651328 0
 0.955842 0.0263864 0.0167828 0.000988607 0
 0.975058 0.0227948 0.00214734 0 0
 0.738997 0.206755 0.0527124 0.00153531 0
 0.850938 0.134255 0.0134407 0.00136685 0
 0.542534 0.407297 0.0501686 0 0
 0.764087 0.199537 0.0359546 0.000420521 0
 0.470689 0.182191 0.310203 0.0369168 0
 0.84361 0.089868 0.0606195 0.00523954 0.000663233
 0.607945 0.314616 0.071237 0.00620181 0
 0.523733 0.453247 0.0230204 0 0
 0.530135 0.295979 0.169645 0.0042399 0
 0.562478 0.366248 0.0663022 0.0049721 0
 0.250443 0.683176 0.0655157 0.000865301 0
 0.195077 0.31981 0.436473 0.0351445 0.0134964
ppred_RECLAS
 0.745418 0.179834 0.0668665 0.00787696 4.16592e-06
 0.692512 0.245567 0.0437403 0.0162636 0.00191689
 0.520413 0.357308 0.0976548 0.0173942 0.00722986
 0.646017 0.212814 0.105175 0.0287452 0.00724823
 0.681971 0.216118 0.0612692 0.0302801 0.0103625
 0.508975 0.346947 0.0979082 0.0277569 0.0184124
 0.637833 0.201977 0.113187 0.0319412 0.0150621
 0.558246 0.298041 0.080147 0.0449139 0.0186515
 0.610639 0.238039 0.102094 0.0274543 0.0217743
 0.59032 0.272559 0.0838304 0.0359546 0.0173369
 0.437515 0.360395 0.13445 0.0413524 0.026288
 0.452227 0.284624 0.168604 0.0628998 0.0316443
 0.605376 0.209794 0.0960383 0.0568907 0.0319012
 0.600991 0.281645 0.0623943 0.0285625 0.0264074
 0.704781 0.22373 0.0504615 0.011179 0.00984879
 0.739392 0.217297 0.0328227 0.00740304 0.00308492
 0.604178 0.317386 0.0654001 0.00987866 0.00315657
 0.623219 0.251795 0.100219 0.020651 0.00411605
 0.61818 0.257251 0.0832466 0.0331337 0.0081883
 0.700021 0.199364 0.0677895 0.0219367 0.010889
 0.647329 0.261386 0.0606675 0.0206287 0.00998902
 0.629766 0.252232 0.0874587 0.0202991 0.0102446
 0.690839 0.206419 0.0699962 0.0242705 0.0084761
 0.670668 0.2396 0.0599117 0.020316 0.00950448
 0.378297 0.439972 0.132215 0.0330602 0.0164554
 0.502221 0.207624 0.20534 0.0617062 0.0231095
pobs_PELACES
 0 0 0 0 0
 0 0 0 0 0
 0 0 0 0 0
 0 0 0 0 0
 0 0 0 0 0
 0 0 0 0 0
 0 0 0 0 0
 0 0 0 0 0
 0 0 0 0 0
 0 0 0 0 0
 0.450072 0.473896 0.0757376 0.000293798 0
 0 0 0 0 0
 0.463077 0.371075 0.160297 0.00555027 0
 0.529543 0.364841 0.0842815 0.0213345 0
 0.631943 0.363953 0.00410389 0 0
 0.735681 0.248677 0.0153453 0.000297389 0
 0.695825 0.281241 0.0229344 0 0
 0.275771 0.60734 0.115278 0.00161068 0
 0 0 0 0 0
 0.896147 0.0623911 0.0374545 0.00400742 0
 0.803859 0.145111 0.0509908 3.86294e-05 0
 0.739449 0.233085 0.0266225 0.000797448 4.60066e-05
 0.878498 0.100942 0.0204185 0.000141795 0
 0.694673 0.275183 0.0284847 0.00165964 0
 0.469039 0.446079 0.0841089 0.000773354 0
 0.822795 0.102175 0.0682046 0.00682512 0
ppred_PELACES
 0.787682 0.149979 0.0557657 0.00656927 3.47432e-06
 0.735013 0.211625 0.0376946 0.0140157 0.00165194
 0.583008 0.310673 0.0849091 0.015124 0.00628624
 0.676365 0.194569 0.0961584 0.0262808 0.00662681
 0.705959 0.199816 0.0566478 0.0279961 0.0095809
 0.55024 0.31779 0.0896802 0.0254243 0.0168651
 0.670467 0.183777 0.102988 0.0290631 0.0137049
 0.602291 0.268326 0.072156 0.0404358 0.0167919
 0.655399 0.210674 0.0903574 0.0242982 0.0192712
 0.632382 0.244575 0.0752234 0.0322631 0.0155569
 0.500701 0.319911 0.119346 0.0367072 0.023335
 0.51372 0.252672 0.149677 0.0558387 0.028092
 0.681285 0.169439 0.0775646 0.0459473 0.0257648
 0.716812 0.199891 0.0442831 0.0202717 0.0187421
 0.801676 0.150299 0.0338993 0.00750991 0.00661629
 0.788112 0.176674 0.0266866 0.00601906 0.0025082
 0.655321 0.276378 0.0569501 0.00860229 0.00274872
 0.665117 0.223796 0.0890749 0.0183546 0.00365835
 0.657371 0.230847 0.074702 0.0297328 0.00734784
 0.734757 0.176279 0.0599399 0.0193966 0.00962808
 0.677936 0.238701 0.0554023 0.0188384 0.0091221
 0.663187 0.229463 0.0795638 0.0184667 0.00931978
 0.722729 0.185126 0.0627761 0.021767 0.00760178
 0.703041 0.216047 0.0540224 0.0183189 0.00857019
 0.41257 0.415718 0.124926 0.0312377 0.0155483
 0.538372 0.192545 0.190427 0.0572248 0.0214312
pobs_pel_tallas
 0 0 0 0 0 0 0 0 0 0 0 0 0 0 0 0 0 0 0 0 0 0 0 0 0 0 0 0 0 0 0 0 0 0 0 0
 0 0 0 0 0 0 0 0 0 0 0 0 0 0 0 0 0 0 0 0 0 0 0 0 0 0 0 0 0 0 0 0 0 0 0 0
 0 0 0 0 0 0 0 0 0 0 0 0 0 0 0 0 0 0 0 0 0 0 0 0 0 0 0 0 0 0 0 0 0 0 0 0
 0 0 0 0 0 0 0 0 0 0 0 0 0 0 0 0 0 0 0 0 0 0 0 0 0 0 0 0 0 0 0 0 0 0 0 0
 0 0 0 0 0 0 0 0 0 0 0 0 0 0 0 0 0 0 0 0 0 0 0 0 0 0 0 0 0 0 0 0 0 0 0 0
 0 0 0 0 0 0 0 0 0 0 0 0 0 0 0 0 0 0 0 0 0 0 0 0 0 0 0 0 0 0 0 0 0 0 0 0
 0 0 0 0 0 0 0 0 0 0 0 0 0 0 0 0 0 0 0 0 0 0 0 0 0 0 0 0 0 0 0 0 0 0 0 0
 0 0 0 0 0 0 0 0 0 0 0 0 0 0 0 0 0 0 0 0 0 0 0 0 0 0 0 0 0 0 0 0 0 0 0 0
 0 0 0 0 0 0 0 0 0 0 0 0 0 0 0 0 0 0 0 0 0 0 0 0 0 0 0 0 0 0 0 0 0 0 0 0
 0 0 0 0 0 0 0 0 0 0 0 0 0 0 0 0 0 0 0 0 0 0 0 0 0 0 0 0 0 0 0 0 0 0 0 0
 0 0 0 0 0 0 0 0 1.78061e-05 0.00172719 0.00360574 0.0105946 0.0120993 0.0124554 0.0147524 0.0171206 0.0266825 0.0428682 0.0675386 0.121331 0.153587 0.119568 0.100827 0.0573624 0.0630603 0.0341343 0.0324427 0.0444173 0.0211091 0.0280891 0.0125444 0.00206551 0 0 0 0
 0 0 0 0 0 0 0 0 0 0 0 0 0 0 0 0 0 0 0 0 0 0 0 0 0 0 0 0 0 0 0 0 0 0 0 0
 0 0 0 0 0 0 0.0133647 0.0140871 0.0187388 0.0205184 0.03894 0.0496705 0.03968 0.0493445 0.0407372 0.0367815 0.0215668 0.0243155 0.0234873 0.0199281 0.019796 0.0243948 0.0301388 0.0376714 0.0412746 0.0863199 0.0771752 0.113111 0.0741005 0.0525337 0.0229764 0.00759418 0.00175318 0 0 0
 0 0 0 0 0 0 0 0 0 0 0.00219441 0.00772107 0.0458388 0.0604681 0.0671733 0.0775358 0.0609151 0.0617685 0.073594 0.0568108 0.0755445 0.0548602 0.0670107 0.0636378 0.0643287 0.046367 0.0373049 0.0286899 0.0247887 0.0153202 0.00654259 0.00121912 0.000365735 0 0 0
 0 0 0 0 0 0 0 0 0 0 0 0 0.000112435 0.00938835 0.0111873 0.0202946 0.0414886 0.0713402 0.111592 0.104902 0.108894 0.110636 0.117776 0.105296 0.107544 0.0401394 0.0192827 0.0124803 0.00416011 0.0028671 0.000618394 0 0 0 0 0
 0 0 0 0 0 0 0 0 0 0 0.00291406 0.0102884 0.027416 0.0768956 0.0749926 0.110853 0.0956884 0.0897413 0.0766577 0.0534642 0.0500743 0.0551293 0.0594112 0.0620874 0.0668451 0.0424026 0.0208742 0.0120726 0.0048766 0.00582813 0.00118941 0.000297354 0 0 0 0
 0 0.00264628 0.0354308 0.0461629 0.0458689 0.0383711 0.0214643 0.0164657 0.0346957 0.0420465 0.0363128 0.0245516 0.0311673 0.0291091 0.0169068 0.0133784 0.00837989 0.0085269 0.0148486 0.0160247 0.0276389 0.0546898 0.0760071 0.122758 0.109233 0.0665981 0.0333725 0.0166128 0.00676272 0.00308733 0.000882094 0 0 0 0 0
 0 0 0 0 0 0 0 0.000805153 0.000690131 0.00759144 0.0133425 0.0154129 0.00931677 0.000345066 0.00356568 0.00563607 0.00851162 0.0253048 0.0502646 0.0516448 0.0657925 0.0565908 0.0611916 0.0827007 0.0866115 0.110766 0.145733 0.0935128 0.0569358 0.0249597 0.0138026 0.00621118 0.00161031 0.00115022 0 0
 0 0 0 0 0 0 0 0 0 0 0 0 0 0 0 0 0 0 0 0 0 0 0 0 0 0 0 0 0 0 0 0 0 0 0 0
 0.00147267 0.00158595 0.00478618 0.00569244 0.00954404 0.0108468 0.00647125 0.017049 0.0510054 0.094081 0.124002 0.0959785 0.0687766 0.0820023 0.061753 0.0591476 0.0492212 0.0479892 0.0443925 0.0268479 0.0217502 0.0140895 0.0121071 0.0120363 0.00920419 0.00665534 0.0049561 0.00860946 0.00930331 0.0156896 0.0114698 0.00855282 0.00243557 0.00046729 0 2.83206e-05
 0 0 0 0 0.000772559 0.00158375 0.000888443 0.00281984 0.00712685 0.0440552 0.0773331 0.111326 0.0921469 0.0852325 0.0710754 0.0886704 0.0786465 0.0553345 0.0373146 0.0185414 0.00753245 0.00457741 0.012979 0.0271748 0.0457355 0.0583668 0.034881 0.0177882 0.00938659 0.00492506 0.0015258 0.00185414 0.000309023 5.79419e-05 3.86279e-05 0
 0 0.00173294 0.00326652 0 0.00397197 0.00683976 0.00946217 0.0152591 0.00757587 0.0136028 0.0228656 0.0392903 0.0559909 0.0764795 0.0681675 0.0726916 0.0566044 0.0477403 0.0527397 0.0444891 0.0609904 0.0582453 0.0661739 0.0445044 0.0529084 0.0360697 0.0280645 0.0235558 0.0158879 0.00826598 0.00280645 0.00217768 0.000904811 0.00058276 9.20147e-05 0
 0 0 0 0 0 0 0 0 0 0 0 0 0 0 0 0 0 0 0 0 0 0 0 0 0 0 0 0 0 0 0 0 0 0 0 0
 0 0 0 0 0 0 0 0 0 0 0 0 0 0 0 0 0 0 0 0 0 0 0 0 0 0 0 0 0 0 0 0 0 0 0 0
 0 0 0 0 0 0 0 0 0 0 0 0 0 0 0 0 0 0 0 0 0 0 0 0 0 0 0 0 0 0 0 0 0 0 0 0
 0 0 0 0 0 0 0 0 0 0 0 0 0 0 0 0 0 0 0 0 0 0 0 0 0 0 0 0 0 0 0 0 0 0 0 0
ppred_pel_tallas
 1.01067e-16 3.43655e-05 0.000201703 0.000958815 0.00369151 0.0115116 0.0290774 0.0594961 0.0986204 0.132442 0.144115 0.127102 0.0909447 0.052997 0.0255729 0.0110141 0.00555669 0.00477402 0.00595537 0.00791457 0.010174 0.0124538 0.0145005 0.0160783 0.0170083 0.017206 0.0166965 0.0156003 0.0140977 0.0123832 0.0106261 0.00894814 0.00741882 0.00606517 0.00488771 0.00387513
 1.01163e-16 3.20713e-05 0.000188228 0.000894744 0.0034448 0.0107423 0.0271342 0.0555204 0.0920325 0.123601 0.134512 0.118672 0.0849992 0.0497067 0.0243109 0.0110271 0.0063717 0.00623243 0.00807692 0.0107644 0.01378 0.0167633 0.0193637 0.0212567 0.0222057 0.0221154 0.0210516 0.0192176 0.0168985 0.0143918 0.011948 0.0097359 0.0078369 0.00626156 0.00497702 0.00393321
 1.0212e-16 2.54473e-05 0.00014933 0.000709796 0.00273267 0.00852149 0.0215248 0.0440441 0.0730133 0.0980713 0.106764 0.0942763 0.0677101 0.0399683 0.0202431 0.0103596 0.00762286 0.00882217 0.0119603 0.0160833 0.0206615 0.025222 0.0292605 0.0322973 0.0339744 0.0341347 0.0328525 0.0304013 0.0271758 0.0235941 0.0200132 0.0166805 0.0137251 0.0111807 0.00902247 0.00720144
 1.02642e-16 2.95134e-05 0.000173213 0.00082336 0.00316996 0.00988519 0.0249692 0.0510908 0.08469 0.11374 0.123783 0.109212 0.078234 0.045773 0.0224311 0.0102541 0.00604658 0.00603819 0.0079152 0.0106463 0.0137758 0.0169857 0.0199594 0.0223911 0.0240401 0.0247788 0.0246125 0.0236635 0.0221284 0.0202236 0.0181404 0.0160187 0.0139449 0.0119642 0.0100999 0.00836843
 1.02279e-16 3.08039e-05 0.000180789 0.000859378 0.00330863 0.0103177 0.0260616 0.0533258 0.0883947 0.118715 0.129195 0.113982 0.0816404 0.0477442 0.0233553 0.0106031 0.00614511 0.0060371 0.00785478 0.0105132 0.0135304 0.016573 0.0193151 0.0214497 0.0227459 0.0230977 0.0225431 0.0212435 0.0194345 0.0173646 0.0152441 0.0132154 0.011351 0.00966935 0.0081588 0.00679958
 1.03039e-16 2.40187e-05 0.000140943 0.00066992 0.00257913 0.0080427 0.0203154 0.0415696 0.0689122 0.092565 0.100776 0.089004 0.0639567 0.0378198 0.0192792 0.0100703 0.00766314 0.00903847 0.0123163 0.0165916 0.021348 0.0261113 0.0303708 0.0336381 0.0355468 0.035932 0.0348612 0.0326018 0.0295415 0.0260903 0.0225962 0.0192973 0.0163161 0.0136832 0.0113762 0.00935444
 1.03161e-16 2.92558e-05 0.000171701 0.000816176 0.0031423 0.00979895 0.0247514 0.0506449 0.0839507 0.112747 0.1227 0.108252 0.0775372 0.0453468 0.0221882 0.0100867 0.00587275 0.00580895 0.00760502 0.0102465 0.0132938 0.0164482 0.0194123 0.0218973 0.0236715 0.0246058 0.0246923 0.0240302 0.0227871 0.0211502 0.0192858 0.0173174 0.0153238 0.0133522 0.0114347 0.00960117
 1.03286e-16 2.62863e-05 0.00015426 0.000733243 0.00282296 0.00880307 0.022236 0.0454989 0.0754235 0.101304 0.110271 0.0973435 0.0698489 0.041102 0.0205796 0.0101447 0.00699206 0.00779108 0.0104811 0.014103 0.0181635 0.0222521 0.0259386 0.0288136 0.0305687 0.0310633 0.0303496 0.0286446 0.0262635 0.0235377 0.0207454 0.0180735 0.0156142 0.0133878 0.0113755 0.0095494
 1.03087e-16 2.85998e-05 0.000167848 0.000797851 0.00307173 0.00957889 0.0241956 0.0495079 0.0820668 0.110219 0.119957 0.105848 0.0758519 0.0444346 0.0218784 0.0101753 0.00623884 0.00642217 0.00848389 0.0114161 0.0147577 0.0181722 0.0213196 0.0238725 0.0255767 0.0263023 0.0260648 0.0250062 0.0233469 0.0213253 0.0191474 0.0169588 0.0148427 0.0128348 0.0109469 0.00918467
 1.02984e-16 2.75975e-05 0.00016196 0.000769854 0.00296393 0.00924269 0.0233464 0.0477707 0.0791883 0.106357 0.115762 0.10217 0.0732654 0.0430187 0.0213654 0.010245 0.00669526 0.00720744 0.00961651 0.0129296 0.0166614 0.0204293 0.0238394 0.0265162 0.0281751 0.028683 0.0280817 0.0265629 0.0244091 0.0219193 0.0193469 0.0168645 0.0145612 0.0124621 0.010557 0.00882687
 1.04151e-16 2.18587e-05 0.000128261 0.00060963 0.002347 0.0073188 0.0184869 0.0378284 0.0627112 0.084239 0.0917204 0.0810267 0.0582695 0.0345479 0.0177807 0.00956547 0.00761996 0.00921489 0.0126508 0.0171033 0.0220866 0.0271373 0.0317465 0.0354206 0.0377798 0.0386382 0.038035 0.0362044 0.0334999 0.0303005 0.0269311 0.0236181 0.0204856 0.017579 0.0149016 0.012445
 1.05439e-16 2.24237e-05 0.000131585 0.000625443 0.00240791 0.00750875 0.0189666 0.0388095 0.0643355 0.0864145 0.0940723 0.0830647 0.0596487 0.0351925 0.0177956 0.00906837 0.00664346 0.00770732 0.010527 0.0143016 0.0186151 0.0231059 0.0273784 0.0310384 0.0337651 0.0353726 0.0358354 0.0352699 0.0338824 0.0319052 0.0295438 0.0269498 0.0242221 0.0214247 0.0186104 0.0158369
 1.0394e-16 2.97268e-05 0.000174468 0.000829334 0.00319297 0.00995695 0.0251505 0.0514614 0.0853035 0.114562 0.124671 0.10998 0.0787517 0.04601 0.0224246 0.0100448 0.00564096 0.00540865 0.00701902 0.00944753 0.0122639 0.0151902 0.017957 0.0203045 0.0220268 0.0230109 0.0232531 0.022844 0.0219313 0.0206746 0.0192084 0.0176244 0.0159733 0.0142795 0.0125602 0.010839
 1.02267e-16 3.12771e-05 0.000183567 0.000872586 0.00335949 0.0104762 0.0264622 0.0541454 0.0897531 0.120539 0.131179 0.115729 0.0828864 0.048461 0.0236834 0.0107131 0.00615294 0.00599464 0.00777367 0.0103865 0.0133437 0.016309 0.0189562 0.0209807 0.0221571 0.0223878 0.0217214 0.0203309 0.0184629 0.016374 0.0142781 0.0123164 0.0105548 0.00900122 0.00763115 0.00641188
 1.01098e-16 3.49756e-05 0.000205285 0.000975845 0.00375708 0.0117161 0.0295939 0.0605529 0.100372 0.134794 0.146673 0.129355 0.0925511 0.0539209 0.0259954 0.0111548 0.00556455 0.00471526 0.00584394 0.0077401 0.00991623 0.0120888 0.0140044 0.0154312 0.016199 0.0162357 0.0155821 0.0143754 0.0128104 0.0110914 0.00939116 0.00782663 0.00645562 0.00528838 0.00430646 0.0034806
 1.00761e-16 3.43852e-05 0.000201816 0.00095935 0.00369356 0.011518 0.0290936 0.0595294 0.0986763 0.132519 0.144205 0.127194 0.0910387 0.0531084 0.0257318 0.0112604 0.0059351 0.00532922 0.00672373 0.00891308 0.011388 0.0138274 0.0159346 0.0174382 0.0181427 0.0179724 0.016988 0.0153662 0.0133525 0.0112024 0.00913046 0.00728071 0.00572122 0.00445806 0.00345858 0.00267426
 1.01323e-16 2.8599e-05 0.000167837 0.000797787 0.00307147 0.00957803 0.0241935 0.0495041 0.0820623 0.110219 0.11997 0.105893 0.0759574 0.0446429 0.0222519 0.0107996 0.00721987 0.0078748 0.01051 0.0140742 0.0180297 0.021937 0.0253427 0.0278216 0.0290621 0.0289367 0.0275289 0.0251024 0.0220295 0.0187011 0.0154483 0.0124972 0.0099604 0.0078578 0.006151 0.00477706
 1.0214e-16 2.90241e-05 0.000170337 0.000809684 0.00311729 0.00972095 0.0245544 0.0502422 0.0832843 0.111855 0.121739 0.107426 0.0769927 0.0451235 0.0222554 0.010413 0.00646623 0.006714 0.00887781 0.0119257 0.0153752 0.0188658 0.0220316 0.0245226 0.0260702 0.0265428 0.0259692 0.0245177 0.0224438 0.0200239 0.0174989 0.0150417 0.012752 0.0106713 0.00880637 0.00715049
 1.02501e-16 2.86866e-05 0.000168355 0.00080026 0.003081 0.00960779 0.0242686 0.0496574 0.0823152 0.110555 0.120325 0.106183 0.0761133 0.0446301 0.0220528 0.0103862 0.00653988 0.00685786 0.00908737 0.0122038 0.0157212 0.0192713 0.0224794 0.0249891 0.0265297 0.026974 0.0263604 0.0248702 0.0227716 0.0203503 0.0178503 0.0154408 0.0132118 0.0111924 0.00937688 0.00774868
 1.02025e-16 3.20587e-05 0.000188158 0.000894415 0.00344354 0.0107384 0.0271243 0.0554999 0.0919975 0.123551 0.13445 0.1186 0.0849087 0.0495758 0.0241026 0.0106912 0.00584867 0.00546012 0.00700152 0.00935616 0.0120506 0.0147797 0.0172532 0.0191982 0.0204071 0.0207815 0.0203485 0.0192444 0.0176713 0.0158453 0.0139509 0.0121161 0.0104097 0.00885445 0.00744746 0.00617786
 1.01938e-16 2.95836e-05 0.000173621 0.000825292 0.00317738 0.00990834 0.0250278 0.0512108 0.0848901 0.114013 0.124088 0.109502 0.078489 0.0460158 0.0227232 0.010676 0.00668334 0.00696975 0.00920543 0.0123261 0.0158231 0.0193099 0.0223965 0.0247168 0.0259996 0.0261285 0.0251648 0.0233215 0.0209025 0.0182268 0.0155636 0.0130951 0.0109116 0.00903003 0.00742379 0.00605086
 1.02275e-16 2.89402e-05 0.000169844 0.000807338 0.00310826 0.00969277 0.0244833 0.0500966 0.0830432 0.111532 0.121388 0.107119 0.0767799 0.0450121 0.0222252 0.0104398 0.00653665 0.00682602 0.00903464 0.0121295 0.0156225 0.0191454 0.022324 0.0248022 0.0263095 0.0267181 0.0260654 0.0245325 0.0223882 0.0199205 0.0173768 0.0149306 0.0126771 0.010649 0.00884274 0.00724187
 1.02055e-16 3.15346e-05 0.00018508 0.000879781 0.00338719 0.0105626 0.0266804 0.0545918 0.0904927 0.121531 0.132255 0.11667 0.0835424 0.0488085 0.0237865 0.010648 0.00596288 0.0056876 0.00734034 0.00981851 0.0126464 0.0155083 0.0181003 0.0201354 0.0213957 0.0217776 0.0213101 0.0201364 0.0184696 0.0165374 0.0145346 0.0125965 0.0107965 0.00915906 0.00768153 0.00635253
 1.01868e-16 3.06774e-05 0.000180044 0.000855835 0.00329499 0.0102751 0.0259541 0.053106 0.0880308 0.118228 0.128669 0.113526 0.0813339 0.0476045 0.0233605 0.0107289 0.00638694 0.00640973 0.00838059 0.0112088 0.0143954 0.0175821 0.0204149 0.0225614 0.0237749 0.0239475 0.0231308 0.0215134 0.019366 0.0169732 0.014576 0.0123381 0.0103417 0.0086043 0.00710533 0.00581088
 1.03709e-16 1.80197e-05 0.000105714 0.000502419 0.00193418 0.0060314 0.0152352 0.0311758 0.0516873 0.0694447 0.0756489 0.0669162 0.0483122 0.029026 0.015641 0.00954215 0.00891601 0.0115608 0.0160794 0.0217304 0.0279744 0.0342229 0.0398119 0.0441012 0.046608 0.0471127 0.0457 0.0427166 0.0386687 0.0340937 0.0294506 0.0250571 0.0210806 0.0175691 0.0145 0.0118247
 1.05734e-16 2.34963e-05 0.000137887 0.000655417 0.00252333 0.00786872 0.0198758 0.0406693 0.0674165 0.0905467 0.0985545 0.0869838 0.0623791 0.0366352 0.0182152 0.00877862 0.00581847 0.00637143 0.00862883 0.0117903 0.0154941 0.0194645 0.0234023 0.0269965 0.0299733 0.0321419 0.0334167 0.0338101 0.0334028 0.0323076 0.0306387 0.0284991 0.0259833 0.0231869 0.020217 0.0171928
pSPR Fmed_Fpbrs
0.432873   0.6 0.325
Fs Fmed_Fpbrs
0.68   0.349947 1.08095
SSBpbr Bo_Bmed_Bpbrs
1.92212e+06  735927  1.05716e+06 528582
Ro
50011.1
SPR SPRFo_SPRFmed_SPRFpbrs
1.03295e+06 447135 335708
log_Ro
10.64
likeval ReclasPelacesDesembMPH_pf_preclas_ppelaces_ptallas_desvR_qrecl_qpela
 62.0058 21.2206 0.0195233 0.000523823 329.449 212.153 83.1347 0 16.0237 4.71367e-05 1.57172e-05 3.81936e-16 0 0 0
q_reclas_q_pelaces
0.37799 1.75774
M
0.7
N
 53768.9 14179.1 5272.1 621.06 0.328462
 66087.8 24537.9 4370.69 1625.12 191.543
 39912.6 30723.2 8396.87 1495.65 621.662
 58321.8 18016.6 8904.03 2433.53 613.626
 98996.8 28431.3 8060.26 3983.49 1363.24
 73190.2 48975 13820.7 3918.17 2599.09
 116253 34983.5 19604.6 5532.39 2608.84
 105063 56348.2 15152.7 8491.49 3526.28
 124702 49721.3 21325.3 5734.63 4548.2
 126985 58559.7 18011.1 7724.91 3724.87
 65173.1 60245.4 22475.3 6912.68 4394.43
 42110.8 29407.3 17420.1 6498.78 3269.48
 43644.1 19094.1 8740.8 5177.83 2903.45
 23822 18719.4 4147.02 1898.4 1755.16
 16794.4 9042.03 2039.4 451.799 398.039
 18752.8 6343.35 958.161 216.11 90.0551
 14958.6 8369.81 1724.67 260.511 83.242
 16957.1 6902.99 2747.52 566.15 112.842
 19500 8014.68 2593.55 1032.28 255.107
 32962.6 9296.12 3160.95 1022.88 507.74
 41362.4 15696.4 3643.12 1238.77 599.847
 52767.3 20144.8 6984.99 1621.21 818.193
 88649.3 25543.3 8661.7 3003.35 1048.88
 124574 42698.5 10676.7 3620.46 1693.77
 54482 60134.3 18070.8 4518.6 2249.09
 67197.6 26423 26132.4 7852.98 2941.01
pred_Ctot
 3147.71 3974.25 1477.72 174.077 0.0920647
 3045.63 5604.74 998.315 371.196 43.7505
 2626.22 9487.14 2592.9 461.847 191.965
 769.034 1291.61 638.332 174.461 43.9911
 268.468 431.87 122.435 60.509 20.7075
 1976.39 6914.72 1951.33 553.201 366.963
 2003.1 3239.89 1815.62 512.366 241.61
 3559.99 9791.71 2633.11 1475.58 612.768
 4889.94 9850.66 4224.92 1136.13 901.079
 4085.11 9707.77 2985.8 1280.6 617.492
 4305.79 18665.4 6963.33 2141.7 1361.49
 2645.95 8742.57 5178.88 1932.04 971.994
 4313.73 8095.08 3705.72 2195.18 1230.94
 4100.02 11413.2 2528.44 1157.45 1070.12
 2937.23 5562.86 1254.68 277.957 244.882
 1373.48 2136.23 322.676 72.7785 30.3275
 763.861 2089.21 430.5 65.0269 20.7783
 589.627 1227.89 488.723 100.706 20.0721
 562.205 1201.97 388.957 154.812 38.2585
 976.071 1428.74 485.813 157.209 78.0357
 572.989 1179.95 273.866 93.1223 45.0926
 957.464 1959.58 679.463 157.703 79.5895
 1920.11 2936.67 995.819 345.29 120.587
 2505.73 4578.69 1144.9 388.233 181.628
 916.394 5442.82 1635.61 408.983 203.567
 1175.76 2483.05 2455.74 737.968 276.375
F
 0.0844755 0.476845 0.476845 0.476845 0.476845
 0.0659656 0.372361 0.372361 0.372361 0.372361
 0.0954006 0.538515 0.538515 0.538515 0.538515
 0.0184855 0.104346 0.104346 0.104346 0.104346
 0.00377718 0.0213213 0.0213213 0.0213213 0.0213213
 0.0381855 0.215549 0.215549 0.215549 0.215549
 0.0242165 0.136697 0.136697 0.136697 0.136697
 0.0481252 0.271656 0.271656 0.271656 0.271656
 0.0558826 0.315445 0.315445 0.315445 0.315445
 0.0456406 0.257631 0.257631 0.257631 0.257631
 0.0958056 0.540801 0.540801 0.540801 0.540801
 0.0909229 0.513239 0.513239 0.513239 0.513239
 0.146506 0.826991 0.826991 0.826991 0.826991
 0.268728 1.51691 1.51691 1.51691 1.51691
 0.273638 1.54462 1.54462 1.54462 1.54462
 0.106713 0.602372 0.602372 0.602372 0.602372
 0.07333 0.413932 0.413932 0.413932 0.413932
 0.0494131 0.278926 0.278926 0.278926 0.278926
 0.040817 0.230403 0.230403 0.230403 0.230403
 0.0419425 0.236756 0.236756 0.236756 0.236756
 0.0194284 0.109669 0.109669 0.109669 0.109669
 0.0255163 0.144034 0.144034 0.144034 0.144034
 0.0305258 0.172311 0.172311 0.172311 0.172311
 0.0283206 0.159863 0.159863 0.159863 0.159863
 0.0236336 0.133406 0.133406 0.133406 0.133406
 0.024595 0.138833 0.138833 0.138833 0.138833
Np
 34754.8 16221.3 11394.1 3996.65 5335.95
YTP_r0W_actual
 10581.8 63069.5 86687.4 30551.9 12436.9
YTP_p0W_proyectada
 12364.5 152369 77694.2 98129.5 46868.3
 12364.5 75912.9 77515.2 34723 51445.7
CTP_r0_actual
 1175.76 2483.05 2455.74 737.968 276.375
CTP_p0_proyectada
 1507.86 7054.13 2474.34 2447.12 1053.22
 1507.86 3514.49 2468.64 865.911 1156.08
Wmedp
 8.2 21.6 31.4 40.1 44.5
nmprior
 10.6 11 7 0
nm_flota  nm_reclas  nm_pelaces    nm_pelaL
inf 14.2939 17.787 56.2526
cv_recla  cv_pelaces  cv_mph
0.696608 0.504625 0.62291
 ------------------------------------------------
Talla a la edad & desviaci?n 
 7.2 14.2025 17.0495 18.207 18.6776
 1.08 2.13037 2.55742 2.73105 2.80164
