years
 1997 1998 1999 2000 2001 2002 2003 2004 2005 2006 2007 2008 2009 2010 2011 2012 2013 2014 2015 2016 2017 2018 2019 2020 2021 2022
reclasobs
 0 0 0 370054 412103 1.49427e+06 250295 1.28982e+06 931140 785840 897777 1.04006e+06 184774 17550 25797 100020 73551 82996 120727 218422 84188 347160 605670 569463 516374 1.08416e+06
reclaspred
 446781 120175 337753 237102 367422 457405 994869 672091 747920 736060 610303 416418 253099 105767 65235.4 65055.7 80149.7 108494 118238 164396 246220 230640 397574 537755 688029 638917
pelacesobs
 0 0 0 0 0 0 0 0 0 2.06254e+06 1.5e+06 0 1.87456e+06 323000 250000 174000 83755 137374 0 501740 490994 745055 786931 1.00524e+06 1.33801e+06 1.41789e+06
pelacespred
 1.89101e+06 393775 722908 767208 1.05193e+06 998594 2.68795e+06 2.13145e+06 2.17083e+06 2.13116e+06 1.50539e+06 1.06463e+06 653337 215160 140810 148451 191379 268407 288976 404389 693612 609476 860886 1.32944e+06 1.63761e+06 1.66447e+06
mphobs
 0 0 0 0 0 112323 0 153150 637223 0 255016 313432 73983 77613 109348 50772 17779 17303 59886 28197 0 207744 136588 643089 65757 0
mphpred
 144384 83370 98427 105610 119264 195584 284596 346964 294646 306613 306873 212102 131005 67957.9 29318.5 24485.5 28745 38652.6 48311.3 56013.8 85124.2 103707 129226 185733 279684 291749
desembarqueobs
 350755 77701 442110 56441 14545 235359 269955 359681 431902 328805 639364 411747 362871 311530 167758 66681 60226 58785 57116 73181 50977 67692 138656 160484 209506 203330
desembarquepred
 350767 77703.7 442141 56444.7 14545.3 235438 270017 359710 431983 328842 639481 411895 363065 311765 167657 66685.1 60255 58784.4 57107 73182.3 50980 67686 138665 160499 209502 203324
Reclutas
 39876.2 48186.7 27271 40216.6 69773 50501.3 87821 82650.6 105840 118338 64510.6 44047.5 45343.9 24422.3 15238.8 14762.9 11237.1 12766.7 14405.7 23607.7 30410.1 38318.1 63459.1 89060 39719.6 47914.1
log_desv_Rt
 0.0135349 0.202838 -0.366423 0.0220352 0.573002 0.249754 0.803056 0.742377 0.989686 1.1013 0.494585 0.113024 0.142031 -0.476748 -0.948401 -0.980125 -1.25303 -1.1254 -1.00462 -0.510671 -0.257471 -0.0263217 0.47815 0.817066 0.00960093 0.197164
SSB
 466281 269240 317866 341064 385159 631633 919090 1.12051e+06 951548 990196 991035 684977 423076 219467 94683.1 79075 92830.8 124827 156019 180894 274905 334918 417331 599817 903228 942194
BT
 1.65913e+06 406708 759727 599632 754842 878234 2.10117e+06 1.90744e+06 1.93683e+06 1.81997e+06 1.62882e+06 1.12026e+06 813381 441358 238000 159735 184608 237013 251116 345798 532380 487744 701734 1.06905e+06 1.29907e+06 1.33228e+06
Ftot
 0.911891 0.777852 1.23714 0.244472 0.0443556 0.427935 0.26561 0.527624 0.59871 0.459548 0.891329 0.801161 1.30209 2.56182 2.88065 1.16942 0.827704 0.55493 0.452899 0.466415 0.215113 0.266182 0.321491 0.307469 0.25119 0.244595
BD_Bspro_t
 0.915317 0.659372 0.598017 0.436113 0.593016 0.75516 0.709885 0.724606 0.658837 0.624688 0.596383 0.43357 0.324544 0.222124 0.122197 0.125402 0.192437 0.31221 0.4191 0.515314 0.642964 0.742346 0.750666 0.760442 0.781429 0.736537
BD_Bspro
 0.573853 0.331354 0.391199 0.419749 0.474015 0.777351 1.13113 1.37901 1.17107 1.21864 1.21967 0.843002 0.52068 0.270099 0.116527 0.0973178 0.114247 0.153625 0.192013 0.222627 0.338326 0.412184 0.51361 0.738196 1.1116 1.15956
BD_Bo
 0.418496 0.241648 0.285291 0.306111 0.345687 0.566902 0.8249 1.00568 0.854032 0.888719 0.889472 0.614779 0.379718 0.196976 0.0849798 0.0709713 0.0833174 0.112034 0.14003 0.162356 0.246732 0.300595 0.374562 0.538347 0.810664 0.845636
BD_Brms
 0.760902 0.43936 0.51871 0.556566 0.628521 1.03073 1.49982 1.8285 1.55279 1.61585 1.61722 1.11778 0.690397 0.358138 0.154509 0.129039 0.151486 0.203699 0.254601 0.295193 0.448604 0.546536 0.681022 0.978812 1.47393 1.53752
S_f
 0.113371 0.708411 0.978796 0.998861 0.99994
 0.113371 0.708411 0.978796 0.998861 0.99994
 0.113371 0.708411 0.978796 0.998861 0.99994
 0.113371 0.708411 0.978796 0.998861 0.99994
 0.113371 0.708411 0.978796 0.998861 0.99994
 0.113371 0.708411 0.978796 0.998861 0.99994
 0.113371 0.708411 0.978796 0.998861 0.99994
 0.113371 0.708411 0.978796 0.998861 0.99994
 0.113371 0.708411 0.978796 0.998861 0.99994
 0.113371 0.708411 0.978796 0.998861 0.99994
 0.113371 0.708411 0.978796 0.998861 0.99994
 0.113371 0.708411 0.978796 0.998861 0.99994
 0.113371 0.708411 0.978796 0.998861 0.99994
 0.113371 0.708411 0.978796 0.998861 0.99994
 0.113371 0.708411 0.978796 0.998861 0.99994
 0.113371 0.708411 0.978796 0.998861 0.99994
 0.113371 0.708411 0.978796 0.998861 0.99994
 0.113371 0.708411 0.978796 0.998861 0.99994
 0.113371 0.708411 0.978796 0.998861 0.99994
 0.113371 0.708411 0.978796 0.998861 0.99994
 0.113371 0.708411 0.978796 0.998861 0.99994
 0.113371 0.708411 0.978796 0.998861 0.99994
 0.113371 0.708411 0.978796 0.998861 0.99994
 0.113371 0.708411 0.978796 0.998861 0.99994
 0.113371 0.708411 0.978796 0.998861 0.99994
 0.113371 0.708411 0.978796 0.998861 0.99994
Scru_reclas
 0.735379 0.97106 0.997538 0.999796 0.999983
 0.735379 0.97106 0.997538 0.999796 0.999983
 0.735379 0.97106 0.997538 0.999796 0.999983
 0.735379 0.97106 0.997538 0.999796 0.999983
 0.735379 0.97106 0.997538 0.999796 0.999983
 0.735379 0.97106 0.997538 0.999796 0.999983
 0.735379 0.97106 0.997538 0.999796 0.999983
 0.735379 0.97106 0.997538 0.999796 0.999983
 0.735379 0.97106 0.997538 0.999796 0.999983
 0.735379 0.97106 0.997538 0.999796 0.999983
 0.735379 0.97106 0.997538 0.999796 0.999983
 0.735379 0.97106 0.997538 0.999796 0.999983
 0.735379 0.97106 0.997538 0.999796 0.999983
 0.735379 0.97106 0.997538 0.999796 0.999983
 0.735379 0.97106 0.997538 0.999796 0.999983
 0.735379 0.97106 0.997538 0.999796 0.999983
 0.735379 0.97106 0.997538 0.999796 0.999983
 0.735379 0.97106 0.997538 0.999796 0.999983
 0.735379 0.97106 0.997538 0.999796 0.999983
 0.735379 0.97106 0.997538 0.999796 0.999983
 0.735379 0.97106 0.997538 0.999796 0.999983
 0.735379 0.97106 0.997538 0.999796 0.999983
 0.735379 0.97106 0.997538 0.999796 0.999983
 0.735379 0.97106 0.997538 0.999796 0.999983
 0.735379 0.97106 0.997538 0.999796 0.999983
 0.735379 0.97106 0.997538 0.999796 0.999983
Scru_pelaces
 0.924836 1 1 1 1
 0.924836 1 1 1 1
 0.924836 1 1 1 1
 0.924836 1 1 1 1
 0.924836 1 1 1 1
 0.924836 1 1 1 1
 0.924836 1 1 1 1
 0.924836 1 1 1 1
 0.924836 1 1 1 1
 0.924836 1 1 1 1
 0.924836 1 1 1 1
 0.924836 1 1 1 1
 0.924836 1 1 1 1
 0.924836 1 1 1 1
 0.924836 1 1 1 1
 0.924836 1 1 1 1
 0.924836 1 1 1 1
 0.924836 1 1 1 1
 0.924836 1 1 1 1
 0.924836 1 1 1 1
 0.924836 1 1 1 1
 0.924836 1 1 1 1
 0.924836 1 1 1 1
 0.924836 1 1 1 1
 0.924836 1 1 1 1
 0.924836 1 1 1 1
pf_obs 
 0.256992 0.487395 0.22802 0.0275931 0
 0.321318 0.546541 0.124235 0.00734118 0.000564706
 0.182869 0.594174 0.210203 0.0122559 0.00049798
 0.330522 0.361315 0.267642 0.0388342 0.00168674
 0.649043 0.306663 0.0425973 0.00169635 0
 0.582887 0.30429 0.105238 0.00758474 0
 0.465427 0.430635 0.0974691 0.00646863 0
 0.296916 0.608066 0.0921331 0.00288517 0
 0.311714 0.524322 0.152257 0.0117073 0
 0.15457 0.633149 0.183074 0.0267441 0.00246327
 0.131901 0.49318 0.331252 0.0422183 0.00144891
 0.196976 0.569456 0.194076 0.0375587 0.00193317
 0.518974 0.381816 0.0799577 0.0180837 0.00116848
 0.0928022 0.601141 0.25162 0.0475244 0.00691264
 0.122501 0.610282 0.24278 0.0234846 0.000952079
 0.383417 0.481906 0.127806 0.00687128 0
 0.0376549 0.599619 0.316969 0.0457579 0
 0.0361596 0.667082 0.258105 0.0386534 0
 0.158088 0.579412 0.248529 0.0139706 0
 0.0477256 0.309471 0.559284 0.082774 0.000745712
 0.0406174 0.521527 0.379366 0.0568643 0.0016247
 0.151134 0.462217 0.34131 0.0453401 0
 0.294876 0.26143 0.354403 0.0886775 0.000613685
 0.281977 0.475581 0.204845 0.0348837 0.00271318
 0.0841818 0.532909 0.334909 0.0458182 0.00218182
 0.115287 0.27431 0.454777 0.147771 0.00785563
pf_pred 
 0.332089 0.458139 0.187541 0.0222172 1.37123e-05
 0.293095 0.559685 0.114326 0.0295028 0.00339039
 0.167212 0.624438 0.178332 0.0234634 0.00655455
 0.264569 0.454234 0.234794 0.0399203 0.00648256
 0.279349 0.480347 0.16706 0.0613798 0.0118638
 0.149522 0.571947 0.204273 0.0519389 0.0223187
 0.244609 0.388277 0.275377 0.0677218 0.0240147
 0.191925 0.537375 0.162735 0.0814458 0.0265191
 0.236149 0.463695 0.224543 0.0459285 0.029684
 0.226498 0.522623 0.17551 0.0567679 0.018602
 0.1311 0.569043 0.226328 0.0518297 0.0216995
 0.137618 0.463652 0.2996 0.0753908 0.0237394
 0.218691 0.441595 0.219543 0.0909641 0.0292068
 0.207928 0.595169 0.136628 0.039468 0.020807
 0.287344 0.583535 0.112808 0.0115202 0.00479261
 0.33383 0.582306 0.0768429 0.00618206 0.000838643
 0.215096 0.626034 0.146256 0.0115917 0.0010227
 0.232415 0.502444 0.228115 0.034165 0.00285986
 0.223596 0.514602 0.193374 0.0590858 0.00934188
 0.286662 0.458036 0.189666 0.0487957 0.0168406
 0.247705 0.535307 0.157346 0.0445942 0.0150478
 0.22276 0.49984 0.215506 0.0451524 0.0167406
 0.270889 0.453447 0.198287 0.0604169 0.0169607
 0.258497 0.509207 0.163234 0.0500012 0.0190608
 0.0955699 0.601836 0.229544 0.0516854 0.0213644
 0.136957 0.321443 0.399861 0.108104 0.0336343
pobs_RECLAS
 0 0 0 0 0
 0 0 0 0 0
 0 0 0 0 0
 0 0 0 0 0
 0.835266 0.146461 0.0176864 0.000547809 3.91292e-05
 0.385257 0.428462 0.181853 0.0044286 0
 0.867414 0.0963971 0.0333333 0.00285562 0
 0.441836 0.489002 0.0689373 0.000224442 0
 0.779404 0.147425 0.0564933 0.0165055 0.000172143
 0.814271 0.122319 0.05973 0.00367925 0
 0.40263 0.566651 0.0304383 0.000280538 0
 0.475488 0.404961 0.113038 0.00651328 0
 0.955842 0.0263864 0.0167828 0.000988607 0
 0.975058 0.0227948 0.00214734 0 0
 0.738997 0.206755 0.0527124 0.00153531 0
 0.850938 0.134255 0.0134407 0.00136685 0
 0.542534 0.407297 0.0501686 0 0
 0.764087 0.199537 0.0359546 0.000420521 0
 0.470689 0.182191 0.310203 0.0369168 0
 0.84361 0.089868 0.0606195 0.00523954 0.000663233
 0.607945 0.314616 0.071237 0.00620181 0
 0.523733 0.453247 0.0230204 0 0
 0.530135 0.295979 0.169645 0.0042399 0
 0.562478 0.366248 0.0663022 0.0049721 0
 0.250443 0.683176 0.0655157 0.000865301 0
 0.195077 0.31981 0.436473 0.0351445 0.0134964
ppred_RECLAS
 0.73009 0.202949 0.0599932 0.00696379 4.29362e-06
 0.683939 0.265539 0.0394084 0.0099695 0.00114453
 0.524238 0.384887 0.0780274 0.0100449 0.002803
 0.656409 0.235883 0.0902075 0.0150575 0.00244292
 0.66804 0.242372 0.0626267 0.0225973 0.00436383
 0.481529 0.382172 0.100468 0.025069 0.0107623
 0.639828 0.212377 0.111379 0.0268898 0.00952665
 0.558721 0.322867 0.0717326 0.0352222 0.0114576
 0.627395 0.253237 0.0897381 0.0180045 0.0116253
 0.607637 0.29043 0.0717187 0.0227628 0.00745203
 0.452942 0.396708 0.114052 0.0255935 0.0107043
 0.474214 0.324345 0.152116 0.0375217 0.0118033
 0.621897 0.245561 0.0863321 0.0349885 0.0112217
 0.627597 0.307621 0.0453679 0.0127189 0.00669493
 0.724936 0.241834 0.0291509 0.00288216 0.00119704
 0.724571 0.249835 0.0234934 0.00184991 0.000250684
 0.588872 0.347331 0.0588253 0.00456971 0.000402767
 0.618296 0.27545 0.0916606 0.0134675 0.00112626
 0.604423 0.288251 0.0796656 0.0238866 0.0037731
 0.682233 0.225724 0.068715 0.0173471 0.00598129
 0.629669 0.28518 0.0620606 0.017269 0.00582193
 0.602066 0.282489 0.0900599 0.0185241 0.00686166
 0.664437 0.231978 0.0749001 0.0224018 0.00628301
 0.645619 0.265435 0.0628502 0.0188984 0.00719759
 0.356435 0.469668 0.132509 0.0292917 0.0120968
 0.476042 0.233854 0.215222 0.0571248 0.0177569
pobs_PELACES
 0 0 0 0 0
 0 0 0 0 0
 0 0 0 0 0
 0 0 0 0 0
 0 0 0 0 0
 0 0 0 0 0
 0 0 0 0 0
 0 0 0 0 0
 0 0 0 0 0
 0 0 0 0 0
 0.450072 0.473896 0.0757376 0.000293798 0
 0 0 0 0 0
 0.463077 0.371075 0.160297 0.00555027 0
 0.529543 0.364841 0.0842815 0.0213345 0
 0.631943 0.363953 0.00410389 0 0
 0.735681 0.248677 0.0153453 0.000297389 0
 0.695825 0.281241 0.0229344 0 0
 0.275771 0.60734 0.115278 0.00161068 0
 0 0 0 0 0
 0.896147 0.0623911 0.0374545 0.00400742 0
 0.803859 0.145111 0.0509908 3.86294e-05 0
 0.739449 0.233085 0.0266225 0.000797448 4.60066e-05
 0.878498 0.100942 0.0204185 0.000141795 0
 0.694673 0.275183 0.0284847 0.00165964 0
 0.469039 0.446079 0.0841089 0.000773354 0
 0.822795 0.102175 0.0682046 0.00682512 0
ppred_PELACES
 0.802182 0.152657 0.0404961 0.00466179 2.87282e-06
 0.7576 0.206736 0.0278645 0.00699708 0.000802917
 0.637582 0.300634 0.0531286 0.00676843 0.00188752
 0.713084 0.199993 0.0728457 0.0121124 0.00196457
 0.714298 0.210366 0.052705 0.0189688 0.00366237
 0.556513 0.33252 0.0819071 0.0203337 0.00872649
 0.700042 0.180599 0.09004 0.0216509 0.00766841
 0.636301 0.271454 0.0560093 0.0273439 0.00889151
 0.703496 0.206724 0.0676015 0.013479 0.00869972
 0.678108 0.242496 0.0559508 0.0176643 0.00578086
 0.553482 0.333211 0.086125 0.0191694 0.00801346
 0.572285 0.273857 0.116402 0.028496 0.00895979
 0.731498 0.183153 0.0558067 0.0223724 0.00717071
 0.779999 0.189303 0.021624 0.00594683 0.00312684
 0.853855 0.132477 0.0120217 0.0011635 0.000482646
 0.803499 0.180314 0.0148704 0.00115927 0.000156999
 0.676289 0.277631 0.042514 0.00327714 0.000288702
 0.692548 0.226554 0.0698434 0.0102012 0.000852775
 0.675002 0.241164 0.0623131 0.0185857 0.00293475
 0.745594 0.18432 0.0523949 0.0131565 0.00453477
 0.686442 0.244043 0.0507159 0.0140603 0.00473893
 0.663939 0.242095 0.0733699 0.0150306 0.00556604
 0.723786 0.194262 0.059331 0.0176675 0.00495369
 0.705525 0.223601 0.0501447 0.0150133 0.00571623
 0.418642 0.429965 0.11547 0.0254253 0.0104972
 0.544687 0.208827 0.183049 0.0483972 0.0150398
pobs_pel_tallas
 0 0 0 0 0 0 0 0 0 0 0 0 0 0 0 0 0 0 0 0 0 0 0 0 0 0 0 0 0 0 0 0 0 0 0 0
 0 0 0 0 0 0 0 0 0 0 0 0 0 0 0 0 0 0 0 0 0 0 0 0 0 0 0 0 0 0 0 0 0 0 0 0
 0 0 0 0 0 0 0 0 0 0 0 0 0 0 0 0 0 0 0 0 0 0 0 0 0 0 0 0 0 0 0 0 0 0 0 0
 0 0 0 0 0 0 0 0 0 0 0 0 0 0 0 0 0 0 0 0 0 0 0 0 0 0 0 0 0 0 0 0 0 0 0 0
 0 0 0 0 0 0 0 0 0 0 0 0 0 0 0 0 0 0 0 0 0 0 0 0 0 0 0 0 0 0 0 0 0 0 0 0
 0 0 0 0 0 0 0 0 0 0 0 0 0 0 0 0 0 0 0 0 0 0 0 0 0 0 0 0 0 0 0 0 0 0 0 0
 0 0 0 0 0 0 0 0 0 0 0 0 0 0 0 0 0 0 0 0 0 0 0 0 0 0 0 0 0 0 0 0 0 0 0 0
 0 0 0 0 0 0 0 0 0 0 0 0 0 0 0 0 0 0 0 0 0 0 0 0 0 0 0 0 0 0 0 0 0 0 0 0
 0 0 0 0 0 0 0 0 0 0 0 0 0 0 0 0 0 0 0 0 0 0 0 0 0 0 0 0 0 0 0 0 0 0 0 0
 0 0 0 0 0 0 0 0 0 0 0 0 0 0 0 0 0 0 0 0 0 0 0 0 0 0 0 0 0 0 0 0 0 0 0 0
 0 0 0 0 0 0 0 0 1.78061e-05 0.00172719 0.00360574 0.0105946 0.0120993 0.0124554 0.0147524 0.0171206 0.0266825 0.0428682 0.0675386 0.121331 0.153587 0.119568 0.100827 0.0573624 0.0630603 0.0341343 0.0324427 0.0444173 0.0211091 0.0280891 0.0125444 0.00206551 0 0 0 0
 0 0 0 0 0 0 0 0 0 0 0 0 0 0 0 0 0 0 0 0 0 0 0 0 0 0 0 0 0 0 0 0 0 0 0 0
 0 0 0 0 0 0 0.0133647 0.0140871 0.0187388 0.0205184 0.03894 0.0496705 0.03968 0.0493445 0.0407372 0.0367815 0.0215668 0.0243155 0.0234873 0.0199281 0.019796 0.0243948 0.0301388 0.0376714 0.0412746 0.0863199 0.0771752 0.113111 0.0741005 0.0525337 0.0229764 0.00759418 0.00175318 0 0 0
 0 0 0 0 0 0 0 0 0 0 0.00219441 0.00772107 0.0458388 0.0604681 0.0671733 0.0775358 0.0609151 0.0617685 0.073594 0.0568108 0.0755445 0.0548602 0.0670107 0.0636378 0.0643287 0.046367 0.0373049 0.0286899 0.0247887 0.0153202 0.00654259 0.00121912 0.000365735 0 0 0
 0 0 0 0 0 0 0 0 0 0 0 0 0.000112435 0.00938835 0.0111873 0.0202946 0.0414886 0.0713402 0.111592 0.104902 0.108894 0.110636 0.117776 0.105296 0.107544 0.0401394 0.0192827 0.0124803 0.00416011 0.0028671 0.000618394 0 0 0 0 0
 0 0 0 0 0 0 0 0 0 0 0.00291406 0.0102884 0.027416 0.0768956 0.0749926 0.110853 0.0956884 0.0897413 0.0766577 0.0534642 0.0500743 0.0551293 0.0594112 0.0620874 0.0668451 0.0424026 0.0208742 0.0120726 0.0048766 0.00582813 0.00118941 0.000297354 0 0 0 0
 0 0.00264628 0.0354308 0.0461629 0.0458689 0.0383711 0.0214643 0.0164657 0.0346957 0.0420465 0.0363128 0.0245516 0.0311673 0.0291091 0.0169068 0.0133784 0.00837989 0.0085269 0.0148486 0.0160247 0.0276389 0.0546898 0.0760071 0.122758 0.109233 0.0665981 0.0333725 0.0166128 0.00676272 0.00308733 0.000882094 0 0 0 0 0
 0 0 0 0 0 0 0 0.000805153 0.000690131 0.00759144 0.0133425 0.0154129 0.00931677 0.000345066 0.00356568 0.00563607 0.00851162 0.0253048 0.0502646 0.0516448 0.0657925 0.0565908 0.0611916 0.0827007 0.0866115 0.110766 0.145733 0.0935128 0.0569358 0.0249597 0.0138026 0.00621118 0.00161031 0.00115022 0 0
 0 0 0 0 0 0 0 0 0 0 0 0 0 0 0 0 0 0 0 0 0 0 0 0 0 0 0 0 0 0 0 0 0 0 0 0
 0.00147267 0.00158595 0.00478618 0.00569244 0.00954404 0.0108468 0.00647125 0.017049 0.0510054 0.094081 0.124002 0.0959785 0.0687766 0.0820023 0.061753 0.0591476 0.0492212 0.0479892 0.0443925 0.0268479 0.0217502 0.0140895 0.0121071 0.0120363 0.00920419 0.00665534 0.0049561 0.00860946 0.00930331 0.0156896 0.0114698 0.00855282 0.00243557 0.00046729 0 2.83206e-05
 0 0 0 0 0.000772559 0.00158375 0.000888443 0.00281984 0.00712685 0.0440552 0.0773331 0.111326 0.0921469 0.0852325 0.0710754 0.0886704 0.0786465 0.0553345 0.0373146 0.0185414 0.00753245 0.00457741 0.012979 0.0271748 0.0457355 0.0583668 0.034881 0.0177882 0.00938659 0.00492506 0.0015258 0.00185414 0.000309023 5.79419e-05 3.86279e-05 0
 0 0.00173294 0.00326652 0 0.00397197 0.00683976 0.00946217 0.0152591 0.00757587 0.0136028 0.0228656 0.0392903 0.0559909 0.0764795 0.0681675 0.0726916 0.0566044 0.0477403 0.0527397 0.0444891 0.0609904 0.0582453 0.0661739 0.0445044 0.0529084 0.0360697 0.0280645 0.0235558 0.0158879 0.00826598 0.00280645 0.00217768 0.000904811 0.00058276 9.20147e-05 0
 0 0 0 0 0 0 0 0 0 0 0 0 0 0 0 0 0 0 0 0 0 0 0 0 0 0 0 0 0 0 0 0 0 0 0 0
 0 0 0 0 0 0 0 0 0 0 0 0 0 0 0 0 0 0 0 0 0 0 0 0 0 0 0 0 0 0 0 0 0 0 0 0
 0 0 0 0 0 0 0 0 0 0 0 0 0 0 0 0 0 0 0 0 0 0 0 0 0 0 0 0 0 0 0 0 0 0 0 0
 0 0 0 0 0 0 0 0 0 0 0 0 0 0 0 0 0 0 0 0 0 0 0 0 0 0 0 0 0 0 0 0 0 0 0 0
ppred_pel_tallas
 1.00786e-16 3.49978e-05 0.000205415 0.000976463 0.00375946 0.0117235 0.0296127 0.0605912 0.100436 0.134879 0.146767 0.12944 0.0926145 0.0539642 0.0260281 0.0111894 0.00561193 0.00478453 0.00594251 0.00787352 0.0100871 0.0122954 0.0142396 0.0156818 0.0164462 0.0164572 0.0157538 0.0144745 0.0128181 0.0109955 0.00918711 0.00751883 0.00605683 0.00481848 0.00379031 0.0029453
 1.00741e-16 3.3056e-05 0.00019401 0.00092223 0.00355063 0.0110723 0.0279678 0.0572261 0.0948594 0.127396 0.138639 0.122306 0.0875856 0.051186 0.0249722 0.011221 0.00633454 0.00606807 0.00780779 0.0103787 0.0132568 0.0160825 0.0185112 0.0202261 0.0209995 0.0207451 0.019537 0.0175858 0.0151832 0.0126319 0.0101862 0.00801641 0.00620237 0.00474991 0.00361825 0.00274713
 1.01173e-16 2.78265e-05 0.000163299 0.00077621 0.00298838 0.00931893 0.023539 0.0481652 0.0798438 0.107242 0.116737 0.103057 0.0739616 0.043547 0.0218485 0.0108402 0.00755154 0.0084513 0.0113447 0.0151937 0.0194442 0.0236235 0.027239 0.0298293 0.0310588 0.0307948 0.0291361 0.0263796 0.0229404 0.0192524 0.0156825 0.0124794 0.00976447 0.0075545 0.00579999 0.00442312
 1.01608e-16 3.11147e-05 0.000182613 0.000868051 0.00334202 0.0104218 0.0263246 0.053864 0.0892867 0.119913 0.130498 0.115131 0.0824618 0.0482212 0.0235825 0.0106961 0.00618522 0.00606557 0.00788836 0.0105578 0.0135875 0.0166405 0.0193862 0.0215119 0.02278 0.0230781 0.0224389 0.0210221 0.0190655 0.0168252 0.0145238 0.0123198 0.0103026 0.0085061 0.00693014 0.00556029
 1.0164e-16 3.1168e-05 0.000182925 0.000869532 0.00334773 0.0104396 0.0263695 0.0539559 0.0894394 0.120119 0.130724 0.115334 0.0826175 0.0483319 0.0236727 0.0107969 0.00632376 0.00626227 0.00815605 0.0108997 0.0139935 0.0170848 0.0198274 0.0218971 0.0230531 0.0231904 0.02236 0.0207465 0.0186154 0.0162464 0.013877 0.0116693 0.00970598 0.00800578 0.0065495 0.00530383
 1.02378e-16 2.42928e-05 0.000142551 0.000677562 0.00260855 0.00813443 0.0205471 0.0420439 0.0696986 0.0936222 0.101929 0.0900277 0.0647035 0.0382838 0.0195565 0.0102801 0.0078979 0.00935631 0.0127498 0.0171533 0.0220293 0.0268784 0.0311633 0.0343727 0.036127 0.0362628 0.0348645 0.0322299 0.0287847 0.0249779 0.0211904 0.0176829 0.0145876 0.0119336 0.00968722 0.00779044
 1.0244e-16 3.05452e-05 0.000179272 0.000852168 0.00328088 0.0102311 0.025843 0.0528783 0.0876525 0.117717 0.128106 0.113013 0.0809296 0.0472948 0.0230736 0.010373 0.00587526 0.00566992 0.00735968 0.00988328 0.0127855 0.0157636 0.018522 0.0207766 0.0223038 0.0229849 0.0228252 0.0219383 0.0205069 0.0187328 0.0167938 0.0148207 0.0128939 0.0110559 0.00932815 0.00772557
 1.02239e-16 2.77694e-05 0.000162967 0.000774637 0.00298233 0.00930008 0.0234914 0.0480675 0.0796811 0.107021 0.11649 0.102825 0.0737622 0.0433647 0.0216374 0.01054 0.00709867 0.00778507 0.0104142 0.0139686 0.0179291 0.02187 0.0253511 0.0279576 0.0293839 0.0295009 0.0283818 0.0262725 0.023521 0.0204913 0.0174888 0.0147185 0.0122788 0.0101844 0.00840041 0.00687539
 1.01897e-16 3.06969e-05 0.00018016 0.000856385 0.00329711 0.0102817 0.0259708 0.0531401 0.088087 0.118303 0.128748 0.113592 0.081371 0.0476065 0.0233249 0.0106518 0.00625994 0.00622111 0.00811954 0.0108704 0.0139855 0.0171206 0.019936 0.022111 0.0234032 0.0237007 0.0230416 0.0215942 0.0196065 0.0173428 0.01503 0.0128266 0.0108178 0.00903101 0.00745899 0.00608172
 1.01751e-16 2.95912e-05 0.000173665 0.000825503 0.00317819 0.00991086 0.0250341 0.0512239 0.0849119 0.114042 0.124121 0.109533 0.0785157 0.0460402 0.0227514 0.0107162 0.00674404 0.0070593 0.00933097 0.0124922 0.0160297 0.0195509 0.0226589 0.0249809 0.0262413 0.0263227 0.0252889 0.0233589 0.0208448 0.0180747 0.0153262 0.0127881 0.0105547 0.00864471 0.00703089 0.00566887
 1.02365e-16 2.41607e-05 0.000141775 0.000673873 0.00259435 0.00809014 0.0204353 0.0418149 0.0693192 0.0931129 0.101376 0.0895402 0.0643568 0.038086 0.0194692 0.0102566 0.00790714 0.00938517 0.0127963 0.0172202 0.0221207 0.0269979 0.0313132 0.0345535 0.0363367 0.0364969 0.0351161 0.0324901 0.0290434 0.0252245 0.021415 0.0178775 0.0147468 0.012055 0.00977157 0.00784136
 1.0314e-16 2.49783e-05 0.00014658 0.000696729 0.00268237 0.00836464 0.0211286 0.0432331 0.0716682 0.0962621 0.104789 0.0925172 0.0664151 0.0391408 0.0197087 0.00990134 0.00706646 0.00805189 0.0109076 0.0147222 0.0190164 0.0233778 0.0273654 0.0305521 0.0326064 0.0333617 0.032844 0.0312473 0.0288707 0.0260394 0.0230368 0.0200667 0.0172481 0.0146339 0.0122395 0.0100668
 1.01956e-16 3.19169e-05 0.000187324 0.000890452 0.00342828 0.0106908 0.027004 0.055254 0.0915901 0.123004 0.133857 0.118081 0.084546 0.0493819 0.0240416 0.0107203 0.00594353 0.00561598 0.00722404 0.00965174 0.0124198 0.0152133 0.0177311 0.0196902 0.0208775 0.0211942 0.0206736 0.0194627 0.0177775 0.0158471 0.0138662 0.0119689 0.0102254 0.00865593 0.00725282 0.00599947
 1.0072e-16 3.4032e-05 0.000199741 0.000949482 0.00365556 0.0113995 0.0287943 0.0589171 0.0976618 0.131158 0.142727 0.125898 0.0901282 0.0526115 0.0255549 0.0112915 0.0061063 0.00562129 0.00714426 0.00947452 0.0120934 0.0146625 0.0168648 0.0184111 0.0190944 0.0188379 0.0177124 0.0159134 0.01371 0.011381 0.00915913 0.0071989 0.00557088 0.00427702 0.00327635 0.00251046
 1.00277e-16 3.72501e-05 0.00021864 0.00103934 0.00400156 0.0124785 0.0315197 0.0644929 0.106902 0.14356 0.156205 0.137744 0.0985145 0.057317 0.0274854 0.0115398 0.00537988 0.00418912 0.00501772 0.00658053 0.00837621 0.0101343 0.011626 0.0126477 0.0130559 0.0127992 0.0119311 0.0105937 0.00898114 0.00729435 0.00570119 0.00431318 0.00318104 0.00230522 0.00165407 0.00118217
 1.00318e-16 3.50563e-05 0.000205756 0.000978078 0.00376567 0.0117429 0.0296616 0.0606916 0.100603 0.135106 0.147019 0.129675 0.0928126 0.0541385 0.0262216 0.0114576 0.00601201 0.00536831 0.00675061 0.00892537 0.0113688 0.0137499 0.0157638 0.0171347 0.0176677 0.017294 0.0160878 0.0142443 0.0120297 0.00971923 0.00754262 0.00565243 0.00411766 0.00293825 0.00206984 0.00144898
 1.00821e-16 2.95133e-05 0.000173205 0.000823306 0.00316972 0.00988444 0.0249674 0.0510877 0.0846871 0.113743 0.123804 0.109272 0.0783683 0.0460346 0.0228981 0.0110331 0.00726909 0.00784578 0.0104318 0.0139402 0.017818 0.0216176 0.0248813 0.0271833 0.0282159 0.0278613 0.0262174 0.0235665 0.0203005 0.0168282 0.0134945 0.0105325 0.00805417 0.00607186 0.00453395 0.00336103
 1.01456e-16 3.02203e-05 0.00017736 0.000843071 0.00324584 0.0101218 0.025567 0.052314 0.0867183 0.116467 0.126755 0.111846 0.0801486 0.0469477 0.0231071 0.0107292 0.00654742 0.00670088 0.00881019 0.0117959 0.0151542 0.0185124 0.0214968 0.0237551 0.0250227 0.0251807 0.0242781 0.0225093 0.0201583 0.0175277 0.0148786 0.0123943 0.0101743 0.00825005 0.00661007 0.00522477
 1.01739e-16 2.94558e-05 0.00017287 0.000821723 0.00316364 0.00986548 0.0249195 0.0509893 0.0845231 0.11352 0.123553 0.109032 0.0781572 0.0458314 0.022651 0.0106739 0.00672497 0.00704691 0.00932063 0.0124856 0.0160322 0.0195706 0.0227059 0.025066 0.0263741 0.0265092 0.0255298 0.0236484 0.0211705 0.0184192 0.0156692 0.0131096 0.0108377 0.00887736 0.00720759 0.00579015
 1.01468e-16 3.25316e-05 0.000190933 0.000907608 0.00349434 0.0108968 0.0275244 0.0563186 0.0933548 0.125374 0.136435 0.120353 0.0861681 0.05032 0.0244805 0.0108851 0.00598948 0.0056166 0.0072015 0.00960437 0.0123353 0.0150731 0.0175121 0.0193667 0.0204237 0.0205878 0.0198997 0.0185173 0.0166693 0.0145986 0.0125121 0.0105532 0.00879682 0.00726344 0.0059406 0.00480329
 1.01505e-16 2.99547e-05 0.000175799 0.000835647 0.00321725 0.0100327 0.0253418 0.0518534 0.0859553 0.115443 0.125646 0.110877 0.0794759 0.046597 0.0230147 0.0108197 0.00678045 0.00707285 0.00933517 0.0124857 0.0160039 0.0194922 0.0225501 0.0248026 0.0259747 0.0259522 0.0248053 0.022762 0.0201447 0.0172912 0.0144867 0.0119248 0.00970106 0.00783129 0.006283 0.00500451
 1.01897e-16 2.89734e-05 0.000170038 0.000808259 0.0031118 0.00970381 0.0245112 0.0501538 0.0831383 0.111661 0.121531 0.107251 0.0768883 0.0451031 0.0223207 0.0105686 0.0067274 0.00710487 0.00942246 0.0126375 0.0162469 0.0198621 0.023087 0.0255466 0.0269591 0.0271971 0.0263114 0.0245065 0.0220812 0.0193531 0.0165944 0.013995 0.0116562 0.00960802 0.00783767 0.00631521
 1.01745e-16 3.15811e-05 0.000185352 0.000881072 0.00339216 0.0105781 0.0267196 0.054672 0.0906258 0.121711 0.132452 0.116849 0.08368 0.0489086 0.0238718 0.0107475 0.00610319 0.00589049 0.00762197 0.0101874 0.0130996 0.0160283 0.0186532 0.0206733 0.0218625 0.0221169 0.0214749 0.0200968 0.0182175 0.0160866 0.0139177 0.011859 0.00998924 0.00833185 0.00687794 0.00560665
 1.01568e-16 3.0786e-05 0.000180681 0.000858861 0.00330664 0.0103114 0.0260459 0.0532938 0.0883423 0.118647 0.129126 0.113933 0.0816325 0.0477938 0.0234801 0.0108283 0.00650547 0.00657343 0.00860495 0.0115003 0.01475 0.0179834 0.0208325 0.0229538 0.0240935 0.0241446 0.0231674 0.0213656 0.019029 0.016462 0.0139216 0.0115826 0.00953194 0.00778569 0.00631738 0.00508425
 1.03144e-16 1.82851e-05 0.000107271 0.000509816 0.00196265 0.0061202 0.0154595 0.0316349 0.0524486 0.0704681 0.0767651 0.0679069 0.0490348 0.0294746 0.0159084 0.00974327 0.00913999 0.0118632 0.0164908 0.022262 0.0286169 0.0349424 0.0405496 0.0447764 0.0471285 0.0473888 0.0456596 0.042318 0.0379076 0.0330035 0.0280957 0.0235223 0.0194582 0.0159475 0.0129545 0.0104123
 1.05033e-16 2.37724e-05 0.000139506 0.00066311 0.00255295 0.00796107 0.0201091 0.0411467 0.0682083 0.0916113 0.099716 0.0880156 0.0631335 0.0371072 0.018503 0.00900412 0.00607734 0.00672486 0.00911202 0.0124174 0.0162563 0.0203252 0.0242955 0.0278305 0.0306422 0.0325406 0.0334588 0.033442 0.0326133 0.0311277 0.0291361 0.0267665 0.0241245 0.0213038 0.0183992 0.015511
pSPR Fmed_Fpbrs
0.495717   0.6 0.325
Fs Fmed_Fpbrs
0.68   0.437818 1.47546
SSBpbr Bo_Bmed_Bpbrs
1.11418e+06  496610  612801 306401
Ro
39340.1
SPR SPRFo_SPRFmed_SPRFpbrs
812544 402792 264077
log_Ro
10.4
likeval ReclasPelacesDesembMPH_pf_preclas_ppelaces_ptallas_desvR_qrecl_qpela
 63.1881 17.3464 0.00950463 0.000494245 324.118 207.218 82.7076 0 15.8735 1.36994e-05 4.63459e-05 5.12558e-15 0 0 0
q_reclas_q_pelaces
0.59186 2.6341
M
0.7
N
 39876.2 11010.7 3584.16 418.912 0.258365
 48186.7 17857 2865.88 729.037 83.7155
 27271 21909 5110.81 664.657 185.559
 40216.6 11770.1 4528.95 756.122 122.666
 69773 19425.1 4915.43 1770.39 341.83
 50501.3 34474.4 9347.81 2337.22 1003.43
 87821 23890.5 12642.5 3053.48 1081.75
 82650.6 42317 9828.85 4840.83 1574.85
 105840 38660 14460.4 2912.13 1880.58
 118338 49109.6 12561.9 3996.42 1308.41
 64510.6 55781.9 17610.7 3978.35 1664.41
 44047.5 28956 14732 3654.93 1150.02
 45343.9 19974.2 8151.7 3339.59 1071.64
 24422.3 19426.9 3943.34 1131.73 596.432
 15238.8 9070.8 1571.19 159.538 66.3511
 14762.9 5458.97 585.303 46.5264 6.30766
 11237.1 6420.8 1183.92 92.528 8.15738
 12766.7 5080.35 1773.91 261.501 21.8711
 14405.7 5953.2 1702.78 511.721 80.8354
 23607.7 6795.64 2144.89 542.789 187.166
 30410.1 11119.4 2425.09 674.735 227.459
 38318.1 14737.4 4741.28 975.619 361.37
 63459.1 18462.6 6060.67 1814.43 508.883
 89060 30384.9 7300.9 2197.11 836.768
 39719.6 42710.8 12135.5 2683.3 1108.08
 47914.1 19170.4 17752.1 4712.73 1464.84
pred_Ctot
 2833.51 3909.01 1600.17 189.565 0.116998
 2940.07 5614.26 1146.82 295.946 34.0094
 2587.41 9662.47 2759.49 363.069 101.424
 791.877 1359.56 702.757 119.485 19.4028
 251.768 432.92 150.566 55.3195 10.6925
 1724.79 6597.63 2356.37 599.134 257.454
 1876.75 2979.03 2112.82 519.592 184.252
 3463.21 9696.72 2936.48 1469.66 478.525
 5014.71 9846.73 4768.26 975.307 630.349
 4333.42 9998.97 3357.9 1086.1 355.898
 4485.14 19467.9 7743.05 1773.18 742.374
 2764.88 9315.22 6019.25 1514.68 476.948
 4513.64 9114.23 4531.22 1877.44 602.81
 4501.69 12885.5 2958.03 854.491 450.477
 3111.21 6318.21 1221.43 124.734 51.8919
 1328.39 2317.13 305.776 24.5999 3.33715
 727.771 2118.17 494.853 39.2204 3.46028
 561.872 1214.68 551.477 82.5949 6.91381
 520.062 1196.91 449.768 137.427 21.7282
 877.108 1401.47 580.328 149.302 51.5278
 527.645 1140.28 335.168 94.9915 32.0539
 820.607 1841.32 793.885 166.333 61.6691
 1636.89 2740.02 1198.18 365.079 102.488
 2198.58 4330.94 1388.35 425.273 162.117
 803.313 5058.74 1929.43 434.442 179.579
 943.909 2215.38 2755.84 745.055 231.807
F
 0.103382 0.645994 0.892555 0.910852 0.911836
 0.088186 0.551039 0.761358 0.776966 0.777805
 0.140256 0.876406 1.21091 1.23573 1.23707
 0.0277161 0.173187 0.239289 0.244194 0.244458
 0.00502864 0.031422 0.043415 0.044305 0.0443529
 0.0485155 0.303154 0.418861 0.427448 0.427909
 0.0301125 0.188161 0.259978 0.265307 0.265594
 0.0598174 0.373775 0.516436 0.527023 0.527593
 0.0678765 0.424133 0.586015 0.598028 0.598674
 0.0520995 0.325549 0.449803 0.459024 0.45952
 0.101051 0.631428 0.872429 0.890314 0.891276
 0.0908286 0.567551 0.784173 0.800249 0.801113
 0.147619 0.922412 1.27448 1.3006 1.30201
 0.290437 1.81482 2.5075 2.5589 2.56167
 0.326583 2.04069 2.81957 2.87737 2.88048
 0.132578 0.828427 1.14462 1.16808 1.16935
 0.0938378 0.586355 0.810153 0.826761 0.827654
 0.062913 0.393118 0.543163 0.554298 0.554896
 0.0513457 0.320839 0.443295 0.452383 0.452872
 0.052878 0.330414 0.456525 0.465884 0.466387
 0.0243876 0.152388 0.210551 0.214868 0.2151
 0.0301774 0.188566 0.260538 0.265879 0.266166
 0.0364479 0.227748 0.314674 0.321125 0.321472
 0.0348582 0.217815 0.30095 0.307119 0.307451
 0.0284777 0.177946 0.245864 0.250904 0.251175
 0.02773 0.173274 0.239409 0.244316 0.24458
Np
 26613.4 12575.8 8427.7 2589.75 2938.23
YTP_r0W_actual
 8495.18 56270.7 97281.1 30845.3 10431.3
YTP_p0W_proyectada
 7621.67 97589.8 64570.9 72678.7 29617.7
 7621.67 53030.7 67978.7 27126.5 34184.1
CTP_r0_actual
 943.909 2215.38 2755.84 745.055 231.807
CTP_p0_proyectada
 929.472 4518.05 2056.4 1812.44 665.567
 929.472 2455.13 2164.93 676.471 768.181
Wmedp
 8.2 21.6 31.4 40.1 44.5
nmprior
 10.6 11 7 0
nm_flota  nm_reclas  nm_pelaces    nm_pelaL
inf 17.1737 17.7439 56.0619
cv_recla  cv_pelaces  cv_mph
0.703218 0.456242 0.605068
 ------------------------------------------------
Talla a la edad & desviaci?n 
 7.2 14.2025 17.0495 18.207 18.6776
 1.08 2.13037 2.55742 2.73105 2.80164
