years
 1997 1998 1999 2000 2001 2002 2003 2004 2005 2006 2007 2008 2009 2010 2011 2012 2013 2014 2015 2016 2017 2018 2019 2020 2021 2022
reclasobs
 0 0 0 370054 412103 1.49427e+06 250295 1.28982e+06 931140 785840 897777 1.04006e+06 184774 17550 25797 100020 73551 82996 120727 218422 84188 347160 605670 569463 516374 1.08416e+06
reclaspred
 1.68708e+06 292041 565160 188025 265113 351541 702927 628573 668000 856463 923375 687028 376525 146714 82155.2 77550.4 81949.9 109631 132135 137278 208094 223855 358951 472705 693793 432238
pelacesobs
 0 0 0 0 0 0 0 0 0 2.06254e+06 1.5e+06 0 1.87456e+06 323000 250000 174000 83755 137374 0 501740 490994 745055 786931 1.00524e+06 1.33801e+06 1.41789e+06
pelacespred
 3.92747e+06 1.27984e+06 687391 543871 831206 663846 2.16007e+06 1.88699e+06 1.8535e+06 2.57011e+06 2.20316e+06 1.68345e+06 955444 301673 171080 168268 183631 264565 308921 300999 590263 586921 712499 1.12366e+06 1.54217e+06 878771
mphobs
 0 0 0 0 0 112323 0 153150 637223 0 255016 313432 73983 77613 109348 50772 17779 17303 59886 28197 0 207744 136588 643089 65757 0
mphpred
 421716 171937 155889 70387.2 58884.7 143385 166323 292852 259504 292551 394975 278022 172839 98038.4 46836.6 33025.1 30241.1 36598.2 47229.4 45676.4 60291.3 81150.1 95165.7 136564 220442 154139
desembarqueobs
 350755 77701 442110 56441 14545 235359 269955 359681 431902 328805 639364 411747 362871 311530 167758 66681 60226 58785 57116 73181 50977 67692 138656 160484 209506 203330
desembarquepred
 350731 77663.8 441562 56421.3 14543.8 235235 269924 359172 431473 328549 638311 411123 362211 310980 167252 66613.5 60199.2 58708.6 57039 73103.2 50963.8 67629.3 138558 160392 209332 203119
Reclutas
 17168.1 44512 4271.81 8228.86 38330.8 15992.8 64489.3 57604.5 69207.4 115132 67326.2 48087.5 53765.4 29353 12491.1 9675.31 7396.07 9007.61 7951.78 9969.25 16211.7 18506.4 31262.5 47751.5 11753.5 5862.89
log_desv_Rt
 -0.229193 0.723513 -1.62021 -0.964597 0.574008 -0.300104 1.09425 0.981356 1.16486 1.67384 1.1373 0.800778 0.912385 0.30715 -0.54723 -0.802667 -1.0713 -0.874175 -0.998849 -0.77274 -0.286513 -0.154128 0.370176 0.793767 -0.60809 -1.3036
SSB
 623844 254346 230606 104124 87107.9 212108 246041 433216 383883 432769 584286 411277 255680 145028 69285.3 48853.9 44735.5 54139.7 69866.4 67569 89188.8 120045 140778 202018 326100 228017
BT
 1.21565e+06 390131 376853 173990 276320 329415 1.07466e+06 975136 1.04496e+06 1.18171e+06 1.20588e+06 849501 686837 396502 201247 108436 108860 133764 126097 145778 223824 197059 285587 453244 476771 333198
Ftot
 0.587868 0.874091 1.88699 0.896246 0.22219 1.70817 1.45732 1.77213 2.03628 1.33769 1.91349 1.68579 2.80268 4.95303 4.95303 2.42224 2.18075 1.68076 1.23463 1.57481 0.800442 0.891231 1.14462 1.08109 0.817746 1.2529
BD_Bspro_t
 0.934538 0.641563 0.51933 0.199683 0.266899 0.516167 0.407919 0.499958 0.423306 0.410736 0.447657 0.302105 0.212785 0.14657 0.0852599 0.0747334 0.0948559 0.155113 0.235096 0.274521 0.363942 0.499719 0.495982 0.511528 0.554981 0.390224
BD_Bspro
 1.39896 0.570367 0.51713 0.233496 0.195338 0.47565 0.551744 0.97148 0.860853 0.970479 1.31025 0.922283 0.573358 0.325223 0.155371 0.109554 0.100319 0.121407 0.156674 0.151522 0.200005 0.269199 0.315694 0.453023 0.731274 0.511325
BD_Bo
 1.28375 0.523393 0.47454 0.214266 0.179251 0.436477 0.506304 0.891472 0.789955 0.890553 1.20234 0.846327 0.526138 0.298439 0.142575 0.100532 0.0920568 0.111409 0.143771 0.139043 0.183533 0.247029 0.289694 0.415713 0.671048 0.469214
BD_Brms
 2.33408 0.951624 0.862801 0.389574 0.32591 0.793594 0.920553 1.62086 1.43628 1.61919 2.18608 1.53878 0.956615 0.542616 0.259228 0.182785 0.167376 0.202561 0.261402 0.252806 0.333696 0.449144 0.526716 0.755843 1.22009 0.853116
S_f
 0.0777671 0.666131 0.979256 0.999106 0.999962
 0.0777671 0.666131 0.979256 0.999106 0.999962
 0.0777671 0.666131 0.979256 0.999106 0.999962
 0.0777671 0.666131 0.979256 0.999106 0.999962
 0.0777671 0.666131 0.979256 0.999106 0.999962
 0.0777671 0.666131 0.979256 0.999106 0.999962
 0.0777671 0.666131 0.979256 0.999106 0.999962
 0.0777671 0.666131 0.979256 0.999106 0.999962
 0.0777671 0.666131 0.979256 0.999106 0.999962
 0.0777671 0.666131 0.979256 0.999106 0.999962
 0.0777671 0.666131 0.979256 0.999106 0.999962
 0.0777671 0.666131 0.979256 0.999106 0.999962
 0.0777671 0.666131 0.979256 0.999106 0.999962
 0.0777671 0.666131 0.979256 0.999106 0.999962
 0.0777671 0.666131 0.979256 0.999106 0.999962
 0.0777671 0.666131 0.979256 0.999106 0.999962
 0.0777671 0.666131 0.979256 0.999106 0.999962
 0.0777671 0.666131 0.979256 0.999106 0.999962
 0.0777671 0.666131 0.979256 0.999106 0.999962
 0.0777671 0.666131 0.979256 0.999106 0.999962
 0.0777671 0.666131 0.979256 0.999106 0.999962
 0.0777671 0.666131 0.979256 0.999106 0.999962
 0.0777671 0.666131 0.979256 0.999106 0.999962
 0.0777671 0.666131 0.979256 0.999106 0.999962
 0.0777671 0.666131 0.979256 0.999106 0.999962
 0.0777671 0.666131 0.979256 0.999106 0.999962
Scru_reclas
 0.163639 0.496136 0.832086 0.961448 0.992095
 0.163639 0.496136 0.832086 0.961448 0.992095
 0.163639 0.496136 0.832086 0.961448 0.992095
 0.163639 0.496136 0.832086 0.961448 0.992095
 0.163639 0.496136 0.832086 0.961448 0.992095
 0.163639 0.496136 0.832086 0.961448 0.992095
 0.163639 0.496136 0.832086 0.961448 0.992095
 0.163639 0.496136 0.832086 0.961448 0.992095
 0.163639 0.496136 0.832086 0.961448 0.992095
 0.163639 0.496136 0.832086 0.961448 0.992095
 0.163639 0.496136 0.832086 0.961448 0.992095
 0.163639 0.496136 0.832086 0.961448 0.992095
 0.163639 0.496136 0.832086 0.961448 0.992095
 0.163639 0.496136 0.832086 0.961448 0.992095
 0.163639 0.496136 0.832086 0.961448 0.992095
 0.163639 0.496136 0.832086 0.961448 0.992095
 0.163639 0.496136 0.832086 0.961448 0.992095
 0.163639 0.496136 0.832086 0.961448 0.992095
 0.163639 0.496136 0.832086 0.961448 0.992095
 0.163639 0.496136 0.832086 0.961448 0.992095
 0.163639 0.496136 0.832086 0.961448 0.992095
 0.163639 0.496136 0.832086 0.961448 0.992095
 0.163639 0.496136 0.832086 0.961448 0.992095
 0.163639 0.496136 0.832086 0.961448 0.992095
 0.163639 0.496136 0.832086 0.961448 0.992095
 0.163639 0.496136 0.832086 0.961448 0.992095
Scru_pelaces
 0.25356 0.630935 0.895872 0.977426 0.995432
 0.25356 0.630935 0.895872 0.977426 0.995432
 0.25356 0.630935 0.895872 0.977426 0.995432
 0.25356 0.630935 0.895872 0.977426 0.995432
 0.25356 0.630935 0.895872 0.977426 0.995432
 0.25356 0.630935 0.895872 0.977426 0.995432
 0.25356 0.630935 0.895872 0.977426 0.995432
 0.25356 0.630935 0.895872 0.977426 0.995432
 0.25356 0.630935 0.895872 0.977426 0.995432
 0.25356 0.630935 0.895872 0.977426 0.995432
 0.25356 0.630935 0.895872 0.977426 0.995432
 0.25356 0.630935 0.895872 0.977426 0.995432
 0.25356 0.630935 0.895872 0.977426 0.995432
 0.25356 0.630935 0.895872 0.977426 0.995432
 0.25356 0.630935 0.895872 0.977426 0.995432
 0.25356 0.630935 0.895872 0.977426 0.995432
 0.25356 0.630935 0.895872 0.977426 0.995432
 0.25356 0.630935 0.895872 0.977426 0.995432
 0.25356 0.630935 0.895872 0.977426 0.995432
 0.25356 0.630935 0.895872 0.977426 0.995432
 0.25356 0.630935 0.895872 0.977426 0.995432
 0.25356 0.630935 0.895872 0.977426 0.995432
 0.25356 0.630935 0.895872 0.977426 0.995432
 0.25356 0.630935 0.895872 0.977426 0.995432
 0.25356 0.630935 0.895872 0.977426 0.995432
 0.25356 0.630935 0.895872 0.977426 0.995432
pf_obs 
 0.256992 0.487395 0.22802 0.0275931 0
 0.321318 0.546541 0.124235 0.00734118 0.000564706
 0.182869 0.594174 0.210203 0.0122559 0.00049798
 0.330522 0.361315 0.267642 0.0388342 0.00168674
 0.649043 0.306663 0.0425973 0.00169635 0
 0.582887 0.30429 0.105238 0.00758474 0
 0.465427 0.430635 0.0974691 0.00646863 0
 0.296916 0.608066 0.0921331 0.00288517 0
 0.311714 0.524322 0.152257 0.0117073 0
 0.15457 0.633149 0.183074 0.0267441 0.00246327
 0.131901 0.49318 0.331252 0.0422183 0.00144891
 0.196976 0.569456 0.194076 0.0375587 0.00193317
 0.518974 0.381816 0.0799577 0.0180837 0.00116848
 0.0928022 0.601141 0.25162 0.0475244 0.00691264
 0.122501 0.610282 0.24278 0.0234846 0.000952079
 0.383417 0.481906 0.127806 0.00687128 0
 0.0376549 0.599619 0.316969 0.0457579 0
 0.0361596 0.667082 0.258105 0.0386534 0
 0.158088 0.579412 0.248529 0.0139706 0
 0.0477256 0.309471 0.559284 0.082774 0.000745712
 0.0406174 0.521527 0.379366 0.0568643 0.0016247
 0.151134 0.462217 0.34131 0.0453401 0
 0.294876 0.26143 0.354403 0.0886775 0.000613685
 0.281977 0.475581 0.204845 0.0348837 0.00271318
 0.0841818 0.532909 0.334909 0.0458182 0.00218182
 0.115287 0.27431 0.454777 0.147771 0.00785563
pf_pred 
 0.0781865 0.617092 0.269198 0.0355169 6.62835e-06
 0.255512 0.323309 0.322951 0.0870432 0.0111855
 0.0292507 0.787902 0.104477 0.0605195 0.017851
 0.164181 0.251463 0.528632 0.0324647 0.0232594
 0.463161 0.372641 0.0698612 0.0855907 0.00874686
 0.115117 0.777655 0.0833132 0.0103053 0.0136089
 0.492421 0.322949 0.173228 0.00894517 0.00245753
 0.247899 0.701468 0.0392174 0.0107364 0.000679474
 0.296568 0.577989 0.121336 0.00321258 0.000894914
 0.353445 0.561824 0.0772717 0.00722549 0.000233031
 0.169954 0.720926 0.101149 0.00729235 0.000678157
 0.178245 0.619505 0.189171 0.0121642 0.000915221
 0.296221 0.543312 0.138686 0.0204269 0.00135325
 0.267034 0.673027 0.0541782 0.00501996 0.00074134
 0.259454 0.709746 0.0302712 0.000482125 4.63148e-05
 0.302324 0.663886 0.0335015 0.000283818 4.47734e-06
 0.238474 0.675577 0.0842229 0.00171183 1.39482e-05
 0.295404 0.590342 0.108345 0.00579494 0.000112899
 0.212223 0.668261 0.109267 0.00973958 0.000509071
 0.261191 0.557773 0.165212 0.0145109 0.00131334
 0.301237 0.572484 0.108725 0.0160754 0.00147834
 0.221022 0.622324 0.138632 0.0155795 0.00244233
 0.292259 0.521569 0.162533 0.0209925 0.00264616
 0.295176 0.579333 0.104993 0.0179723 0.00252559
 0.0586698 0.762403 0.159729 0.0161483 0.00304911
 0.0594957 0.35316 0.516275 0.0636453 0.00742424
pobs_RECLAS
 0 0 0 0 0
 0 0 0 0 0
 0 0 0 0 0
 0 0 0 0 0
 0.835266 0.146461 0.0176864 0.000547809 3.91292e-05
 0.385257 0.428462 0.181853 0.0044286 0
 0.867414 0.0963971 0.0333333 0.00285562 0
 0.441836 0.489002 0.0689373 0.000224442 0
 0.779404 0.147425 0.0564933 0.0165055 0.000172143
 0.814271 0.122319 0.05973 0.00367925 0
 0.40263 0.566651 0.0304383 0.000280538 0
 0.475488 0.404961 0.113038 0.00651328 0
 0.955842 0.0263864 0.0167828 0.000988607 0
 0.975058 0.0227948 0.00214734 0 0
 0.738997 0.206755 0.0527124 0.00153531 0
 0.850938 0.134255 0.0134407 0.00136685 0
 0.542534 0.407297 0.0501686 0 0
 0.764087 0.199537 0.0359546 0.000420521 0
 0.470689 0.182191 0.310203 0.0369168 0
 0.84361 0.089868 0.0606195 0.00523954 0.000663233
 0.607945 0.314616 0.071237 0.00620181 0
 0.523733 0.453247 0.0230204 0 0
 0.530135 0.295979 0.169645 0.0042399 0
 0.562478 0.366248 0.0663022 0.0049721 0
 0.250443 0.683176 0.0655157 0.000865301 0
 0.195077 0.31981 0.436473 0.0351445 0.0134964
ppred_RECLAS
 0.190441 0.518314 0.253419 0.0378197 7.27647e-06
 0.483991 0.207616 0.229301 0.0698399 0.00925203
 0.0866712 0.729192 0.0995723 0.0648497 0.0197149
 0.348738 0.180818 0.419796 0.0291311 0.0215159
 0.697052 0.196838 0.0418882 0.0581005 0.00612145
 0.288594 0.619261 0.0693486 0.00965472 0.0131414
 0.744181 0.158469 0.0905848 0.00527207 0.00149299
 0.509549 0.455298 0.0264685 0.00815274 0.000531802
 0.577147 0.34617 0.0738561 0.00219654 0.000630619
 0.622428 0.324394 0.0479529 0.00505686 0.000168114
 0.395424 0.522558 0.0753285 0.00610503 0.000585149
 0.401997 0.44471 0.142202 0.0102931 0.000798235
 0.600889 0.311187 0.0747794 0.0123054 0.000839984
 0.645202 0.333265 0.019276 0.00195909 0.000297868
 0.633661 0.355244 0.0108865 0.000190186 1.88102e-05
 0.594942 0.385803 0.0190714 0.000181015 2.94271e-06
 0.507933 0.436268 0.0545443 0.00124411 1.04471e-05
 0.566175 0.360298 0.0692728 0.00417086 8.37547e-05
 0.445543 0.463702 0.0820577 0.0082529 0.000444662
 0.519624 0.356698 0.111606 0.0110414 0.00103005
 0.552891 0.357873 0.0754341 0.0126071 0.00119522
 0.449896 0.428971 0.105562 0.013405 0.00216637
 0.546909 0.324774 0.110168 0.0160617 0.00208707
 0.55103 0.361527 0.0716001 0.0138386 0.0020047
 0.151779 0.67104 0.155899 0.0178145 0.00346767
 0.152962 0.299681 0.47357 0.0658668 0.0079202
pobs_PELACES
 0 0 0 0 0
 0 0 0 0 0
 0 0 0 0 0
 0 0 0 0 0
 0 0 0 0 0
 0 0 0 0 0
 0 0 0 0 0
 0 0 0 0 0
 0 0 0 0 0
 0 0 0 0 0
 0.450072 0.473896 0.0757376 0.000293798 0
 0 0 0 0 0
 0.463077 0.371075 0.160297 0.00555027 0
 0.529543 0.364841 0.0842815 0.0213345 0
 0.631943 0.363953 0.00410389 0 0
 0.735681 0.248677 0.0153453 0.000297389 0
 0.695825 0.281241 0.0229344 0 0
 0.275771 0.60734 0.115278 0.00161068 0
 0 0 0 0 0
 0.896147 0.0623911 0.0374545 0.00400742 0
 0.803859 0.145111 0.0509908 3.86294e-05 0
 0.739449 0.233085 0.0266225 0.000797448 4.60066e-05
 0.878498 0.100942 0.0204185 0.000141795 0
 0.694673 0.275183 0.0284847 0.00165964 0
 0.469039 0.446079 0.0841089 0.000773354 0
 0.822795 0.102175 0.0682046 0.00682512 0
ppred_PELACES
 0.257865 0.513859 0.200172 0.0280989 5.33483e-06
 0.612375 0.181938 0.155431 0.0444456 0.00580972
 0.151478 0.725085 0.068976 0.0418967 0.0125642
 0.483005 0.172707 0.309441 0.0201571 0.0146899
 0.759022 0.168481 0.0296658 0.0387966 0.00403404
 0.417535 0.527753 0.0419402 0.00545199 0.00732061
 0.840098 0.110636 0.0460579 0.00250706 0.000700426
 0.646136 0.335886 0.0137655 0.00395737 0.000254645
 0.723723 0.239916 0.0351131 0.000972992 0.000275542
 0.730185 0.240884 0.026255 0.00259152 8.49987e-05
 0.54671 0.408947 0.0409557 0.00309514 0.000292633
 0.551219 0.360758 0.0820517 0.00554644 0.000424316
 0.774994 0.191154 0.0291116 0.00444108 0.000298964
 0.856673 0.138818 0.00407466 0.000378546 5.6726e-05
 0.848422 0.149217 0.00232059 3.70579e-05 3.61233e-06
 0.744346 0.247517 0.00806518 7.11439e-05 1.1407e-06
 0.666037 0.307431 0.025976 0.000551516 4.56804e-06
 0.698629 0.263281 0.0360238 0.00202559 4.01262e-05
 0.565124 0.379818 0.0500891 0.00471845 0.000250825
 0.658845 0.273395 0.061546 0.0056903 0.000523695
 0.648383 0.294859 0.0484424 0.00760462 0.000711398
 0.555388 0.365553 0.0694587 0.00828006 0.00132035
 0.664378 0.25927 0.0661539 0.0090389 0.00115883
 0.659839 0.288026 0.04319 0.00782648 0.00111864
 0.211552 0.654922 0.118381 0.0127047 0.00244022
 0.252621 0.318482 0.37435 0.0487615 0.00578487
pobs_pel_tallas
 0 0 0 0 0 0 0 0 0 0 0 0 0 0 0 0 0 0 0 0 0 0 0 0 0 0 0 0 0 0 0 0 0 0 0 0
 0 0 0 0 0 0 0 0 0 0 0 0 0 0 0 0 0 0 0 0 0 0 0 0 0 0 0 0 0 0 0 0 0 0 0 0
 0 0 0 0 0 0 0 0 0 0 0 0 0 0 0 0 0 0 0 0 0 0 0 0 0 0 0 0 0 0 0 0 0 0 0 0
 0 0 0 0 0 0 0 0 0 0 0 0 0 0 0 0 0 0 0 0 0 0 0 0 0 0 0 0 0 0 0 0 0 0 0 0
 0 0 0 0 0 0 0 0 0 0 0 0 0 0 0 0 0 0 0 0 0 0 0 0 0 0 0 0 0 0 0 0 0 0 0 0
 0 0 0 0 0 0 0 0 0 0 0 0 0 0 0 0 0 0 0 0 0 0 0 0 0 0 0 0 0 0 0 0 0 0 0 0
 0 0 0 0 0 0 0 0 0 0 0 0 0 0 0 0 0 0 0 0 0 0 0 0 0 0 0 0 0 0 0 0 0 0 0 0
 0 0 0 0 0 0 0 0 0 0 0 0 0 0 0 0 0 0 0 0 0 0 0 0 0 0 0 0 0 0 0 0 0 0 0 0
 0 0 0 0 0 0 0 0 0 0 0 0 0 0 0 0 0 0 0 0 0 0 0 0 0 0 0 0 0 0 0 0 0 0 0 0
 0 0 0 0 0 0 0 0 0 0 0 0 0 0 0 0 0 0 0 0 0 0 0 0 0 0 0 0 0 0 0 0 0 0 0 0
 0 0 0 0 0 0 0 0 1.78061e-05 0.00172719 0.00360574 0.0105946 0.0120993 0.0124554 0.0147524 0.0171206 0.0266825 0.0428682 0.0675386 0.121331 0.153587 0.119568 0.100827 0.0573624 0.0630603 0.0341343 0.0324427 0.0444173 0.0211091 0.0280891 0.0125444 0.00206551 0 0 0 0
 0 0 0 0 0 0 0 0 0 0 0 0 0 0 0 0 0 0 0 0 0 0 0 0 0 0 0 0 0 0 0 0 0 0 0 0
 0 0 0 0 0 0 0.0133647 0.0140871 0.0187388 0.0205184 0.03894 0.0496705 0.03968 0.0493445 0.0407372 0.0367815 0.0215668 0.0243155 0.0234873 0.0199281 0.019796 0.0243948 0.0301388 0.0376714 0.0412746 0.0863199 0.0771752 0.113111 0.0741005 0.0525337 0.0229764 0.00759418 0.00175318 0 0 0
 0 0 0 0 0 0 0 0 0 0 0.00219441 0.00772107 0.0458388 0.0604681 0.0671733 0.0775358 0.0609151 0.0617685 0.073594 0.0568108 0.0755445 0.0548602 0.0670107 0.0636378 0.0643287 0.046367 0.0373049 0.0286899 0.0247887 0.0153202 0.00654259 0.00121912 0.000365735 0 0 0
 0 0 0 0 0 0 0 0 0 0 0 0 0.000112435 0.00938835 0.0111873 0.0202946 0.0414886 0.0713402 0.111592 0.104902 0.108894 0.110636 0.117776 0.105296 0.107544 0.0401394 0.0192827 0.0124803 0.00416011 0.0028671 0.000618394 0 0 0 0 0
 0 0 0 0 0 0 0 0 0 0 0.00291406 0.0102884 0.027416 0.0768956 0.0749926 0.110853 0.0956884 0.0897413 0.0766577 0.0534642 0.0500743 0.0551293 0.0594112 0.0620874 0.0668451 0.0424026 0.0208742 0.0120726 0.0048766 0.00582813 0.00118941 0.000297354 0 0 0 0
 0 0.00264628 0.0354308 0.0461629 0.0458689 0.0383711 0.0214643 0.0164657 0.0346957 0.0420465 0.0363128 0.0245516 0.0311673 0.0291091 0.0169068 0.0133784 0.00837989 0.0085269 0.0148486 0.0160247 0.0276389 0.0546898 0.0760071 0.122758 0.109233 0.0665981 0.0333725 0.0166128 0.00676272 0.00308733 0.000882094 0 0 0 0 0
 0 0 0 0 0 0 0 0.000805153 0.000690131 0.00759144 0.0133425 0.0154129 0.00931677 0.000345066 0.00356568 0.00563607 0.00851162 0.0253048 0.0502646 0.0516448 0.0657925 0.0565908 0.0611916 0.0827007 0.0866115 0.110766 0.145733 0.0935128 0.0569358 0.0249597 0.0138026 0.00621118 0.00161031 0.00115022 0 0
 0 0 0 0 0 0 0 0 0 0 0 0 0 0 0 0 0 0 0 0 0 0 0 0 0 0 0 0 0 0 0 0 0 0 0 0
 0.00147267 0.00158595 0.00478618 0.00569244 0.00954404 0.0108468 0.00647125 0.017049 0.0510054 0.094081 0.124002 0.0959785 0.0687766 0.0820023 0.061753 0.0591476 0.0492212 0.0479892 0.0443925 0.0268479 0.0217502 0.0140895 0.0121071 0.0120363 0.00920419 0.00665534 0.0049561 0.00860946 0.00930331 0.0156896 0.0114698 0.00855282 0.00243557 0.00046729 0 2.83206e-05
 0 0 0 0 0.000772559 0.00158375 0.000888443 0.00281984 0.00712685 0.0440552 0.0773331 0.111326 0.0921469 0.0852325 0.0710754 0.0886704 0.0786465 0.0553345 0.0373146 0.0185414 0.00753245 0.00457741 0.012979 0.0271748 0.0457355 0.0583668 0.034881 0.0177882 0.00938659 0.00492506 0.0015258 0.00185414 0.000309023 5.79419e-05 3.86279e-05 0
 0 0.00173294 0.00326652 0 0.00397197 0.00683976 0.00946217 0.0152591 0.00757587 0.0136028 0.0228656 0.0392903 0.0559909 0.0764795 0.0681675 0.0726916 0.0566044 0.0477403 0.0527397 0.0444891 0.0609904 0.0582453 0.0661739 0.0445044 0.0529084 0.0360697 0.0280645 0.0235558 0.0158879 0.00826598 0.00280645 0.00217768 0.000904811 0.00058276 9.20147e-05 0
 0 0 0 0 0 0 0 0 0 0 0 0 0 0 0 0 0 0 0 0 0 0 0 0 0 0 0 0 0 0 0 0 0 0 0 0
 0 0 0 0 0 0 0 0 0 0 0 0 0 0 0 0 0 0 0 0 0 0 0 0 0 0 0 0 0 0 0 0 0 0 0 0
 0 0 0 0 0 0 0 0 0 0 0 0 0 0 0 0 0 0 0 0 0 0 0 0 0 0 0 0 0 0 0 0 0 0 0 0
 0 0 0 0 0 0 0 0 0 0 0 0 0 0 0 0 0 0 0 0 0 0 0 0 0 0 0 0 0 0 0 0 0 0 0 0
ppred_pel_tallas
 1.03975e-16 1.12781e-05 6.61252e-05 0.000314187 0.0012094 0.00377118 0.00952622 0.0194956 0.0323304 0.0434617 0.0474081 0.0420866 0.0307148 0.0191127 0.0114981 0.00885919 0.0101864 0.0141973 0.0200421 0.027173 0.0350395 0.0429409 0.050057 0.0555857 0.0589115 0.0597385 0.0581432 0.0545275 0.0494967 0.0437065 0.0377293 0.0319779 0.0266912 0.0219667 0.017815 0.0142082
 1.04065e-16 2.67228e-05 0.00015683 0.000745477 0.00287009 0.00895007 0.0226072 0.0462578 0.0766791 0.102983 0.11208 0.0988945 0.0708628 0.0415002 0.020414 0.00946719 0.00578069 0.00595776 0.00792211 0.010758 0.0140671 0.017569 0.0209734 0.0239865 0.026358 0.0279249 0.0286331 0.0285273 0.0277207 0.026355 0.0245673 0.0224731 0.0201669 0.0177303 0.0152437 0.0127905
 1.03242e-16 6.64727e-06 3.89198e-05 0.000184808 0.00071119 0.00221749 0.00560198 0.0114679 0.0190301 0.0256197 0.0280451 0.0251319 0.0188501 0.0127357 0.00942188 0.00966937 0.0130581 0.0189476 0.0268268 0.0361789 0.0462761 0.0561217 0.0645589 0.0704919 0.0731344 0.0721972 0.0679545 0.0611567 0.0528327 0.0440433 0.0356704 0.0282931 0.0221685 0.0172924 0.0135 0.0105642
 1.05828e-16 2.10816e-05 0.000123711 0.000588027 0.00226387 0.00705958 0.017832 0.0364874 0.0604847 0.081238 0.088426 0.0780529 0.0559931 0.0329235 0.0164452 0.00805931 0.00553357 0.0062313 0.00855553 0.0118152 0.0157094 0.0200049 0.0244307 0.0286822 0.0324612 0.0355183 0.0376794 0.0388516 0.0390136 0.0381991 0.0364837 0.0339785 0.0308304 0.0272201 0.0233544 0.0194485
 1.01998e-16 3.31164e-05 0.000194368 0.000923943 0.00355724 0.0110929 0.0280198 0.0573322 0.0950343 0.127628 0.138883 0.1225 0.0876806 0.0511525 0.0247905 0.0108612 0.00574699 0.00518895 0.00657478 0.00875175 0.0112393 0.0137388 0.0159736 0.0176882 0.0186944 0.0189111 0.0183801 0.0172465 0.0157161 0.0140015 0.0122785 0.0106611 0.00920034 0.00789968 0.00673754 0.00568744
 1.01297e-16 1.82406e-05 0.000107001 0.000508514 0.00195761 0.00610444 0.0154198 0.0315544 0.0523178 0.0703002 0.0766031 0.0678132 0.0490746 0.0297126 0.0164224 0.0106411 0.0105633 0.0139706 0.0194231 0.0260953 0.0333135 0.0403129 0.0462405 0.0502958 0.0519099 0.0508822 0.0474283 0.0421171 0.0357236 0.0290473 0.0227544 0.0172849 0.0128349 0.00940027 0.00684944 0.00499762
 1.00809e-16 3.66494e-05 0.000215115 0.00102259 0.00393706 0.0122774 0.0310117 0.0634533 0.105178 0.141244 0.153681 0.13551 0.0968979 0.056339 0.0269474 0.0111976 0.00505223 0.00377349 0.00446739 0.00588694 0.00756567 0.00927047 0.0108092 0.0120063 0.0127279 0.0129091 0.0125653 0.0117819 0.010689 0.00942801 0.00812325 0.00686527 0.00570756 0.00467324 0.00376628 0.00298181
 1.00453e-16 2.82008e-05 0.000165494 0.000786637 0.00302852 0.00944409 0.0238552 0.0488124 0.0809174 0.108686 0.118315 0.104465 0.0750037 0.0442238 0.0223038 0.0112534 0.00806919 0.0091731 0.0123308 0.0164655 0.0209762 0.0253334 0.0289855 0.0314235 0.0322897 0.0314645 0.0290962 0.0255598 0.0213622 0.0170238 0.0129771 0.00950555 0.00673228 0.00464802 0.00315883 0.00213487
 1.00623e-16 3.15801e-05 0.000185342 0.000881017 0.00339194 0.0105774 0.0267178 0.0546687 0.0906216 0.121709 0.13246 0.116879 0.083752 0.0490522 0.0241301 0.0111794 0.00678173 0.00689479 0.00902191 0.0120225 0.0153562 0.018621 0.0214183 0.0233797 0.0242401 0.0238988 0.0224426 0.0201178 0.0172659 0.0142426 0.0113482 0.00878533 0.00665105 0.00495515 0.00365135 0.00266868
 1.00545e-16 3.18619e-05 0.000186997 0.000888882 0.00342222 0.0106718 0.0269563 0.0551567 0.0914305 0.122795 0.133641 0.11792 0.0844955 0.049482 0.0243308 0.0112538 0.00680045 0.0068904 0.00900291 0.0119858 0.0152932 0.0185199 0.0212659 0.0231626 0.0239473 0.0235241 0.0219866 0.0195894 0.016682 0.0136268 0.0107274 0.00818694 0.00609925 0.00446825 0.00324027 0.00233671
 1.00835e-16 2.38684e-05 0.000140052 0.000665668 0.00256273 0.00799152 0.0201863 0.041306 0.0684777 0.0919891 0.100169 0.0885157 0.0637095 0.0378811 0.0196907 0.010896 0.00901199 0.0110513 0.0151282 0.0202825 0.025894 0.0313464 0.0359735 0.0391521 0.0404376 0.0396699 0.0370112 0.0328975 0.0279262 0.0227159 0.0177845 0.0134776 0.00995392 0.0072178 0.00517485 0.00368784
 1.01493e-16 2.40632e-05 0.0001412 0.000671133 0.00258379 0.0080572 0.0203521 0.041645 0.0690383 0.092738 0.100974 0.0892006 0.064146 0.0380277 0.0195614 0.010501 0.00832562 0.0100171 0.0136842 0.0183928 0.0235759 0.0286906 0.0331498 0.0363968 0.038022 0.0378554 0.0360028 0.0328061 0.0287507 0.0243482 0.0200349 0.0161119 0.012733 0.00993126 0.00766223 0.00584735
 1.00643e-16 3.38138e-05 0.00019846 0.000943392 0.00363211 0.0113264 0.0286096 0.0585392 0.0970355 0.130317 0.141813 0.125094 0.0895571 0.0522876 0.0254153 0.0112603 0.00613363 0.00568703 0.00724668 0.00961933 0.0122875 0.0149111 0.0171696 0.018769 0.0194975 0.0192737 0.0181644 0.0163625 0.0141366 0.0117664 0.00948761 0.00745911 0.00575709 0.00438953 0.00332118 0.00249827
 1.00119e-16 3.73732e-05 0.000219362 0.00104277 0.00401477 0.0125197 0.0316238 0.0647059 0.107255 0.144035 0.156723 0.138204 0.0988489 0.0575233 0.0276062 0.0116276 0.00547481 0.00431543 0.00518785 0.00679788 0.00863487 0.0104177 0.011907 0.0128906 0.0132212 0.0128506 0.0118418 0.0103521 0.00859313 0.00678226 0.00509984 0.00366396 0.00252556 0.00167996 0.00108674 0.000690197
 1.00084e-16 3.70139e-05 0.000217252 0.00103274 0.00397612 0.0123992 0.0313194 0.0640832 0.106223 0.14265 0.155219 0.136884 0.097919 0.0570107 0.0274134 0.0116378 0.00561535 0.00456318 0.00554753 0.00728091 0.00924598 0.0111478 0.0127301 0.0137655 0.0140964 0.0136723 0.0125628 0.0109389 0.00903027 0.00707228 0.00525996 0.00372062 0.00250852 0.00161738 0.00100197 0.000600377
 1.00198e-16 3.24796e-05 0.000190623 0.000906119 0.00348858 0.0108788 0.0274791 0.0562264 0.0932036 0.125176 0.136233 0.120207 0.0861331 0.0504394 0.0247978 0.0114621 0.00691266 0.00698666 0.00910984 0.0121017 0.0153992 0.0185831 0.0212411 0.0229975 0.0235893 0.0229301 0.0211321 0.0184751 0.0153366 0.0121041 0.00909929 0.00653326 0.00449742 0.00298404 0.00192164 0.00121129
 1.00489e-16 2.90675e-05 0.000170585 0.000810844 0.00312173 0.00973477 0.0245894 0.0503144 0.0834063 0.112026 0.121942 0.107646 0.0772415 0.0454509 0.0227523 0.0112015 0.00768771 0.00851368 0.0113789 0.0151931 0.0193753 0.0234343 0.0268639 0.0291954 0.0300964 0.0294496 0.0273816 0.0242255 0.0204361 0.0164831 0.0127597 0.00952683 0.00690332 0.00488967 0.00341055 0.00235759
 1.00669e-16 3.04869e-05 0.000178922 0.000850489 0.00327439 0.0102108 0.0257919 0.0527744 0.0874824 0.117495 0.127882 0.112857 0.0809097 0.0474666 0.0234973 0.0111335 0.00708883 0.00747059 0.00986877 0.0131688 0.0168196 0.0203898 0.0234439 0.0255784 0.0265032 0.0261092 0.0244934 0.0219278 0.0187887 0.015468 0.0122953 0.00949267 0.0071657 0.00532342 0.00391317 0.00285521
 1.01009e-16 2.46702e-05 0.000144762 0.000688064 0.00264897 0.00826047 0.0208656 0.0426957 0.0707803 0.0950785 0.103524 0.0914562 0.0657748 0.0390066 0.0200883 0.0108189 0.00861304 0.0103726 0.0141507 0.0189766 0.0242517 0.0294001 0.0338024 0.0368782 0.0382099 0.037641 0.0353119 0.0316159 0.0270961 0.0223172 0.0177542 0.013726 0.0103836 0.00773834 0.00571307 0.00419196
 1.01183e-16 2.87526e-05 0.000168739 0.000802075 0.00308798 0.00962952 0.0243235 0.0497702 0.0825032 0.110811 0.120613 0.106459 0.0763577 0.0448678 0.0223446 0.0108127 0.00718766 0.00781099 0.0104165 0.0139492 0.0178729 0.0217512 0.0251347 0.0276013 0.0288405 0.0287239 0.0273312 0.0249214 0.0218617 0.0185389 0.0152824 0.0123194 0.00976544 0.00764487 0.00592378 0.00454279
 1.01079e-16 2.82972e-05 0.000166064 0.000789352 0.00303898 0.00947673 0.0239376 0.0489807 0.0811953 0.109056 0.118709 0.104792 0.0751922 0.044243 0.0221446 0.0108992 0.00748082 0.00829412 0.0111061 0.0148644 0.0190147 0.0230902 0.0266073 0.0291138 0.0302818 0.0299833 0.0283182 0.0255805 0.0221808 0.0185471 0.0150409 0.0119064 0.00926196 0.00712185 0.00543477 0.00412138
 1.01452e-16 2.42452e-05 0.000142268 0.000676209 0.00260333 0.00811815 0.0205061 0.04196 0.0695606 0.0934396 0.101738 0.0898759 0.0646323 0.0383174 0.0197126 0.0105849 0.00839368 0.0100963 0.0137848 0.0185144 0.0237099 0.02882 0.0332501 0.0364387 0.0379758 0.0376973 0.0357198 0.0324001 0.0282394 0.0237628 0.0194149 0.0154988 0.0121644 0.00943551 0.00725607 0.00553569
 1.01389e-16 2.89933e-05 0.000170153 0.000808802 0.00311388 0.00971031 0.0245276 0.0501876 0.0831947 0.111738 0.121619 0.107338 0.0769689 0.0451884 0.0224331 0.0107379 0.00698671 0.00748691 0.00995503 0.0133364 0.0171077 0.0208529 0.0241464 0.0265867 0.0278768 0.0278892 0.026692 0.0245213 0.0217157 0.0186332 0.0155797 0.0127674 0.0103066 0.00822453 0.00649615 0.00507401
 1.01029e-16 2.87965e-05 0.000168995 0.000803291 0.00309266 0.00964411 0.0243604 0.0498457 0.0826288 0.11098 0.120801 0.106631 0.0764962 0.0449786 0.0224541 0.0109544 0.00739406 0.00810983 0.0108281 0.0144821 0.0185175 0.0224754 0.0258829 0.0282987 0.0294044 0.0290772 0.0274177 0.0247166 0.0213776 0.0178213 0.0144017 0.0113571 0.00880098 0.00674463 0.00513447 0.00388956
 1.02445e-16 9.26413e-06 5.42891e-05 0.000257889 0.000992591 0.00309504 0.00781852 0.0160026 0.0265444 0.035704 0.0389996 0.0347491 0.0256352 0.0164959 0.0108746 0.00967786 0.0121677 0.0173472 0.024504 0.0330711 0.0423633 0.051474 0.0593521 0.0649946 0.0676696 0.0670872 0.0634617 0.0574391 0.049924 0.041863 0.0340568 0.02705 0.0211098 0.0162754 0.0124408 0.00943777
 1.07364e-16 1.10419e-05 6.47555e-05 0.000307713 0.00118454 0.00369369 0.00933026 0.0190933 0.0316584 0.0425439 0.0463689 0.0410739 0.029781 0.0181486 0.0102532 0.00700273 0.00735906 0.0100509 0.0142931 0.0196802 0.0258946 0.0325396 0.0391199 0.0451034 0.0500137 0.053509 0.0554248 0.055767 0.0546695 0.0523362 0.0489928 0.0448602 0.0401529 0.035085 0.0298779 0.0247544
pSPR Fmed_Fpbrs
0.514186   0.6 0.325
Fs Fmed_Fpbrs
0.68   0.468173 1.66546
SSBpbr Bo_Bmed_Bpbrs
485956  225574  267276 133638
Ro
21590.3
SPR SPRFo_SPRFmed_SPRFpbrs
445934 229293 144928
log_Ro
9.8
likeval ReclasPelacesDesembMPH_pf_preclas_ppelaces_ptallas_desvR_qrecl_qpela
 75.6016 13.7173 0.178772 0.000459093 346.942 206.569 90.2126 0 29.3391 8.05249e-05 0.00036225 1.23359e-14 0 0 0
q_reclas_q_pelaces
3.56653 14.9963
M
0.7
N
 17168.1 18320.9 5855.95 760.769 0.141885
 44512 8144.43 6149.96 1635.23 210.014
 4271.81 20651.4 2259.35 1297.56 382.594
 8228.86 1831.78 2917.71 176.794 126.592
 38330.8 3811.22 500.711 602.386 61.5125
 15992.8 18708.4 1632.22 200.026 264.045
 64489.3 6953.89 2977.57 152.164 41.786
 57604.5 28593.2 1308.05 354.877 22.4505
 69207.4 24922.9 4360.98 114.54 31.8959
 115132 29334.1 3187.88 294.834 9.50432
 67326.2 51524.3 5975.53 427.164 39.7102
 48087.5 28810.6 7152.17 455.605 34.2655
 53765.4 20945.5 4654.25 681.534 45.1393
 29353 21470.4 1607.97 148.561 21.9366
 12491.1 9916.61 393.491 6.24909 0.600239
 9675.31 4219.99 181.744 1.52924 0.0241174
 7396.07 3979.7 417.405 8.41993 0.0685845
 9007.61 3099.86 462.337 24.4967 0.477064
 7951.78 3924.98 502.456 44.2741 2.31299
 9969.25 3587.24 856.363 74.4771 6.7379
 16211.7 4379.95 623.972 90.9717 8.36105
 18506.4 7564.63 1276.14 141.496 22.1689
 31262.5 8574.63 2074.68 264.767 33.3575
 47751.5 14202.3 1986.43 335.856 47.172
 11753.5 21800.6 3432.4 342.213 64.578
 5862.89 5477.02 6279.01 765.273 89.226
pred_Ctot
 553.202 4366.18 1904.68 251.296 0.0468983
 2111.96 2672.35 2669.39 719.466 92.4549
 422.869 11390.5 1510.39 874.912 258.067
 400.03 612.694 1288.02 79.1008 56.6721
 472.698 380.314 71.2998 87.3532 8.92697
 1441.73 9739.34 1043.41 129.063 170.438
 5001.85 3280.41 1759.59 90.8622 24.9629
 5375.85 15211.8 850.455 232.826 14.7349
 7356.1 14336.5 3009.63 79.6852 22.1976
 8229.87 13081.9 1799.25 168.243 5.42606
 6752.29 28642.5 4018.66 289.726 26.9432
 4281.44 14880.5 4543.89 292.185 21.9836
 7668.01 14064.2 3590.05 528.772 35.0302
 6898.89 17387.8 1399.71 129.692 19.1527
 2935.8 8031 342.528 5.45539 0.524066
 1207.7 2652.04 133.829 1.13378 0.0178858
 837.863 2373.6 295.911 6.01441 0.049006
 799.726 1598.19 293.315 15.6882 0.305643
 526.441 1657.69 271.047 24.16 1.2628
 832.267 1777.3 526.435 46.2378 4.18486
 706.15 1342 254.869 37.6834 3.46548
 894.772 2519.38 561.227 63.0712 9.88739
 1924.68 3434.81 1070.37 138.247 17.4264
 2782.61 5461.35 989.768 169.424 23.8087
 522.722 6792.68 1423.12 143.874 27.1662
 393.648 2336.66 3415.89 421.104 49.1219
F
 0.0457168 0.391597 0.575673 0.587342 0.587846
 0.0679755 0.58226 0.855959 0.873309 0.874058
 0.146746 1.25698 1.84785 1.8853 1.88692
 0.0696985 0.597018 0.877655 0.895445 0.896212
 0.0172791 0.148008 0.217581 0.221992 0.222182
 0.13284 1.13787 1.67274 1.70665 1.70811
 0.113332 0.970767 1.42709 1.45602 1.45727
 0.137813 1.18047 1.73537 1.77054 1.77206
 0.158356 1.35643 1.99404 2.03446 2.0362
 0.104028 0.891079 1.30994 1.3365 1.33764
 0.148807 1.27464 1.8738 1.91178 1.91342
 0.131099 1.12296 1.65082 1.68429 1.68573
 0.217956 1.86695 2.74454 2.80017 2.80257
 0.385183 3.29937 4.85029 4.9486 4.95284
 0.385183 3.29937 4.85029 4.9486 4.95284
 0.188371 1.61353 2.372 2.42007 2.42215
 0.169591 1.45267 2.13552 2.1788 2.18067
 0.130708 1.11961 1.64589 1.67926 1.6807
 0.0960133 0.822423 1.20902 1.23352 1.23458
 0.122469 1.04903 1.54215 1.5734 1.57475
 0.062248 0.533199 0.783838 0.799726 0.800412
 0.0693085 0.593677 0.872744 0.890434 0.891197
 0.0890141 0.76247 1.12088 1.1436 1.14458
 0.084073 0.720146 1.05866 1.08012 1.08105
 0.0635938 0.544727 0.800783 0.817015 0.817715
 0.0974341 0.834593 1.22691 1.25178 1.25285
Np
 13663 6542.26 960.159 370.651 372.803
YTP_r0W_actual
 3542.84 59351 120581 17433.7 2210.48
YTP_p0W_proyectada
 2886.84 11190.7 10064.1 10116.6 1525.08
 2886.84 27720.2 8185.36 4101.61 4581.27
CTP_r0_actual
 393.648 2336.66 3415.89 421.104 49.1219
CTP_p0_proyectada
 352.053 518.09 320.512 252.285 34.2716
 352.053 1283.34 260.68 102.285 102.95
Wmedp
 8.2 21.6 31.4 40.1 44.5
nmprior
 10.6 11 7 0
nm_flota  nm_reclas  nm_pelaces    nm_pelaL
inf 24.9287 12.8199 35.5663
cv_recla  cv_pelaces  cv_mph
0.769198 0.405718 0.583154
 ------------------------------------------------
Talla a la edad & desviaci?n 
 7.2 14.2025 17.0495 18.207 18.6776
 1.08 2.13037 2.55742 2.73105 2.80164
