years
 1997 1998 1999 2000 2001 2002 2003 2004 2005 2006 2007 2008 2009 2010 2011 2012 2013 2014 2015 2016 2017 2018 2019 2020 2021 2022
reclasobs
 0 0 0 370054 412103 1.49427e+06 250295 1.28982e+06 931140 785840 897777 1.04006e+06 184774 17550 25797 100020 73551 82996 120727 218422 84188 347160 605670 569463 516374 1.08416e+06
reclaspred
 1.03978e+06 207496 425847 175524 285164 362315 759433 625454 691315 867524 880739 645416 364198 142298 82288.5 76735.2 83049.6 109720 126035 139825 216402 222921 363707 476345 653990 452937
pelacesobs
 0 0 0 0 0 0 0 0 0 2.06254e+06 1.5e+06 0 1.87456e+06 323000 250000 174000 83755 137374 0 501740 490994 745055 786931 1.00524e+06 1.33801e+06 1.41789e+06
pelacespred
 2.88454e+06 808727 590389 537543 868212 698362 2.22421e+06 1.85423e+06 1.93686e+06 2.55106e+06 2.09511e+06 1.59189e+06 915958 290166 169891 166135 185888 262697 292058 312935 606090 580259 730521 1.12355e+06 1.45495e+06 1.00361e+06
mphobs
 0 0 0 0 0 112323 0 153150 637223 0 255016 313432 73983 77613 109348 50772 17779 17303 59886 28197 0 207744 136588 643089 65757 0
mphpred
 307656 137422 133178 73702.5 71546.3 147812 180763 290109 261403 301249 384430 272485 170047 91743.8 44390.5 31965.4 30360.2 36873.2 46569.8 46880.9 64853.8 84931.6 100982 143849 221905 174071
desembarqueobs
 350755 77701 442110 56441 14545 235359 269955 359681 431902 328805 639364 411747 362871 311530 167758 66681 60226 58785 57116 73181 50977 67692 138656 160484 209506 203330
desembarquepred
 350734 77670.6 441693 56430.8 14544.6 235325 269974 359305 431610 328620 638533 411281 362372 311139 167295 66630.9 60214.4 58727.8 57054.5 73126.4 50970 67647 138595 160429 209388 203204
Reclutas
 24050.4 42950.4 8329.54 12808.2 38762.4 19871.6 64236.2 59783.8 75971.5 115318 67456.2 47820.7 50777.8 29199.4 12822.9 10215.8 7702.35 9198.95 8497.23 11470.1 17374.8 20323.1 34181.2 49032.4 14798.4 10266.7
log_desv_Rt
 -0.0120942 0.5678 -1.07244 -0.64216 0.465206 -0.202953 0.970323 0.898491 1.13811 1.55545 1.01923 0.675213 0.735214 0.181904 -0.64101 -0.868307 -1.15072 -0.973155 -1.05251 -0.752505 -0.337224 -0.180485 0.339431 0.700238 -0.497724 -0.863335
SSB
 507257 226578 219581 121519 117964 243710 298038 478326 430996 496694 633841 449268 280370 151265 73190.2 52704 50057.3 60795.9 76783.4 77296.3 106930 140034 166497 237176 365873 287005
BT
 1.27492e+06 355728 417572 215899 312923 373119 1.12992e+06 1.0397e+06 1.14429e+06 1.25368e+06 1.25956e+06 888297 696101 400561 205858 114360 116413 142300 136254 164546 251912 223982 323952 498150 540670 417731
Ftot
 0.840515 1.06345 2.19259 0.814433 0.169762 1.50535 1.15773 1.66986 1.85166 1.20425 1.82398 1.56944 2.58913 4.95303 4.95303 2.35328 2.02768 1.53687 1.17501 1.41265 0.690557 0.78781 0.994299 0.958514 0.760152 0.980585
BD_Bspro_t
 0.918205 0.616117 0.503404 0.223464 0.322844 0.545942 0.450545 0.525141 0.455354 0.446173 0.470261 0.322844 0.230399 0.153804 0.0909613 0.0813254 0.106484 0.172474 0.254001 0.303951 0.407726 0.539445 0.539445 0.552366 0.585381 0.45094
BD_Bspro
 1.00889 0.450643 0.436726 0.241691 0.23462 0.484716 0.59277 0.951346 0.85721 0.987877 1.26065 0.893553 0.557629 0.300853 0.145569 0.104823 0.0995594 0.120917 0.152715 0.153735 0.212673 0.278514 0.331147 0.471722 0.727686 0.570826
BD_Bo
 0.987564 0.441118 0.427496 0.236582 0.229661 0.474471 0.580242 0.931239 0.839093 0.966998 1.23401 0.874667 0.545844 0.294494 0.142492 0.102608 0.0974552 0.118362 0.149487 0.150486 0.208178 0.272627 0.324148 0.461752 0.712306 0.558762
BD_Brms
 1.79557 0.802033 0.777265 0.43015 0.417566 0.862675 1.05498 1.69316 1.52562 1.75818 2.24365 1.5903 0.992443 0.535444 0.259076 0.18656 0.177191 0.215203 0.271795 0.273611 0.378506 0.495686 0.589361 0.839548 1.2951 1.01593
S_f
 0.0760103 0.609832 0.967424 0.998231 0.999907
 0.0760103 0.609832 0.967424 0.998231 0.999907
 0.0760103 0.609832 0.967424 0.998231 0.999907
 0.0760103 0.609832 0.967424 0.998231 0.999907
 0.0760103 0.609832 0.967424 0.998231 0.999907
 0.0760103 0.609832 0.967424 0.998231 0.999907
 0.0760103 0.609832 0.967424 0.998231 0.999907
 0.0760103 0.609832 0.967424 0.998231 0.999907
 0.0760103 0.609832 0.967424 0.998231 0.999907
 0.0760103 0.609832 0.967424 0.998231 0.999907
 0.0760103 0.609832 0.967424 0.998231 0.999907
 0.0760103 0.609832 0.967424 0.998231 0.999907
 0.0760103 0.609832 0.967424 0.998231 0.999907
 0.0760103 0.609832 0.967424 0.998231 0.999907
 0.0760103 0.609832 0.967424 0.998231 0.999907
 0.0760103 0.609832 0.967424 0.998231 0.999907
 0.0760103 0.609832 0.967424 0.998231 0.999907
 0.0760103 0.609832 0.967424 0.998231 0.999907
 0.0760103 0.609832 0.967424 0.998231 0.999907
 0.0760103 0.609832 0.967424 0.998231 0.999907
 0.0760103 0.609832 0.967424 0.998231 0.999907
 0.0760103 0.609832 0.967424 0.998231 0.999907
 0.0760103 0.609832 0.967424 0.998231 0.999907
 0.0760103 0.609832 0.967424 0.998231 0.999907
 0.0760103 0.609832 0.967424 0.998231 0.999907
 0.0760103 0.609832 0.967424 0.998231 0.999907
Scru_reclas
 0.249574 0.625991 0.89388 0.976954 0.995335
 0.249574 0.625991 0.89388 0.976954 0.995335
 0.249574 0.625991 0.89388 0.976954 0.995335
 0.249574 0.625991 0.89388 0.976954 0.995335
 0.249574 0.625991 0.89388 0.976954 0.995335
 0.249574 0.625991 0.89388 0.976954 0.995335
 0.249574 0.625991 0.89388 0.976954 0.995335
 0.249574 0.625991 0.89388 0.976954 0.995335
 0.249574 0.625991 0.89388 0.976954 0.995335
 0.249574 0.625991 0.89388 0.976954 0.995335
 0.249574 0.625991 0.89388 0.976954 0.995335
 0.249574 0.625991 0.89388 0.976954 0.995335
 0.249574 0.625991 0.89388 0.976954 0.995335
 0.249574 0.625991 0.89388 0.976954 0.995335
 0.249574 0.625991 0.89388 0.976954 0.995335
 0.249574 0.625991 0.89388 0.976954 0.995335
 0.249574 0.625991 0.89388 0.976954 0.995335
 0.249574 0.625991 0.89388 0.976954 0.995335
 0.249574 0.625991 0.89388 0.976954 0.995335
 0.249574 0.625991 0.89388 0.976954 0.995335
 0.249574 0.625991 0.89388 0.976954 0.995335
 0.249574 0.625991 0.89388 0.976954 0.995335
 0.249574 0.625991 0.89388 0.976954 0.995335
 0.249574 0.625991 0.89388 0.976954 0.995335
 0.249574 0.625991 0.89388 0.976954 0.995335
 0.249574 0.625991 0.89388 0.976954 0.995335
Scru_pelaces
 0.355584 0.735238 0.933224 0.985981 0.997183
 0.355584 0.735238 0.933224 0.985981 0.997183
 0.355584 0.735238 0.933224 0.985981 0.997183
 0.355584 0.735238 0.933224 0.985981 0.997183
 0.355584 0.735238 0.933224 0.985981 0.997183
 0.355584 0.735238 0.933224 0.985981 0.997183
 0.355584 0.735238 0.933224 0.985981 0.997183
 0.355584 0.735238 0.933224 0.985981 0.997183
 0.355584 0.735238 0.933224 0.985981 0.997183
 0.355584 0.735238 0.933224 0.985981 0.997183
 0.355584 0.735238 0.933224 0.985981 0.997183
 0.355584 0.735238 0.933224 0.985981 0.997183
 0.355584 0.735238 0.933224 0.985981 0.997183
 0.355584 0.735238 0.933224 0.985981 0.997183
 0.355584 0.735238 0.933224 0.985981 0.997183
 0.355584 0.735238 0.933224 0.985981 0.997183
 0.355584 0.735238 0.933224 0.985981 0.997183
 0.355584 0.735238 0.933224 0.985981 0.997183
 0.355584 0.735238 0.933224 0.985981 0.997183
 0.355584 0.735238 0.933224 0.985981 0.997183
 0.355584 0.735238 0.933224 0.985981 0.997183
 0.355584 0.735238 0.933224 0.985981 0.997183
 0.355584 0.735238 0.933224 0.985981 0.997183
 0.355584 0.735238 0.933224 0.985981 0.997183
 0.355584 0.735238 0.933224 0.985981 0.997183
 0.355584 0.735238 0.933224 0.985981 0.997183
pf_obs 
 0.256992 0.487395 0.22802 0.0275931 0
 0.321318 0.546541 0.124235 0.00734118 0.000564706
 0.182869 0.594174 0.210203 0.0122559 0.00049798
 0.330522 0.361315 0.267642 0.0388342 0.00168674
 0.649043 0.306663 0.0425973 0.00169635 0
 0.582887 0.30429 0.105238 0.00758474 0
 0.465427 0.430635 0.0974691 0.00646863 0
 0.296916 0.608066 0.0921331 0.00288517 0
 0.311714 0.524322 0.152257 0.0117073 0
 0.15457 0.633149 0.183074 0.0267441 0.00246327
 0.131901 0.49318 0.331252 0.0422183 0.00144891
 0.196976 0.569456 0.194076 0.0375587 0.00193317
 0.518974 0.381816 0.0799577 0.0180837 0.00116848
 0.0928022 0.601141 0.25162 0.0475244 0.00691264
 0.122501 0.610282 0.24278 0.0234846 0.000952079
 0.383417 0.481906 0.127806 0.00687128 0
 0.0376549 0.599619 0.316969 0.0457579 0
 0.0361596 0.667082 0.258105 0.0386534 0
 0.158088 0.579412 0.248529 0.0139706 0
 0.0477256 0.309471 0.559284 0.082774 0.000745712
 0.0406174 0.521527 0.379366 0.0568643 0.0016247
 0.151134 0.462217 0.34131 0.0453401 0
 0.294876 0.26143 0.354403 0.0886775 0.000613685
 0.281977 0.475581 0.204845 0.0348837 0.00271318
 0.0841818 0.532909 0.334909 0.0458182 0.00218182
 0.115287 0.27431 0.454777 0.147771 0.00785563
pf_pred 
 0.145003 0.575294 0.248056 0.0316378 9.25207e-06
 0.266881 0.441805 0.231419 0.0533921 0.00650273
 0.0623579 0.754139 0.138142 0.0364139 0.00894737
 0.204373 0.373472 0.387322 0.0267239 0.00810829
 0.368491 0.438264 0.119868 0.0675733 0.005804
 0.127196 0.706847 0.130734 0.0221259 0.0130964
 0.416344 0.355112 0.20683 0.0173292 0.00438542
 0.244051 0.671574 0.0641254 0.0184186 0.00183178
 0.296107 0.554852 0.141487 0.00583027 0.00172375
 0.32361 0.567182 0.0983423 0.0103506 0.000514928
 0.163338 0.692377 0.131976 0.0111435 0.00116554
 0.168017 0.588132 0.224555 0.0177516 0.00154433
 0.267833 0.532063 0.169265 0.0285382 0.0023011
 0.266673 0.649941 0.0742861 0.00780041 0.00129902
 0.261994 0.698615 0.0386306 0.000687965 7.19472e-05
 0.305303 0.650377 0.0439321 0.000380979 6.40325e-06
 0.22944 0.666285 0.101804 0.00245131 1.98947e-05
 0.278375 0.573085 0.139965 0.00838679 0.000188994
 0.214001 0.635006 0.135294 0.0148433 0.000854618
 0.267169 0.531882 0.180008 0.0188664 0.00207391
 0.280774 0.5675 0.129124 0.0203685 0.0022331
 0.21706 0.587832 0.170015 0.0214908 0.00360188
 0.280608 0.502335 0.18412 0.0288672 0.0040704
 0.273207 0.56872 0.129419 0.0244878 0.004167
 0.068543 0.709077 0.194431 0.0230834 0.00486563
 0.0794787 0.346635 0.490425 0.0733791 0.0100825
pobs_RECLAS
 0 0 0 0 0
 0 0 0 0 0
 0 0 0 0 0
 0 0 0 0 0
 0.835266 0.146461 0.0176864 0.000547809 3.91292e-05
 0.385257 0.428462 0.181853 0.0044286 0
 0.867414 0.0963971 0.0333333 0.00285562 0
 0.441836 0.489002 0.0689373 0.000224442 0
 0.779404 0.147425 0.0564933 0.0165055 0.000172143
 0.814271 0.122319 0.05973 0.00367925 0
 0.40263 0.566651 0.0304383 0.000280538 0
 0.475488 0.404961 0.113038 0.00651328 0
 0.955842 0.0263864 0.0167828 0.000988607 0
 0.975058 0.0227948 0.00214734 0 0
 0.738997 0.206755 0.0527124 0.00153531 0
 0.850938 0.134255 0.0134407 0.00136685 0
 0.542534 0.407297 0.0501686 0 0
 0.764087 0.199537 0.0359546 0.000420521 0
 0.470689 0.182191 0.310203 0.0369168 0
 0.84361 0.089868 0.0606195 0.00523954 0.000663233
 0.607945 0.314616 0.071237 0.00620181 0
 0.523733 0.453247 0.0230204 0 0
 0.530135 0.295979 0.169645 0.0042399 0
 0.562478 0.366248 0.0663022 0.0049721 0
 0.250443 0.683176 0.0655157 0.000865301 0
 0.195077 0.31981 0.436473 0.0351445 0.0134964
ppred_RECLAS
 0.369592 0.442064 0.165985 0.0223527 6.64741e-06
 0.563442 0.277554 0.124866 0.0303762 0.00376192
 0.202754 0.668977 0.0954387 0.0262701 0.0065602
 0.476583 0.262934 0.23781 0.017327 0.00534622
 0.658243 0.243367 0.0596655 0.0356134 0.00311117
 0.342256 0.549275 0.0844188 0.0150152 0.00903571
 0.718584 0.1813 0.0901125 0.00795579 0.00204719
 0.535731 0.420457 0.0328941 0.00991563 0.0010025
 0.609401 0.320948 0.0659483 0.0028473 0.000855709
 0.624221 0.322653 0.0475838 0.00527563 0.000266864
 0.417358 0.49838 0.0767491 0.00679155 0.000722085
 0.425124 0.427707 0.134971 0.0112074 0.000991234
 0.599233 0.312583 0.0741251 0.0129944 0.00106461
 0.663568 0.314726 0.0193159 0.00204465 0.000345388
 0.651621 0.338139 0.0100401 0.000180246 1.91207e-05
 0.624068 0.357287 0.0184749 0.000167018 2.85265e-06
 0.525255 0.422333 0.0511148 0.00128736 1.06195e-05
 0.581078 0.344663 0.0697653 0.00439223 0.000100626
 0.486506 0.426554 0.0774615 0.00895396 0.0005242
 0.567242 0.328324 0.0930322 0.0102551 0.00114614
 0.568294 0.34906 0.0697274 0.0116227 0.00129588
 0.485921 0.397869 0.100505 0.0134179 0.00228695
 0.57601 0.308129 0.0974361 0.0161149 0.00231062
 0.563464 0.351238 0.0691129 0.0137979 0.00238759
 0.200076 0.626714 0.150318 0.0188512 0.00404093
 0.23898 0.311706 0.380806 0.0601096 0.0083987
pobs_PELACES
 0 0 0 0 0
 0 0 0 0 0
 0 0 0 0 0
 0 0 0 0 0
 0 0 0 0 0
 0 0 0 0 0
 0 0 0 0 0
 0 0 0 0 0
 0 0 0 0 0
 0 0 0 0 0
 0.450072 0.473896 0.0757376 0.000293798 0
 0 0 0 0 0
 0.463077 0.371075 0.160297 0.00555027 0
 0.529543 0.364841 0.0842815 0.0213345 0
 0.631943 0.363953 0.00410389 0 0
 0.735681 0.248677 0.0153453 0.000297389 0
 0.695825 0.281241 0.0229344 0 0
 0.275771 0.60734 0.115278 0.00161068 0
 0 0 0 0 0
 0.896147 0.0623911 0.0374545 0.00400742 0
 0.803859 0.145111 0.0509908 3.86294e-05 0
 0.739449 0.233085 0.0266225 0.000797448 4.60066e-05
 0.878498 0.100942 0.0204185 0.000141795 0
 0.694673 0.275183 0.0284847 0.00165964 0
 0.469039 0.446079 0.0841089 0.000773354 0
 0.822795 0.102175 0.0682046 0.00682512 0
ppred_PELACES
 0.467184 0.397249 0.120066 0.0154973 4.57286e-06
 0.67272 0.226511 0.0798976 0.0185872 0.00228374
 0.323814 0.598561 0.0586004 0.0152491 0.00377559
 0.585475 0.230688 0.168467 0.011768 0.0036028
 0.715031 0.21151 0.0451792 0.0260236 0.00225656
 0.462476 0.469327 0.0536816 0.00908991 0.0054255
 0.805215 0.136577 0.0526354 0.00443968 0.00113334
 0.658628 0.317524 0.0181319 0.00519469 0.000520874
 0.734345 0.230084 0.0337758 0.0013834 0.000412294
 0.720354 0.248272 0.0282346 0.00298929 0.000150005
 0.55556 0.396601 0.0437761 0.00367593 0.000387578
 0.559205 0.35176 0.0819892 0.0064771 0.000568178
 0.756203 0.206082 0.0320035 0.00528256 0.00042901
 0.855488 0.139779 0.00425044 0.000413577 6.91619e-05
 0.846423 0.15131 0.00222597 3.67339e-05 3.85768e-06
 0.756006 0.235715 0.00820725 7.00286e-05 1.18579e-06
 0.664914 0.308345 0.0261132 0.000622799 5.09422e-06
 0.698129 0.260395 0.0390806 0.00234158 5.32079e-05
 0.595289 0.349812 0.0491559 0.00542757 0.000315222
 0.684652 0.254709 0.0543031 0.00570403 0.00063234
 0.651566 0.292126 0.0478113 0.00765018 0.000846401
 0.579469 0.340447 0.0696579 0.00891814 0.00150824
 0.675964 0.250191 0.0625389 0.00989818 0.00140809
 0.659193 0.286109 0.0446904 0.00854128 0.0014664
 0.265744 0.600204 0.116985 0.0140732 0.00299338
 0.341271 0.30873 0.298629 0.0451159 0.00625422
pobs_pel_tallas
 0 0 0 0 0 0 0 0 0 0 0 0 0 0 0 0 0 0 0 0 0 0 0 0 0 0 0 0 0 0 0 0 0 0 0 0
 0 0 0 0 0 0 0 0 0 0 0 0 0 0 0 0 0 0 0 0 0 0 0 0 0 0 0 0 0 0 0 0 0 0 0 0
 0 0 0 0 0 0 0 0 0 0 0 0 0 0 0 0 0 0 0 0 0 0 0 0 0 0 0 0 0 0 0 0 0 0 0 0
 0 0 0 0 0 0 0 0 0 0 0 0 0 0 0 0 0 0 0 0 0 0 0 0 0 0 0 0 0 0 0 0 0 0 0 0
 0 0 0 0 0 0 0 0 0 0 0 0 0 0 0 0 0 0 0 0 0 0 0 0 0 0 0 0 0 0 0 0 0 0 0 0
 0 0 0 0 0 0 0 0 0 0 0 0 0 0 0 0 0 0 0 0 0 0 0 0 0 0 0 0 0 0 0 0 0 0 0 0
 0 0 0 0 0 0 0 0 0 0 0 0 0 0 0 0 0 0 0 0 0 0 0 0 0 0 0 0 0 0 0 0 0 0 0 0
 0 0 0 0 0 0 0 0 0 0 0 0 0 0 0 0 0 0 0 0 0 0 0 0 0 0 0 0 0 0 0 0 0 0 0 0
 0 0 0 0 0 0 0 0 0 0 0 0 0 0 0 0 0 0 0 0 0 0 0 0 0 0 0 0 0 0 0 0 0 0 0 0
 0 0 0 0 0 0 0 0 0 0 0 0 0 0 0 0 0 0 0 0 0 0 0 0 0 0 0 0 0 0 0 0 0 0 0 0
 0 0 0 0 0 0 0 0 1.78061e-05 0.00172719 0.00360574 0.0105946 0.0120993 0.0124554 0.0147524 0.0171206 0.0266825 0.0428682 0.0675386 0.121331 0.153587 0.119568 0.100827 0.0573624 0.0630603 0.0341343 0.0324427 0.0444173 0.0211091 0.0280891 0.0125444 0.00206551 0 0 0 0
 0 0 0 0 0 0 0 0 0 0 0 0 0 0 0 0 0 0 0 0 0 0 0 0 0 0 0 0 0 0 0 0 0 0 0 0
 0 0 0 0 0 0 0.0133647 0.0140871 0.0187388 0.0205184 0.03894 0.0496705 0.03968 0.0493445 0.0407372 0.0367815 0.0215668 0.0243155 0.0234873 0.0199281 0.019796 0.0243948 0.0301388 0.0376714 0.0412746 0.0863199 0.0771752 0.113111 0.0741005 0.0525337 0.0229764 0.00759418 0.00175318 0 0 0
 0 0 0 0 0 0 0 0 0 0 0.00219441 0.00772107 0.0458388 0.0604681 0.0671733 0.0775358 0.0609151 0.0617685 0.073594 0.0568108 0.0755445 0.0548602 0.0670107 0.0636378 0.0643287 0.046367 0.0373049 0.0286899 0.0247887 0.0153202 0.00654259 0.00121912 0.000365735 0 0 0
 0 0 0 0 0 0 0 0 0 0 0 0 0.000112435 0.00938835 0.0111873 0.0202946 0.0414886 0.0713402 0.111592 0.104902 0.108894 0.110636 0.117776 0.105296 0.107544 0.0401394 0.0192827 0.0124803 0.00416011 0.0028671 0.000618394 0 0 0 0 0
 0 0 0 0 0 0 0 0 0 0 0.00291406 0.0102884 0.027416 0.0768956 0.0749926 0.110853 0.0956884 0.0897413 0.0766577 0.0534642 0.0500743 0.0551293 0.0594112 0.0620874 0.0668451 0.0424026 0.0208742 0.0120726 0.0048766 0.00582813 0.00118941 0.000297354 0 0 0 0
 0 0.00264628 0.0354308 0.0461629 0.0458689 0.0383711 0.0214643 0.0164657 0.0346957 0.0420465 0.0363128 0.0245516 0.0311673 0.0291091 0.0169068 0.0133784 0.00837989 0.0085269 0.0148486 0.0160247 0.0276389 0.0546898 0.0760071 0.122758 0.109233 0.0665981 0.0333725 0.0166128 0.00676272 0.00308733 0.000882094 0 0 0 0 0
 0 0 0 0 0 0 0 0.000805153 0.000690131 0.00759144 0.0133425 0.0154129 0.00931677 0.000345066 0.00356568 0.00563607 0.00851162 0.0253048 0.0502646 0.0516448 0.0657925 0.0565908 0.0611916 0.0827007 0.0866115 0.110766 0.145733 0.0935128 0.0569358 0.0249597 0.0138026 0.00621118 0.00161031 0.00115022 0 0
 0 0 0 0 0 0 0 0 0 0 0 0 0 0 0 0 0 0 0 0 0 0 0 0 0 0 0 0 0 0 0 0 0 0 0 0
 0.00147267 0.00158595 0.00478618 0.00569244 0.00954404 0.0108468 0.00647125 0.017049 0.0510054 0.094081 0.124002 0.0959785 0.0687766 0.0820023 0.061753 0.0591476 0.0492212 0.0479892 0.0443925 0.0268479 0.0217502 0.0140895 0.0121071 0.0120363 0.00920419 0.00665534 0.0049561 0.00860946 0.00930331 0.0156896 0.0114698 0.00855282 0.00243557 0.00046729 0 2.83206e-05
 0 0 0 0 0.000772559 0.00158375 0.000888443 0.00281984 0.00712685 0.0440552 0.0773331 0.111326 0.0921469 0.0852325 0.0710754 0.0886704 0.0786465 0.0553345 0.0373146 0.0185414 0.00753245 0.00457741 0.012979 0.0271748 0.0457355 0.0583668 0.034881 0.0177882 0.00938659 0.00492506 0.0015258 0.00185414 0.000309023 5.79419e-05 3.86279e-05 0
 0 0.00173294 0.00326652 0 0.00397197 0.00683976 0.00946217 0.0152591 0.00757587 0.0136028 0.0228656 0.0392903 0.0559909 0.0764795 0.0681675 0.0726916 0.0566044 0.0477403 0.0527397 0.0444891 0.0609904 0.0582453 0.0661739 0.0445044 0.0529084 0.0360697 0.0280645 0.0235558 0.0158879 0.00826598 0.00280645 0.00217768 0.000904811 0.00058276 9.20147e-05 0
 0 0 0 0 0 0 0 0 0 0 0 0 0 0 0 0 0 0 0 0 0 0 0 0 0 0 0 0 0 0 0 0 0 0 0 0
 0 0 0 0 0 0 0 0 0 0 0 0 0 0 0 0 0 0 0 0 0 0 0 0 0 0 0 0 0 0 0 0 0 0 0 0
 0 0 0 0 0 0 0 0 0 0 0 0 0 0 0 0 0 0 0 0 0 0 0 0 0 0 0 0 0 0 0 0 0 0 0 0
 0 0 0 0 0 0 0 0 0 0 0 0 0 0 0 0 0 0 0 0 0 0 0 0 0 0 0 0 0 0 0 0 0 0 0 0
ppred_pel_tallas
 1.02367e-16 2.04004e-05 0.000119693 0.000568877 0.00219006 0.00682938 0.0172508 0.0352998 0.0585222 0.0786207 0.0856261 0.0756977 0.0545564 0.0325855 0.0172098 0.00996121 0.00874977 0.0110535 0.0152812 0.0206142 0.026499 0.0323591 0.037553 0.0414646 0.0436313 0.0438464 0.0421991 0.0390344 0.0348547 0.0301957 0.0255189 0.0211487 0.0172609 0.0139096 0.0110726 0.00869453
 1.01954e-16 2.93557e-05 0.000172284 0.000818939 0.00315292 0.00983207 0.0248351 0.0508165 0.0842363 0.113134 0.12313 0.108652 0.0778706 0.0456348 0.0225015 0.0105172 0.00651447 0.006748 0.00891074 0.0119561 0.0153935 0.018856 0.0219727 0.0243909 0.0258422 0.0262 0.0255019 0.0239279 0.0217462 0.0192448 0.0166727 0.0142063 0.0119441 0.00992191 0.0081384 0.00657718
 1.01728e-16 1.41568e-05 8.30191e-05 0.000394487 0.00151855 0.00473524 0.0119614 0.0244788 0.0405921 0.0545616 0.059499 0.0527801 0.0384311 0.0237386 0.0139674 0.0103175 0.0114723 0.0157699 0.0220981 0.0297397 0.0380008 0.0460321 0.0528703 0.0576064 0.0595906 0.0585871 0.0548296 0.04895 0.041814 0.0343168 0.0272062 0.020978 0.0158575 0.0118475 0.00881032 0.00654963
 1.0304e-16 2.55518e-05 0.000149951 0.000712762 0.00274411 0.0085572 0.0216149 0.0442278 0.0733159 0.0984712 0.107183 0.0946058 0.0678597 0.0398825 0.0198807 0.00965996 0.0064917 0.00714395 0.00963012 0.0130478 0.0169598 0.0210155 0.0248405 0.0280617 0.0303731 0.031594 0.0316957 0.0307876 0.0290725 0.0267883 0.0241585 0.0213632 0.0185338 0.0157633 0.0131215 0.0106667
 1.0171e-16 3.12e-05 0.000183113 0.000870425 0.00335116 0.0104503 0.0263966 0.0540114 0.0895312 0.120242 0.130859 0.115453 0.0827031 0.0483828 0.0236991 0.0108111 0.00633443 0.0062735 0.00816859 0.010912 0.0140022 0.0170849 0.0198128 0.0218618 0.0229925 0.0231028 0.0222479 0.0206171 0.0184799 0.0161184 0.0137699 0.0115945 0.00967042 0.00801124 0.00659255 0.00537689
 1.01481e-16 2.01979e-05 0.000118497 0.000563181 0.00216811 0.00676089 0.0170779 0.0349465 0.0579386 0.0778427 0.0847948 0.0750009 0.0541369 0.0324998 0.0174634 0.0105702 0.00977347 0.0125854 0.0174148 0.0234007 0.0299083 0.0362509 0.0416693 0.0454493 0.0470784 0.0463675 0.0434942 0.0389476 0.0334005 0.02755 0.0219795 0.0170776 0.0130232 0.00982288 0.00737425 0.00552947
 1.00998e-16 3.51294e-05 0.000206189 0.000980146 0.00377364 0.0117678 0.0297244 0.0608197 0.100814 0.135386 0.147315 0.129914 0.0929356 0.0541141 0.0260312 0.0110731 0.00538408 0.00443359 0.00544954 0.00722557 0.00928806 0.0113732 0.0132484 0.0146985 0.0155599 0.0157547 0.0153048 0.0143185 0.0129589 0.0114022 0.00980219 0.0082698 0.00686889 0.00562502 0.00453978 0.00360404
 1.00564e-16 2.87448e-05 0.000168689 0.000801832 0.00308703 0.00962654 0.0243161 0.0497552 0.0824796 0.110782 0.120592 0.106461 0.0764071 0.0449917 0.022581 0.0112135 0.00781791 0.00874109 0.011707 0.0156305 0.0199238 0.0240824 0.0275845 0.0299483 0.0308335 0.0301237 0.0279545 0.0246749 0.0207583 0.016692 0.0128812 0.00959256 0.00694344 0.004928 0.00346198 0.00242796
 1.00622e-16 3.20429e-05 0.00018806 0.00089394 0.0034417 0.0107326 0.0271097 0.0554706 0.0919504 0.123492 0.134398 0.118581 0.0849552 0.0497234 0.0243979 0.0111987 0.00665149 0.00665053 0.00866243 0.0115355 0.0147338 0.0178678 0.0205545 0.0224405 0.0232716 0.0229511 0.0215619 0.0193397 0.0166117 0.0137184 0.0109473 0.00849214 0.00644597 0.00481804 0.00356412 0.00261649
 1.00592e-16 3.14336e-05 0.000184481 0.000876921 0.00337616 0.0105282 0.0265936 0.0544146 0.0902006 0.121144 0.131847 0.116343 0.083379 0.0488553 0.0240731 0.0112196 0.00689535 0.00707848 0.00928261 0.0123669 0.0157835 0.0191184 0.0219599 0.0239282 0.024752 0.0243318 0.022763 0.0203066 0.0173217 0.0141806 0.0111956 0.00857555 0.00641751 0.00472617 0.00344723 0.00250093
 1.00896e-16 2.42538e-05 0.000142316 0.000676432 0.00260418 0.00812078 0.0205128 0.0419739 0.0695845 0.0934742 0.101782 0.0899303 0.0647048 0.0384272 0.0198909 0.0108741 0.00884393 0.01076 0.0147068 0.019718 0.0251816 0.0304985 0.035022 0.0381473 0.0394417 0.0387472 0.0362177 0.032272 0.0274853 0.0224543 0.017679 0.0134937 0.0100534 0.00736492 0.00534011 0.00384987
 1.01528e-16 2.44111e-05 0.000143243 0.000680848 0.0026212 0.00817386 0.0206468 0.0422478 0.0700373 0.0940786 0.10243 0.090479 0.0650477 0.0385271 0.0197536 0.0105004 0.00820397 0.00979836 0.0133651 0.0179626 0.0230293 0.0280342 0.0324045 0.0355972 0.0372121 0.0370823 0.0353087 0.0322223 0.0282938 0.0240198 0.0198238 0.0159985 0.0126942 0.00994392 0.0077063 0.00590704
 1.00724e-16 3.2995e-05 0.000193652 0.00092053 0.00354408 0.0110519 0.0279162 0.0571205 0.0946845 0.127161 0.138384 0.12208 0.0874243 0.0510921 0.0249272 0.0112022 0.0063264 0.00606332 0.00780457 0.0103781 0.0132616 0.0160968 0.0185398 0.0202739 0.0210706 0.0208416 0.0196581 0.0177275 0.0153382 0.0127908 0.0103387 0.00815294 0.00631544 0.00483511 0.00367455 0.00277661
 1.00124e-16 3.73216e-05 0.000219059 0.00104133 0.00400922 0.0125024 0.03158 0.0646165 0.107107 0.143836 0.156507 0.138014 0.0987144 0.057448 0.0275756 0.0116241 0.00548727 0.0043396 0.00522366 0.00684655 0.0086973 0.0104937 0.0119946 0.0129867 0.0133215 0.0129503 0.0119365 0.0104382 0.00866847 0.00684602 0.00515233 0.00370629 0.00255923 0.00170649 0.00110752 0.000706381
 1.00083e-16 3.69268e-05 0.00021674 0.0010303 0.00396676 0.01237 0.0312456 0.0639323 0.105973 0.142315 0.154854 0.136564 0.097693 0.0568851 0.0273643 0.0116363 0.0056432 0.00461405 0.00562195 0.0073813 0.00937368 0.0113014 0.0129049 0.0139537 0.014288 0.0138566 0.0127302 0.0110824 0.00914614 0.00716021 0.00532242 0.00376186 0.00253352 0.00163093 0.00100815 0.00060226
 1.00196e-16 3.29876e-05 0.000193606 0.000920304 0.0035432 0.0110491 0.0279093 0.0571066 0.0946622 0.127134 0.13836 0.122074 0.0874522 0.0511731 0.0250865 0.0114746 0.00675606 0.00669856 0.00868773 0.0115317 0.0146733 0.0177086 0.020244 0.0219215 0.0224905 0.0218682 0.0201613 0.0176356 0.0146502 0.0115737 0.00871235 0.0062671 0.00432518 0.00287956 0.00186261 0.0011806
 1.00493e-16 2.90185e-05 0.000170297 0.000809477 0.00311647 0.00971836 0.024548 0.0502296 0.0832657 0.111837 0.121737 0.107466 0.0771141 0.0453795 0.0227233 0.0111982 0.00769953 0.00853662 0.0114129 0.0152393 0.0194345 0.0235063 0.026947 0.0292864 0.0301913 0.0295439 0.0274711 0.0243069 0.0205073 0.0165434 0.0128094 0.00956709 0.00693551 0.00491523 0.00343077 0.00237353
 1.00723e-16 3.0465e-05 0.000178794 0.000849879 0.00327204 0.0102035 0.0257734 0.0527366 0.0874196 0.117411 0.127789 0.112774 0.0808474 0.0474245 0.0234661 0.0111017 0.00704673 0.00741093 0.00978689 0.0130628 0.0166915 0.020246 0.0232957 0.025441 0.0263936 0.0260436 0.0244838 0.0219802 0.0189018 0.0156332 0.0124989 0.00971832 0.0073967 0.00554522 0.00411471 0.00302957
 1.01014e-16 2.59843e-05 0.00015248 0.000724762 0.00279028 0.00870114 0.0219786 0.0449729 0.0745538 0.100143 0.109026 0.0962886 0.0691882 0.0409063 0.0208378 0.0108554 0.00821445 0.00963676 0.0130716 0.0175183 0.0223931 0.0271587 0.0312434 0.0341121 0.035379 0.034898 0.0327956 0.0294306 0.0252997 0.0209202 0.0167271 0.0130136 0.0099189 0.00745547 0.00555485 0.00411364
 1.0108e-16 2.98771e-05 0.000175342 0.000833474 0.00320888 0.0100065 0.0252758 0.0517185 0.0857321 0.115145 0.125323 0.110599 0.0792897 0.046515 0.0230244 0.0109081 0.00694698 0.00732943 0.00969865 0.0129693 0.0166097 0.0202056 0.0233369 0.0256106 0.0267389 0.0266035 0.0252813 0.0230158 0.0201512 0.0170497 0.0140191 0.0112704 0.00891041 0.0069595 0.00538366 0.00412507
 1.01077e-16 2.84359e-05 0.000166878 0.000793225 0.0030539 0.00952324 0.0240551 0.049221 0.0815936 0.109591 0.11929 0.105302 0.0755531 0.0444448 0.022226 0.0109069 0.00744479 0.00822534 0.0110045 0.0147264 0.0188378 0.0228754 0.0263598 0.0288431 0.0300005 0.0297053 0.0280564 0.0253454 0.0219787 0.0183807 0.014909 0.0118057 0.00918759 0.00706876 0.00539825 0.00409732
 1.01477e-16 2.52942e-05 0.000148429 0.000705504 0.00271613 0.00846992 0.0213946 0.0437778 0.0725728 0.0974822 0.10613 0.0937326 0.0673552 0.0398303 0.0203045 0.0106034 0.00805875 0.00948413 0.012889 0.0173054 0.0221713 0.026968 0.0311409 0.0341664 0.0356608 0.0354678 0.0336916 0.0306593 0.0268324 0.0226952 0.0186588 0.0150042 0.0118719 0.00928702 0.00720172 0.00553689
 1.01376e-16 2.94981e-05 0.000173118 0.000822898 0.00316816 0.00987957 0.0249551 0.0510622 0.0846442 0.113683 0.123733 0.109196 0.0782839 0.0459255 0.022734 0.0107737 0.00686749 0.00725406 0.00960933 0.0128654 0.0165017 0.0201135 0.0232893 0.0256424 0.0268862 0.0268986 0.0257456 0.0236556 0.0209553 0.0179899 0.015054 0.0123514 0.00998736 0.0079871 0.0063256 0.00495648
 1.0109e-16 2.87682e-05 0.00016883 0.000802504 0.00308963 0.00963466 0.0243365 0.0497968 0.0825478 0.110871 0.120682 0.106525 0.0764186 0.0449297 0.0224235 0.0109295 0.00736467 0.00806948 0.0107731 0.0144109 0.0184315 0.0223789 0.0257838 0.0282076 0.0293332 0.0290377 0.0274189 0.0247635 0.0214704 0.0179551 0.0145676 0.0115438 0.00899663 0.00693802 0.00531641 0.00405342
 1.0248e-16 1.16249e-05 6.81541e-05 0.000323817 0.00124645 0.0038867 0.0098181 0.0200935 0.0333235 0.0448021 0.0488841 0.0434298 0.0317659 0.019906 0.0122162 0.00973559 0.0114393 0.016007 0.0225398 0.0304174 0.0389827 0.0473991 0.0547029 0.0599738 0.062538 0.0621238 0.0589199 0.0535092 0.0467111 0.0393846 0.0322579 0.0258273 0.0203391 0.015834 0.0122225 0.00935911
 1.06183e-16 1.49069e-05 8.74476e-05 0.000415597 0.00159992 0.00498906 0.0126022 0.0257879 0.0427542 0.0574416 0.062571 0.0553424 0.0399447 0.0239781 0.0128892 0.00782947 0.0073136 0.00954889 0.0134264 0.0183985 0.0240996 0.0301248 0.0359897 0.0411881 0.0452828 0.0479818 0.0491773 0.0489332 0.0474358 0.0449284 0.0416565 0.0378378 0.0336591 0.029287 0.0248819 0.0206012
pSPR Fmed_Fpbrs
0.525467   0.6 0.325
Fs Fmed_Fpbrs
0.68   0.489847 1.76895
SSBpbr Bo_Bmed_Bpbrs
513645  244221  282505 141252
Ro
24343
SPR SPRFo_SPRFmed_SPRFpbrs
502789 264199 163406
log_Ro
9.92
likeval ReclasPelacesDesembMPH_pf_preclas_ppelaces_ptallas_desvR_qrecl_qpela
 75.159 13.1251 0.108927 0.000450331 332.978 204.213 87.4831 0 22.9577 3.66817e-05 0.000267271 5.73345e-14 0 0 0
q_reclas_q_pelaces
2.359 10.2358
M
0.7
N
 24050.4 14353.1 4386.17 547.487 0.159922
 42950.4 11203.9 4269.07 965.917 117.519
 8329.54 19672.3 2908.79 757.744 186.072
 12808.2 3501.35 2565.36 173.179 52.4832
 38762.4 5978.56 1058.11 579.375 49.6863
 19871.6 19002 2676.88 445.86 263.682
 64236.2 8801.04 3767.97 309.853 78.3351
 59783.8 29211.7 2157.28 610.499 60.6681
 75971.5 26148.9 5239.54 212.968 62.9198
 115318 32773.3 4198 433.829 21.5614
 67456.2 52256.1 7808.57 650.24 67.9614
 47820.7 29161.1 8532.09 664.088 57.726
 50777.8 21076.6 5560.79 928.224 74.8055
 29199.4 20710.9 2158.1 225.588 37.5588
 12822.9 9950.94 501.647 8.89337 0.929845
 10215.8 4369.96 241.026 2.06724 0.0347247
 7702.35 4242.13 516.671 12.2839 0.0996289
 9198.95 3278.55 611.721 36.0815 0.812409
 8497.23 4064.42 637.733 68.6806 3.95047
 11470.1 3859.07 985.814 101.615 11.1602
 17374.8 5115.95 809.73 124.815 13.6673
 20323.1 8186.86 1667.36 206.157 34.5116
 34181.2 9505.57 2514.56 386.39 54.4246
 49032.4 15738.3 2574.16 477.205 81.1159
 14798.4 22637.9 4356.05 505.722 106.472
 10266.7 6936.11 7071.41 1036.84 142.312
pred_Ctot
 1074.41 4262.69 1837.99 234.423 0.068554
 2409.78 3989.24 2089.57 482.099 58.7158
 928.467 11228.6 2056.84 542.177 133.22
 554.912 1014.05 1051.65 72.5605 22.0156
 357.664 425.387 116.346 65.5879 5.63347
 1555.36 8643.37 1598.63 270.556 160.143
 3911.34 3336.1 1943.06 162.8 41.1989
 5162.68 14206.6 1356.52 389.631 38.7498
 7231.61 13550.7 3455.43 142.389 42.098
 7292.65 12781.6 2216.17 233.254 11.6041
 6330.81 26835.8 5115.26 431.911 45.1752
 3894.09 13631 5204.43 411.423 35.7925
 6598.11 13107.5 4169.87 703.043 56.6879
 6731.83 16406.9 1875.26 196.911 32.7921
 2956.29 7883.03 435.9 7.76286 0.811837
 1215.8 2589.98 174.949 1.51716 0.0254995
 798.263 2318.13 354.195 8.52854 0.0692172
 734.322 1511.73 369.212 22.1234 0.498545
 524.819 1557.3 331.797 36.4018 2.09587
 845.057 1682.35 569.366 59.6746 6.55977
 640.899 1295.38 294.741 46.4935 5.09731
 852.467 2308.61 667.706 84.4015 14.1458
 1797.19 3217.27 1179.22 184.884 26.0694
 2488.21 5179.56 1178.67 223.02 37.9506
 599.488 6201.7 1700.52 201.891 42.5556
 532.604 2322.88 3286.44 491.729 67.5652
F
 0.0638878 0.512573 0.813134 0.839028 0.840437
 0.080833 0.648525 1.0288 1.06157 1.06335
 0.16666 1.33711 2.12117 2.18872 2.19239
 0.0619053 0.496668 0.787902 0.812993 0.814357
 0.0129036 0.103526 0.164231 0.169461 0.169746
 0.114422 0.918012 1.45631 1.50269 1.50521
 0.0879993 0.70602 1.12001 1.15568 1.15762
 0.126927 1.01833 1.61546 1.66691 1.6697
 0.140745 1.1292 1.79134 1.84838 1.85149
 0.0915355 0.734391 1.16502 1.20212 1.20414
 0.138641 1.11232 1.76456 1.82075 1.82381
 0.119294 0.957097 1.51832 1.56667 1.5693
 0.196801 1.57894 2.50479 2.58455 2.58889
 0.376481 3.02052 4.79168 4.94427 4.95257
 0.376481 3.02052 4.79168 4.94427 4.95257
 0.178873 1.4351 2.27661 2.34911 2.35306
 0.154124 1.23654 1.96162 2.02409 2.02749
 0.116818 0.937236 1.48681 1.53416 1.53673
 0.0893128 0.716559 1.13673 1.17293 1.1749
 0.107376 0.861481 1.36663 1.41015 1.41252
 0.0524895 0.421124 0.668061 0.689336 0.690493
 0.0598817 0.480432 0.762146 0.786417 0.787737
 0.075577 0.606356 0.961909 0.99254 0.994207
 0.072857 0.584533 0.927289 0.956818 0.958425
 0.0577794 0.463565 0.735389 0.758808 0.760082
 0.0745346 0.597993 0.948641 0.978851 0.980494
Np
 15231.5 7287.31 1743.07 585.587 540.149
YTP_r0W_actual
 4793.44 59001.1 116011 20357.6 3040.43
YTP_p0W_proyectada
 3289.98 19311.3 16586.7 15597.3 2924.98
 3289.98 29738.8 15264.1 6716.29 6884.19
CTP_r0_actual
 532.604 2322.88 3286.44 491.729 67.5652
CTP_p0_proyectada
 401.217 894.044 528.239 388.959 65.7298
 401.217 1376.8 486.118 167.489 154.701
Wmedp
 8.2 21.6 31.4 40.1 44.5
nmprior
 10.6 11 7 0
nm_flota  nm_reclas  nm_pelaces    nm_pelaL
inf 28.1497 12.681 35.0281
cv_recla  cv_pelaces  cv_mph
0.766943 0.396864 0.577563
 ------------------------------------------------
Talla a la edad & desviaci?n 
 7.2 14.2025 17.0495 18.207 18.6776
 1.08 2.13037 2.55742 2.73105 2.80164
