years
 1997 1998 1999 2000 2001 2002 2003 2004 2005 2006 2007 2008 2009 2010 2011 2012 2013 2014 2015 2016 2017 2018 2019 2020 2021 2022
reclasobs
 0 0 0 370054 412103 1.49427e+06 250295 1.28982e+06 931140 785840 897777 1.04006e+06 184774 17550 25797 100020 73551 82996 120727 218422 84188 347160 605670 569463 516374 1.08416e+06
reclaspred
 467728 129391 398320 277899 397790 482163 1.04153e+06 686772 745838 688611 549798 367859 223855 96722.8 62822.3 64119.6 81740.2 112423 121754 172150 251571 231670 403206 552002 688916 642619
pelacesobs
 0 0 0 0 0 0 0 0 0 2.06254e+06 1.5e+06 0 1.87456e+06 323000 250000 174000 83755 137374 0 501740 490994 745055 786931 1.00524e+06 1.33801e+06 1.41789e+06
pelacespred
 1.95076e+06 449848 856327 912574 1.1341e+06 1.09294e+06 2.79343e+06 2.24222e+06 2.17655e+06 2.01195e+06 1.39732e+06 964365 587118 201409 135836 148922 199684 281429 306566 432066 710857 622768 892352 1.38232e+06 1.67782e+06 1.7262e+06
mphobs
 0 0 0 0 0 112323 0 153150 637223 0 255016 313432 73983 77613 109348 50772 17779 17303 59886 28197 0 207744 136588 643089 65757 0
mphpred
 145360 89837.9 110417 132014 135891 209011 308827 365028 304930 303383 286979 196972 120375 62124.9 27408.4 23340.1 28976.4 40395.4 50801.7 59231 89033.5 106168 132967 192494 289023 304239
desembarqueobs
 350755 77701 442110 56441 14545 235359 269955 359681 431902 328805 639364 411747 362871 311530 167758 66681 60226 58785 57116 73181 50977 67692 138656 160484 209506 203330
desembarquepred
 350766 77704.4 442153 56443.7 14545.2 235415 269997 359708 431977 328853 639590 411981 363189 311906 167735 66691.8 60252.3 58786 57110.9 73183.5 50979 67687.1 138663 160494 209501 203326
Reclutas
 50193.7 61500.6 36226.4 52932.5 91025.1 66739.1 108625 99220.1 120031 125649 64869.4 42500.7 44318.8 24045.9 16414.6 17692.6 13913.7 15736.5 18074.8 30341.5 38288.3 48709.3 81697.1 114583 49680.8 60629.2
log_desv_Rt
 0.0636447 0.266802 -0.262456 0.116773 0.658891 0.348547 0.835656 0.745096 0.935507 0.981249 0.320131 -0.102725 -0.060836 -0.672278 -1.05407 -0.979098 -1.21937 -1.09626 -0.957723 -0.439728 -0.2071 0.0336258 0.550774 0.889054 0.0533732 0.252532
SSB
 616093 380769 467990 559528 575959 885874 1.30893e+06 1.54713e+06 1.29242e+06 1.28586e+06 1.21633e+06 834845 510197 263310 116168 98924.9 122813 171212 215318 251045 377360 449981 563569 815865 1.225e+06 1.28948e+06
BT
 2.10452e+06 550112 1.03723e+06 908974 1.06622e+06 1.20308e+06 2.78173e+06 2.49384e+06 2.4203e+06 2.18891e+06 1.87685e+06 1.27529e+06 899736 481207 265191 192876 234156 308765 333860 460972 702874 643013 926016 1.41558e+06 1.72184e+06 1.78354e+06
Ftot
 0.509309 0.407649 0.604191 0.119476 0.0240344 0.24052 0.153312 0.301631 0.348859 0.279861 0.576961 0.54807 0.885822 1.63195 1.69269 0.663504 0.45809 0.311503 0.257066 0.264389 0.121803 0.159098 0.190576 0.177033 0.147714 0.155136
BD_Bspro_t
 0.9397 0.732925 0.689474 0.555635 0.683137 0.81253 0.776594 0.784371 0.723415 0.682347 0.645421 0.48259 0.367882 0.257786 0.147271 0.153682 0.242419 0.38686 0.501169 0.597392 0.711465 0.794115 0.802005 0.810879 0.827054 0.790248
BD_Bspro
 0.633325 0.391419 0.481079 0.575178 0.592068 0.910651 1.34554 1.59041 1.32856 1.32182 1.25035 0.858195 0.524467 0.270675 0.119417 0.101692 0.126248 0.176 0.22134 0.258066 0.387914 0.462566 0.579331 0.838684 1.25926 1.32555
BD_Bo
 0.352702 0.217983 0.267916 0.32032 0.329726 0.507146 0.74934 0.885706 0.739884 0.736129 0.696327 0.477933 0.292078 0.15074 0.0665038 0.0566326 0.0703084 0.0980155 0.123266 0.143718 0.216031 0.257606 0.322633 0.467068 0.701287 0.738206
BD_Brms
 0.641276 0.396333 0.48712 0.582399 0.599502 0.922084 1.36244 1.61037 1.34524 1.33842 1.26605 0.86897 0.531052 0.274073 0.120916 0.102968 0.127833 0.17821 0.224119 0.261306 0.392784 0.468374 0.586605 0.849214 1.27507 1.34219
S_f
 0.172828 1 1 1 1
 0.172828 1 1 1 1
 0.172828 1 1 1 1
 0.172828 1 1 1 1
 0.172828 1 1 1 1
 0.172828 1 1 1 1
 0.172828 1 1 1 1
 0.172828 1 1 1 1
 0.172828 1 1 1 1
 0.172828 1 1 1 1
 0.172828 1 1 1 1
 0.172828 1 1 1 1
 0.172828 1 1 1 1
 0.172828 1 1 1 1
 0.172828 1 1 1 1
 0.172828 1 1 1 1
 0.172828 1 1 1 1
 0.172828 1 1 1 1
 0.172828 1 1 1 1
 0.172828 1 1 1 1
 0.172828 1 1 1 1
 0.172828 1 1 1 1
 0.172828 1 1 1 1
 0.172828 1 1 1 1
 0.172828 1 1 1 1
 0.172828 1 1 1 1
Scru_reclas
 0.860933 1 1 1 1
 0.860933 1 1 1 1
 0.860933 1 1 1 1
 0.860933 1 1 1 1
 0.860933 1 1 1 1
 0.860933 1 1 1 1
 0.860933 1 1 1 1
 0.860933 1 1 1 1
 0.860933 1 1 1 1
 0.860933 1 1 1 1
 0.860933 1 1 1 1
 0.860933 1 1 1 1
 0.860933 1 1 1 1
 0.860933 1 1 1 1
 0.860933 1 1 1 1
 0.860933 1 1 1 1
 0.860933 1 1 1 1
 0.860933 1 1 1 1
 0.860933 1 1 1 1
 0.860933 1 1 1 1
 0.860933 1 1 1 1
 0.860933 1 1 1 1
 0.860933 1 1 1 1
 0.860933 1 1 1 1
 0.860933 1 1 1 1
 0.860933 1 1 1 1
Scru_pelaces
 1 1 1 1 1
 1 1 1 1 1
 1 1 1 1 1
 1 1 1 1 1
 1 1 1 1 1
 1 1 1 1 1
 1 1 1 1 1
 1 1 1 1 1
 1 1 1 1 1
 1 1 1 1 1
 1 1 1 1 1
 1 1 1 1 1
 1 1 1 1 1
 1 1 1 1 1
 1 1 1 1 1
 1 1 1 1 1
 1 1 1 1 1
 1 1 1 1 1
 1 1 1 1 1
 1 1 1 1 1
 1 1 1 1 1
 1 1 1 1 1
 1 1 1 1 1
 1 1 1 1 1
 1 1 1 1 1
 1 1 1 1 1
pf_obs 
 0.256992 0.487395 0.22802 0.0275931 0
 0.321318 0.546541 0.124235 0.00734118 0.000564706
 0.182869 0.594174 0.210203 0.0122559 0.00049798
 0.330522 0.361315 0.267642 0.0388342 0.00168674
 0.649043 0.306663 0.0425973 0.00169635 0
 0.582887 0.30429 0.105238 0.00758474 0
 0.465427 0.430635 0.0974691 0.00646863 0
 0.296916 0.608066 0.0921331 0.00288517 0
 0.311714 0.524322 0.152257 0.0117073 0
 0.15457 0.633149 0.183074 0.0267441 0.00246327
 0.131901 0.49318 0.331252 0.0422183 0.00144891
 0.196976 0.569456 0.194076 0.0375587 0.00193317
 0.518974 0.381816 0.0799577 0.0180837 0.00116848
 0.0928022 0.601141 0.25162 0.0475244 0.00691264
 0.122501 0.610282 0.24278 0.0234846 0.000952079
 0.383417 0.481906 0.127806 0.00687128 0
 0.0376549 0.599619 0.316969 0.0457579 0
 0.0361596 0.667082 0.258105 0.0386534 0
 0.158088 0.579412 0.248529 0.0139706 0
 0.0477256 0.309471 0.559284 0.082774 0.000745712
 0.0406174 0.521527 0.379366 0.0568643 0.0016247
 0.151134 0.462217 0.34131 0.0453401 0
 0.294876 0.26143 0.354403 0.0886775 0.000613685
 0.281977 0.475581 0.204845 0.0348837 0.00271318
 0.0841818 0.532909 0.334909 0.0458182 0.00218182
 0.115287 0.27431 0.454777 0.147771 0.00785563
pf_pred 
 0.350678 0.458481 0.170701 0.0201305 1.04848e-05
 0.300446 0.559443 0.0989312 0.0368338 0.00434604
 0.168882 0.624313 0.165385 0.0292465 0.0121738
 0.26502 0.449654 0.214329 0.0567774 0.0142197
 0.297801 0.483162 0.134005 0.0638738 0.0211584
 0.165954 0.594467 0.164847 0.0457202 0.0290116
 0.260039 0.416742 0.230374 0.0638834 0.0289609
 0.199458 0.549151 0.141582 0.0782664 0.0315425
 0.238494 0.47553 0.196172 0.0505772 0.0392269
 0.225528 0.52773 0.154081 0.0635635 0.0290982
 0.131378 0.571463 0.202486 0.0591197 0.0355536
 0.140308 0.461124 0.262216 0.092911 0.043441
 0.227959 0.425889 0.18567 0.105581 0.0549017
 0.20812 0.574914 0.119687 0.0521787 0.0451003
 0.291167 0.553582 0.112714 0.0234651 0.0190719
 0.349311 0.554618 0.0750298 0.0152767 0.00576525
 0.225976 0.627743 0.124683 0.0168674 0.00473043
 0.24381 0.512573 0.197576 0.039243 0.00679773
 0.240159 0.519547 0.16288 0.0627836 0.0146303
 0.311292 0.463967 0.153669 0.0481756 0.022897
 0.26425 0.550083 0.12508 0.0414271 0.0191603
 0.247639 0.517215 0.175807 0.0399755 0.0193638
 0.301622 0.469522 0.157329 0.0534776 0.0180501
 0.282401 0.525345 0.129253 0.0433104 0.0196906
 0.104625 0.637632 0.18869 0.0464244 0.0226283
 0.162159 0.351973 0.346006 0.102391 0.0374709
pobs_RECLAS
 0 0 0 0 0
 0 0 0 0 0
 0 0 0 0 0
 0 0 0 0 0
 0.835266 0.146461 0.0176864 0.000547809 3.91292e-05
 0.385257 0.428462 0.181853 0.0044286 0
 0.867414 0.0963971 0.0333333 0.00285562 0
 0.441836 0.489002 0.0689373 0.000224442 0
 0.779404 0.147425 0.0564933 0.0165055 0.000172143
 0.814271 0.122319 0.05973 0.00367925 0
 0.40263 0.566651 0.0304383 0.000280538 0
 0.475488 0.404961 0.113038 0.00651328 0
 0.955842 0.0263864 0.0167828 0.000988607 0
 0.975058 0.0227948 0.00214734 0 0
 0.738997 0.206755 0.0527124 0.00153531 0
 0.850938 0.134255 0.0134407 0.00136685 0
 0.542534 0.407297 0.0501686 0 0
 0.764087 0.199537 0.0359546 0.000420521 0
 0.470689 0.182191 0.310203 0.0369168 0
 0.84361 0.089868 0.0606195 0.00523954 0.000663233
 0.607945 0.314616 0.071237 0.00620181 0
 0.523733 0.453247 0.0230204 0 0
 0.530135 0.295979 0.169645 0.0042399 0
 0.562478 0.366248 0.0663022 0.0049721 0
 0.250443 0.683176 0.0655157 0.000865301 0
 0.195077 0.31981 0.436473 0.0351445 0.0134964
ppred_RECLAS
 0.735775 0.186567 0.0694621 0.00819159 4.26652e-06
 0.687087 0.250241 0.0442522 0.0164759 0.00194399
 0.513802 0.365219 0.0967491 0.017109 0.00712157
 0.643815 0.217911 0.103868 0.0275154 0.00689115
 0.678983 0.220882 0.0612614 0.0292005 0.00967274
 0.501231 0.355498 0.0985805 0.0273412 0.0173493
 0.638352 0.203678 0.112593 0.0312224 0.0141543
 0.558242 0.303034 0.0781283 0.0431892 0.0174059
 0.614488 0.240737 0.099312 0.0256046 0.0198586
 0.595908 0.27535 0.0803938 0.0331652 0.0151824
 0.439652 0.368651 0.130624 0.0381381 0.0229356
 0.457822 0.290815 0.165371 0.0585958 0.0273967
 0.612629 0.213689 0.0931598 0.052975 0.0275469
 0.609849 0.283254 0.0589687 0.0257079 0.0222204
 0.711642 0.225201 0.0458527 0.00954575 0.00775856
 0.737389 0.223837 0.0302812 0.00616548 0.00232679
 0.599803 0.324564 0.0644655 0.00872103 0.00244579
 0.620701 0.257103 0.0991029 0.019684 0.00340969
 0.615101 0.263178 0.0825071 0.0318032 0.00741102
 0.695726 0.204982 0.0678914 0.0212842 0.010116
 0.642938 0.266957 0.0607016 0.0201047 0.00929857
 0.623183 0.259045 0.088052 0.0200216 0.00969826
 0.684964 0.2118 0.0709704 0.0241235 0.00814232
 0.664372 0.245709 0.0604528 0.0202567 0.00920947
 0.369768 0.448813 0.132814 0.0326769 0.0159275
 0.49296 0.213005 0.209394 0.0619646 0.0226764
pobs_PELACES
 0 0 0 0 0
 0 0 0 0 0
 0 0 0 0 0
 0 0 0 0 0
 0 0 0 0 0
 0 0 0 0 0
 0 0 0 0 0
 0 0 0 0 0
 0 0 0 0 0
 0 0 0 0 0
 0.450072 0.473896 0.0757376 0.000293798 0
 0 0 0 0 0
 0.463077 0.371075 0.160297 0.00555027 0
 0.529543 0.364841 0.0842815 0.0213345 0
 0.631943 0.363953 0.00410389 0 0
 0.735681 0.248677 0.0153453 0.000297389 0
 0.695825 0.281241 0.0229344 0 0
 0.275771 0.60734 0.115278 0.00161068 0
 0 0 0 0 0
 0.896147 0.0623911 0.0374545 0.00400742 0
 0.803859 0.145111 0.0509908 3.86294e-05 0
 0.739449 0.233085 0.0266225 0.000797448 4.60066e-05
 0.878498 0.100942 0.0204185 0.000141795 0
 0.694673 0.275183 0.0284847 0.00165964 0
 0.469039 0.446079 0.0841089 0.000773354 0
 0.822795 0.102175 0.0682046 0.00682512 0
ppred_PELACES
 0.787996 0.149694 0.0557338 0.00657262 3.42329e-06
 0.740304 0.207682 0.0367262 0.0136738 0.00161338
 0.591431 0.306906 0.0813016 0.0143773 0.0059845
 0.684453 0.193049 0.0920174 0.0243761 0.00610492
 0.712058 0.198124 0.0549495 0.0261919 0.00867613
 0.554857 0.317276 0.0879813 0.0244015 0.0154839
 0.681311 0.179484 0.0992184 0.0275135 0.012473
 0.614462 0.264469 0.0681855 0.0376928 0.0151908
 0.670663 0.205658 0.0848409 0.0218737 0.0169649
 0.648984 0.239184 0.0698344 0.028809 0.0131882
 0.516158 0.318317 0.112789 0.032931 0.0198042
 0.532512 0.250753 0.14259 0.0505237 0.0236226
 0.700549 0.165189 0.0720156 0.0409514 0.0212947
 0.739214 0.189334 0.0394161 0.0171838 0.0148527
 0.819825 0.140713 0.0286503 0.0059645 0.0048478
 0.796295 0.173629 0.0234888 0.00478252 0.00180487
 0.663611 0.272815 0.0541871 0.00733054 0.00205583
 0.674211 0.220832 0.0851218 0.016907 0.00292867
 0.665681 0.228593 0.0716647 0.0276239 0.00643713
 0.74057 0.174772 0.0578855 0.0181473 0.00862509
 0.683764 0.236433 0.053761 0.017806 0.00823537
 0.667356 0.228678 0.0777301 0.0176745 0.00856138
 0.726798 0.183674 0.0615461 0.0209201 0.00706108
 0.707009 0.214495 0.0527731 0.0176833 0.00803953
 0.415044 0.41657 0.123273 0.0303294 0.0147833
 0.54089 0.19287 0.1896 0.0561072 0.0205329
pobs_pel_tallas
 0 0 0 0 0 0 0 0 0 0 0 0 0 0 0 0 0 0 0 0 0 0 0 0 0 0 0 0 0 0 0 0 0 0 0 0
 0 0 0 0 0 0 0 0 0 0 0 0 0 0 0 0 0 0 0 0 0 0 0 0 0 0 0 0 0 0 0 0 0 0 0 0
 0 0 0 0 0 0 0 0 0 0 0 0 0 0 0 0 0 0 0 0 0 0 0 0 0 0 0 0 0 0 0 0 0 0 0 0
 0 0 0 0 0 0 0 0 0 0 0 0 0 0 0 0 0 0 0 0 0 0 0 0 0 0 0 0 0 0 0 0 0 0 0 0
 0 0 0 0 0 0 0 0 0 0 0 0 0 0 0 0 0 0 0 0 0 0 0 0 0 0 0 0 0 0 0 0 0 0 0 0
 0 0 0 0 0 0 0 0 0 0 0 0 0 0 0 0 0 0 0 0 0 0 0 0 0 0 0 0 0 0 0 0 0 0 0 0
 0 0 0 0 0 0 0 0 0 0 0 0 0 0 0 0 0 0 0 0 0 0 0 0 0 0 0 0 0 0 0 0 0 0 0 0
 0 0 0 0 0 0 0 0 0 0 0 0 0 0 0 0 0 0 0 0 0 0 0 0 0 0 0 0 0 0 0 0 0 0 0 0
 0 0 0 0 0 0 0 0 0 0 0 0 0 0 0 0 0 0 0 0 0 0 0 0 0 0 0 0 0 0 0 0 0 0 0 0
 0 0 0 0 0 0 0 0 0 0 0 0 0 0 0 0 0 0 0 0 0 0 0 0 0 0 0 0 0 0 0 0 0 0 0 0
 0 0 0 0 0 0 0 0 1.78061e-05 0.00172719 0.00360574 0.0105946 0.0120993 0.0124554 0.0147524 0.0171206 0.0266825 0.0428682 0.0675386 0.121331 0.153587 0.119568 0.100827 0.0573624 0.0630603 0.0341343 0.0324427 0.0444173 0.0211091 0.0280891 0.0125444 0.00206551 0 0 0 0
 0 0 0 0 0 0 0 0 0 0 0 0 0 0 0 0 0 0 0 0 0 0 0 0 0 0 0 0 0 0 0 0 0 0 0 0
 0 0 0 0 0 0 0.0133647 0.0140871 0.0187388 0.0205184 0.03894 0.0496705 0.03968 0.0493445 0.0407372 0.0367815 0.0215668 0.0243155 0.0234873 0.0199281 0.019796 0.0243948 0.0301388 0.0376714 0.0412746 0.0863199 0.0771752 0.113111 0.0741005 0.0525337 0.0229764 0.00759418 0.00175318 0 0 0
 0 0 0 0 0 0 0 0 0 0 0.00219441 0.00772107 0.0458388 0.0604681 0.0671733 0.0775358 0.0609151 0.0617685 0.073594 0.0568108 0.0755445 0.0548602 0.0670107 0.0636378 0.0643287 0.046367 0.0373049 0.0286899 0.0247887 0.0153202 0.00654259 0.00121912 0.000365735 0 0 0
 0 0 0 0 0 0 0 0 0 0 0 0 0.000112435 0.00938835 0.0111873 0.0202946 0.0414886 0.0713402 0.111592 0.104902 0.108894 0.110636 0.117776 0.105296 0.107544 0.0401394 0.0192827 0.0124803 0.00416011 0.0028671 0.000618394 0 0 0 0 0
 0 0 0 0 0 0 0 0 0 0 0.00291406 0.0102884 0.027416 0.0768956 0.0749926 0.110853 0.0956884 0.0897413 0.0766577 0.0534642 0.0500743 0.0551293 0.0594112 0.0620874 0.0668451 0.0424026 0.0208742 0.0120726 0.0048766 0.00582813 0.00118941 0.000297354 0 0 0 0
 0 0.00264628 0.0354308 0.0461629 0.0458689 0.0383711 0.0214643 0.0164657 0.0346957 0.0420465 0.0363128 0.0245516 0.0311673 0.0291091 0.0169068 0.0133784 0.00837989 0.0085269 0.0148486 0.0160247 0.0276389 0.0546898 0.0760071 0.122758 0.109233 0.0665981 0.0333725 0.0166128 0.00676272 0.00308733 0.000882094 0 0 0 0 0
 0 0 0 0 0 0 0 0.000805153 0.000690131 0.00759144 0.0133425 0.0154129 0.00931677 0.000345066 0.00356568 0.00563607 0.00851162 0.0253048 0.0502646 0.0516448 0.0657925 0.0565908 0.0611916 0.0827007 0.0866115 0.110766 0.145733 0.0935128 0.0569358 0.0249597 0.0138026 0.00621118 0.00161031 0.00115022 0 0
 0 0 0 0 0 0 0 0 0 0 0 0 0 0 0 0 0 0 0 0 0 0 0 0 0 0 0 0 0 0 0 0 0 0 0 0
 0.00147267 0.00158595 0.00478618 0.00569244 0.00954404 0.0108468 0.00647125 0.017049 0.0510054 0.094081 0.124002 0.0959785 0.0687766 0.0820023 0.061753 0.0591476 0.0492212 0.0479892 0.0443925 0.0268479 0.0217502 0.0140895 0.0121071 0.0120363 0.00920419 0.00665534 0.0049561 0.00860946 0.00930331 0.0156896 0.0114698 0.00855282 0.00243557 0.00046729 0 2.83206e-05
 0 0 0 0 0.000772559 0.00158375 0.000888443 0.00281984 0.00712685 0.0440552 0.0773331 0.111326 0.0921469 0.0852325 0.0710754 0.0886704 0.0786465 0.0553345 0.0373146 0.0185414 0.00753245 0.00457741 0.012979 0.0271748 0.0457355 0.0583668 0.034881 0.0177882 0.00938659 0.00492506 0.0015258 0.00185414 0.000309023 5.79419e-05 3.86279e-05 0
 0 0.00173294 0.00326652 0 0.00397197 0.00683976 0.00946217 0.0152591 0.00757587 0.0136028 0.0228656 0.0392903 0.0559909 0.0764795 0.0681675 0.0726916 0.0566044 0.0477403 0.0527397 0.0444891 0.0609904 0.0582453 0.0661739 0.0445044 0.0529084 0.0360697 0.0280645 0.0235558 0.0158879 0.00826598 0.00280645 0.00217768 0.000904811 0.00058276 9.20147e-05 0
 0 0 0 0 0 0 0 0 0 0 0 0 0 0 0 0 0 0 0 0 0 0 0 0 0 0 0 0 0 0 0 0 0 0 0 0
 0 0 0 0 0 0 0 0 0 0 0 0 0 0 0 0 0 0 0 0 0 0 0 0 0 0 0 0 0 0 0 0 0 0 0 0
 0 0 0 0 0 0 0 0 0 0 0 0 0 0 0 0 0 0 0 0 0 0 0 0 0 0 0 0 0 0 0 0 0 0 0 0
 0 0 0 0 0 0 0 0 0 0 0 0 0 0 0 0 0 0 0 0 0 0 0 0 0 0 0 0 0 0 0 0 0 0 0 0
ppred_pel_tallas
 1.01067e-16 3.43792e-05 0.000201783 0.000959197 0.00369298 0.0115162 0.029089 0.0595198 0.0986597 0.132494 0.144173 0.127152 0.0909803 0.0530169 0.0255809 0.0110148 0.00555293 0.00476694 0.00594495 0.00790044 0.0101559 0.0124319 0.0144754 0.016051 0.0169801 0.0171783 0.0166707 0.0155775 0.0140784 0.0123675 0.0106139 0.00893899 0.00741217 0.00606044 0.00488441 0.00387286
 1.01135e-16 3.23019e-05 0.000189582 0.000901182 0.00346959 0.0108196 0.0273294 0.0559199 0.0926945 0.124489 0.135478 0.119521 0.0856003 0.0500442 0.0244498 0.011046 0.00632126 0.00613216 0.00792775 0.0105611 0.0135185 0.016444 0.0189934 0.0208481 0.021776 0.0216837 0.0206362 0.018833 0.0165544 0.0140926 0.0116936 0.00952315 0.00766098 0.00611736 0.00485978 0.00383885
 1.02028e-16 2.58144e-05 0.000151486 0.000720046 0.00277213 0.00864456 0.0218357 0.0446801 0.0740674 0.0994863 0.108303 0.0956297 0.0686712 0.0405135 0.0204783 0.0104128 0.00757898 0.00871631 0.0117976 0.0158572 0.0203646 0.0248501 0.0288151 0.031786 0.0334101 0.0335339 0.0322331 0.0297805 0.026569 0.0230138 0.0194694 0.0161806 0.0132748 0.0107836 0.00868018 0.00691366
 1.02493e-16 2.9866e-05 0.000175283 0.000833202 0.00320785 0.0100034 0.0252677 0.0517015 0.0857022 0.115099 0.125261 0.110513 0.0791604 0.0463033 0.022669 0.0103253 0.00603616 0.00598354 0.00782455 0.0105155 0.013597 0.0167513 0.0196634 0.0220301 0.0236139 0.0242904 0.0240686 0.0230739 0.0215057 0.019583 0.0174984 0.0153925 0.0133508 0.0114166 0.00960969 0.00794252
 1.02151e-16 3.10698e-05 0.00018235 0.000866801 0.00333721 0.0104068 0.0262867 0.0537864 0.089158 0.11974 0.130309 0.114963 0.0823383 0.0481427 0.0235321 0.0106526 0.00613066 0.00598633 0.00777349 0.0103982 0.0133766 0.016376 0.0190726 0.0211617 0.022415 0.0227283 0.0221412 0.0208159 0.0189887 0.0169088 0.014787 0.0127663 0.0109193 0.00926405 0.00778782 0.00646898
 1.02915e-16 2.422e-05 0.000142125 0.000675539 0.00260077 0.00811017 0.0204858 0.0419183 0.0694901 0.093341 0.10162 0.0897473 0.0644864 0.0381239 0.0194175 0.0101151 0.00766376 0.00901717 0.0122787 0.016536 0.0212703 0.0260069 0.0302353 0.0334677 0.0353388 0.0356852 0.0345763 0.0322813 0.0291905 0.0257158 0.0222073 0.0189044 0.0159301 0.0133147 0.0110344 0.0090467
 1.02996e-16 2.97285e-05 0.000174477 0.000829372 0.00319311 0.0099574 0.0251516 0.0514638 0.0853078 0.114569 0.124681 0.109995 0.0787756 0.0460508 0.0224947 0.0101614 0.00582617 0.00568753 0.00741663 0.00998383 0.0129476 0.0160124 0.0188873 0.0212898 0.0229944 0.0238758 0.0239281 0.0232501 0.0220078 0.0203865 0.0185506 0.0166218 0.0146778 0.0127643 0.0109113 0.00914613
 1.0306e-16 2.68169e-05 0.000157375 0.000748054 0.00287999 0.00898091 0.0226852 0.0464179 0.0769467 0.103349 0.112494 0.0993006 0.0712405 0.0418954 0.0209294 0.0102383 0.00695504 0.00767754 0.0103016 0.0138505 0.0178274 0.0218243 0.0254162 0.0281992 0.0298706 0.030294 0.0295243 0.0277797 0.025376 0.0226444 0.0198632 0.0172192 0.014804 0.0126366 0.0106957 0.00894996
 1.02816e-16 2.92652e-05 0.000171754 0.000816424 0.00314325 0.0098019 0.0247589 0.0506604 0.083977 0.112784 0.122745 0.108302 0.0775968 0.0454289 0.0223158 0.0102906 0.00618907 0.00627474 0.00825157 0.0110897 0.0143239 0.017621 0.0206477 0.0230845 0.0246841 0.0253223 0.0250182 0.0239151 0.0222334 0.0202112 0.0180537 0.0159059 0.0138497 0.0119191 0.0101224 0.00846088
 1.02676e-16 2.83212e-05 0.000166209 0.000790057 0.00304172 0.00948527 0.0239591 0.0490243 0.081266 0.109147 0.118795 0.104839 0.0751635 0.0441005 0.0218418 0.0103715 0.00664284 0.00704971 0.00936765 0.0125799 0.0161965 0.0198385 0.023119 0.0256706 0.0272163 0.0276288 0.0269535 0.0253835 0.0232016 0.0207065 0.0181512 0.015708 0.0134653 0.0114464 0.00963798 0.00801628
 1.03762e-16 2.25327e-05 0.000132218 0.000628442 0.00241943 0.00754467 0.0190575 0.0389957 0.064646 0.0868368 0.0945457 0.0835151 0.0600427 0.0355663 0.018244 0.009716 0.00762268 0.00914436 0.0125256 0.0169177 0.0218264 0.0267862 0.031289 0.0348434 0.0370737 0.0377993 0.0370661 0.0351159 0.0323104 0.0290361 0.0256241 0.0223051 0.0192042 0.0163647 0.0137844 0.0114474
 1.04946e-16 2.32431e-05 0.000136395 0.000648312 0.00249596 0.00778334 0.0196602 0.0402286 0.0666876 0.0895726 0.0975071 0.0860899 0.0618045 0.0364309 0.0183593 0.00925219 0.00664813 0.00762377 0.0103782 0.0140808 0.0183055 0.0226879 0.0268332 0.0303498 0.0329213 0.0343679 0.0346721 0.0339589 0.0324446 0.0303707 0.0279509 0.0253423 0.0226459 0.0199237 0.0172226 0.0145916
 1.03479e-16 3.05666e-05 0.000179399 0.000852777 0.00328323 0.0102384 0.0258615 0.0529161 0.0877146 0.117799 0.128191 0.113079 0.0809579 0.0472723 0.0229897 0.010212 0.00561249 0.00527386 0.00679813 0.00913186 0.0118371 0.0146366 0.0172657 0.0194704 0.0210509 0.0219004 0.0220205 0.0215063 0.0205101 0.0191959 0.0177024 0.0161245 0.0145146 0.0128962 0.0112826 0.00969123
 1.01906e-16 3.22535e-05 0.0001893 0.000899845 0.00346445 0.0108035 0.0272889 0.0558369 0.0925564 0.124302 0.13527 0.119328 0.0854419 0.0499103 0.0243079 0.0108532 0.00603446 0.00571132 0.00733991 0.00978673 0.0125599 0.0153332 0.0177953 0.0196575 0.0207067 0.0208526 0.0201449 0.0187519 0.0169126 0.0148755 0.0128481 0.0109679 0.00929927 0.00784923 0.00659258 0.00549449
 1.00885e-16 3.57666e-05 0.00020993 0.000997928 0.00384211 0.0119813 0.0302637 0.0619232 0.102643 0.137842 0.149987 0.13227 0.0946195 0.0550913 0.0264946 0.011257 0.00545064 0.00445884 0.00545439 0.00720313 0.00921668 0.0112213 0.012978 0.0142696 0.0149376 0.014917 0.014249 0.0130659 0.0115544 0.00990974 0.0082968 0.00682694 0.00555457 0.00448797 0.00360723 0.00288143
 1.00639e-16 3.47419e-05 0.000203911 0.000969308 0.0037319 0.0116376 0.0293956 0.0601473 0.0997004 0.133894 0.145699 0.128509 0.0919735 0.0536402 0.025964 0.0113184 0.00590247 0.00524129 0.00658661 0.00872135 0.0111343 0.013507 0.0155468 0.0169872 0.0176372 0.0174241 0.0164105 0.0147732 0.0127572 0.0106168 0.00856543 0.00674601 0.00522539 0.00400822 0.00305996 0.00232981
 1.01207e-16 2.89604e-05 0.000169959 0.000807875 0.00311031 0.00969917 0.0244995 0.0501301 0.0830998 0.111612 0.121484 0.107226 0.0769037 0.0451802 0.0224846 0.010854 0.00717999 0.00777565 0.0103571 0.0138617 0.0177506 0.0215872 0.0249234 0.0273394 0.0285284 0.0283662 0.0269371 0.0245044 0.0214385 0.0181279 0.014902 0.0119851 0.0094888 0.00743166 0.005774 0.0044512
 1.01999e-16 2.94205e-05 0.000172665 0.000820751 0.0031599 0.00985383 0.0248901 0.0509289 0.0844224 0.113383 0.1234 0.108888 0.0780323 0.0457158 0.0225158 0.0104814 0.00643598 0.00662513 0.00873772 0.0117287 0.0151129 0.018532 0.021624 0.0240438 0.0255273 0.0259467 0.0253331 0.0238561 0.0217714 0.0193552 0.0168478 0.0144213 0.0121739 0.0101453 0.00833985 0.00674758
 1.02342e-16 2.90488e-05 0.000170482 0.000810373 0.00311994 0.00972921 0.0245753 0.0502849 0.0833553 0.111951 0.121844 0.10752 0.0770641 0.045173 0.0222938 0.0104536 0.00652004 0.00678835 0.0089759 0.0120458 0.0155094 0.0189993 0.0221437 0.0245897 0.02607 0.0264605 0.0258019 0.0242771 0.0221556 0.019724 0.0172269 0.0148337 0.0126342 0.0106562 0.00889198 0.00732194
 1.01906e-16 3.23122e-05 0.000189646 0.00090149 0.00347078 0.0108233 0.0273388 0.0559389 0.0927252 0.124528 0.135512 0.119535 0.085574 0.0499559 0.0242716 0.0107391 0.00583605 0.00541339 0.00692624 0.00924931 0.0119071 0.014595 0.0170247 0.0189255 0.0200923 0.0204283 0.0199627 0.0188326 0.0172414 0.0154057 0.0135106 0.0116847 0.0099967 0.00846862 0.00709617 0.00586655
 1.01837e-16 2.98376e-05 0.000175113 0.000832384 0.00320469 0.00999349 0.0252429 0.0516509 0.0856194 0.114992 0.125153 0.110439 0.0791547 0.0463944 0.0228884 0.0107169 0.00665945 0.00690627 0.00910678 0.0121886 0.0156419 0.0190818 0.0221217 0.0243987 0.0256446 0.0257451 0.0247621 0.0229085 0.0204874 0.0178167 0.0151649 0.0127137 0.010553 0.00869926 0.00712519 0.00578758
 1.02186e-16 2.91219e-05 0.000170911 0.000812411 0.00312779 0.00975368 0.0246371 0.0504114 0.0835649 0.112233 0.12215 0.10779 0.0772574 0.0452856 0.022348 0.0104769 0.00653177 0.00679864 0.00898915 0.0120639 0.015533 0.0190281 0.0221759 0.0246217 0.0260963 0.0264733 0.025792 0.0242348 0.022072 0.0195926 0.0170451 0.0146036 0.012363 0.0103553 0.00857583 0.00700606
 1.01983e-16 3.1712e-05 0.000186122 0.000884733 0.00340626 0.0106221 0.0268306 0.0548991 0.091002 0.122215 0.132998 0.117324 0.0840074 0.0490733 0.0239026 0.0106778 0.00594811 0.00564609 0.00727537 0.00972761 0.0125261 0.0153562 0.0179159 0.0199205 0.021154 0.0215143 0.0210309 0.0198474 0.0181765 0.0162454 0.0142487 0.0123217 0.0105372 0.00891946 0.00746516 0.00616191
 1.01803e-16 3.08503e-05 0.00018106 0.000860664 0.00331358 0.0103331 0.0261006 0.0534056 0.0885274 0.118895 0.129393 0.114164 0.0817871 0.0478622 0.0234728 0.0107565 0.00637036 0.00636602 0.0083127 0.0111141 0.0142706 0.0174251 0.0202256 0.0223424 0.0235305 0.0236836 0.022854 0.0212301 0.019082 0.0166937 0.0143055 0.0120806 0.010101 0.00838369 0.00690747 0.00563759
 1.03619e-16 1.81276e-05 0.000106348 0.00050543 0.00194577 0.00606755 0.0153265 0.0313627 0.0519971 0.0698607 0.0761015 0.0673154 0.0485979 0.0291926 0.0157215 0.00957674 0.00893292 0.0115739 0.0160934 0.0217452 0.0279876 0.0342296 0.0398058 0.0440746 0.0465527 0.0470218 0.0455686 0.0425431 0.0384554 0.0338467 0.0291791 0.0247722 0.0207942 0.0172924 0.0142423 0.011593
 1.05642e-16 2.36061e-05 0.000138532 0.000658481 0.00253513 0.00790551 0.0199688 0.0408594 0.0677317 0.09097 0.0990149 0.0873897 0.062669 0.0368031 0.0182942 0.00880912 0.00582834 0.006374 0.00862822 0.0117863 0.0154844 0.0194457 0.0233698 0.0269451 0.0298978 0.0320378 0.0332808 0.0336413 0.0332028 0.0320804 0.030391 0.0282392 0.0257203 0.02293 0.0199744 0.0169711
pSPR Fmed_Fpbrs
0.434046   0.6 0.325
Fs Fmed_Fpbrs
0.68   0.351171 1.08784
SSBpbr Bo_Bmed_Bpbrs
1.74678e+06  670845  960730 480365
Ro
47098.7
SPR SPRFo_SPRFmed_SPRFpbrs
972792 422237 316157
log_Ro
10.58
likeval ReclasPelacesDesembMPH_pf_preclas_ppelaces_ptallas_desvR_qrecl_qpela
 62.0283 20.2256 0.0154273 0.000517589 328.848 210.859 83.2099 0 15.8986 3.76534e-05 2.12071e-05 9.78963e-17 0 0 0
q_reclas_q_pelaces
0.419148 1.92547
M
0.7
N
 50193.7 13526.6 5036.19 593.912 0.309334
 61500.6 22825.2 4036.38 1502.82 177.318
 36226.4 28462.7 7539.97 1333.36 555.007
 52932.5 16205.8 7724.54 2046.29 512.487
 91025.1 25748.3 7141.27 3403.92 1127.56
 66739.1 45014.4 12482.6 3462.04 2196.82
 108625 31792.3 17574.7 4873.51 2209.36
 99220.1 52531 13543.6 7486.86 3017.31
 120031 46768.5 19293.6 4974.28 3857.97
 125649 56118.2 16384.8 6759.27 3094.27
 64869.4 59449.4 21064.7 6150.23 3698.65
 42500.7 29156 16579.5 5874.59 2746.69
 44318.8 19197.8 8369.47 4759.27 2474.81
 24045.9 18884 3931.32 1713.9 1481.39
 16414.6 9006.25 1833.75 381.755 310.281
 17692.6 6083.78 823.027 167.575 63.2409
 13913.7 7834.01 1556.01 210.5 59.0341
 15736.5 6383.41 2460.55 488.719 84.6567
 18074.8 7404.92 2321.47 894.832 208.521
 30341.5 8585.66 2843.62 891.485 423.707
 38288.3 14394.2 3272.99 1084.03 501.373
 48709.3 18617.3 6328.22 1438.93 697.005
 81697.1 23532.3 7885.26 2680.28 904.663
 114583 39255.1 9658.11 3236.26 1471.33
 49680.8 55185.6 16330.7 4017.92 1958.43
 60629.2 24048.9 23641.1 6995.97 2560.23
pred_Ctot
 3057.08 3996.87 1488.11 175.491 0.0914027
 3021.11 5625.45 994.796 370.38 43.7013
 2598.86 9607.32 2545.05 450.063 187.338
 778.912 1321.56 629.929 166.873 41.7928
 271.418 440.357 122.133 58.215 19.2839
 1958.95 7017.18 1945.88 539.688 342.457
 2045.84 3278.68 1812.45 502.597 227.847
 3635.43 10009.1 2580.55 1426.52 574.91
 5068.43 10105.9 4169.02 1074.86 833.643
 4278.57 10011.7 2923.12 1205.88 552.031
 4453.04 19369.7 6863.25 2003.85 1205.09
 2777.43 9128.07 5190.65 1839.2 859.926
 4564.49 8527.7 3717.73 2114.07 1099.31
 4319.45 11932.1 2484.07 1082.95 936.04
 3044.91 5789.16 1178.72 245.389 199.446
 1387.68 2203.29 298.066 60.6886 22.9032
 765.145 2125.51 422.173 57.1124 16.017
 595.012 1250.92 482.179 95.7713 16.5897
 566.324 1225.15 384.09 148.051 34.5
 977.203 1456.48 482.393 151.232 71.8779
 574.293 1195.49 271.835 90.0334 41.641
 951.595 1987.49 675.569 153.613 74.4088
 1907.26 2968.96 994.846 338.158 114.137
 2487.46 4627.38 1138.5 381.49 173.44
 901.907 5496.62 1626.58 400.195 195.065
 1155.31 2507.66 2465.14 729.494 266.964
F
 0.0880229 0.509309 0.509309 0.509309 0.509309
 0.0704531 0.407649 0.407649 0.407649 0.407649
 0.104421 0.604191 0.604191 0.604191 0.604191
 0.0206488 0.119476 0.119476 0.119476 0.119476
 0.00415382 0.0240344 0.0240344 0.0240344 0.0240344
 0.0415687 0.24052 0.24052 0.24052 0.24052
 0.0264965 0.153312 0.153312 0.153312 0.153312
 0.0521302 0.301631 0.301631 0.301631 0.301631
 0.0602927 0.348859 0.348859 0.348859 0.348859
 0.0483679 0.279861 0.279861 0.279861 0.279861
 0.0997151 0.576961 0.576961 0.576961 0.576961
 0.0947219 0.54807 0.54807 0.54807 0.54807
 0.153095 0.885822 0.885822 0.885822 0.885822
 0.282047 1.63195 1.63195 1.63195 1.63195
 0.292544 1.69269 1.69269 1.69269 1.69269
 0.114672 0.663504 0.663504 0.663504 0.663504
 0.0791709 0.45809 0.45809 0.45809 0.45809
 0.0538365 0.311503 0.311503 0.311503 0.311503
 0.0444282 0.257066 0.257066 0.257066 0.257066
 0.0456938 0.264389 0.264389 0.264389 0.264389
 0.0210511 0.121803 0.121803 0.121803 0.121803
 0.0274966 0.159098 0.159098 0.159098 0.159098
 0.0329368 0.190576 0.190576 0.190576 0.190576
 0.0305962 0.177033 0.177033 0.177033 0.177033
 0.0255291 0.147714 0.147714 0.147714 0.147714
 0.0268118 0.155136 0.155136 0.155136 0.155136
Np
 32442 15161.5 10245 3574.34 4741.89
YTP_r0W_actual
 10397.8 63694.6 87019.5 30201.1 12013.4
YTP_p0W_proyectada
 11305.6 137581 69778 87600.4 41000.1
 11305.6 71165.8 69906.5 31146.9 45854.9
CTP_r0_actual
 1155.31 2507.66 2465.14 729.494 266.964
CTP_p0_proyectada
 1378.73 6369.51 2222.23 2184.55 921.352
 1378.73 3294.71 2226.32 776.731 1030.45
Wmedp
 8.2 21.6 31.4 40.1 44.5
nmprior
 10.6 11 7 0
nm_flota  nm_reclas  nm_pelaces    nm_pelaL
inf 15.1218 17.3467 54.3132
cv_recla  cv_pelaces  cv_mph
0.696735 0.492653 0.619192
 ------------------------------------------------
Talla a la edad & desviaci?n 
 7.2 14.2025 17.0495 18.207 18.6776
 1.08 2.13037 2.55742 2.73105 2.80164
