years
 1997 1998 1999 2000 2001 2002 2003 2004 2005 2006 2007 2008 2009 2010 2011 2012 2013 2014 2015 2016 2017 2018 2019 2020 2021 2022
reclasobs
 0 0 0 370054 412103 1.49427e+06 250295 1.28982e+06 931140 785840 897777 1.04006e+06 184774 17550 25797 100020 73551 82996 120727 218422 84188 347160 605670 569463 516374 1.08416e+06
reclaspred
 450094 132090 445296 319626 428656 505116 1.08068e+06 685346 713950 603188 461658 307398 187457 87641.3 63314.2 66739.5 86195.4 120310 129007 184114 261460 236772 414807 574064 708163 683235
pelacesobs
 0 0 0 0 0 0 0 0 0 2.06254e+06 1.5e+06 0 1.87456e+06 323000 250000 174000 83755 137374 0 501740 490994 745055 786931 1.00524e+06 1.33801e+06 1.41789e+06
pelacespred
 1.80592e+06 465981 949511 1.04159e+06 1.18464e+06 1.17869e+06 2.77496e+06 2.27033e+06 2.05225e+06 1.76361e+06 1.21144e+06 828501 500130 195095 139172 156874 211573 298808 330546 458570 721994 640841 916052 1.41742e+06 1.74994e+06 1.86178e+06
mphobs
 0 0 0 0 0 112323 0 153150 637223 0 255016 313432 73983 77613 109348 50772 17779 17303 59886 28197 0 207744 136588 643089 65757 0
mphpred
 129463 88231.2 116245 156670 152252 219414 329181 375518 305445 286959 249973 172323 105837 55517.7 27305.3 24303.1 30487.7 43330.4 54805 63637.3 93953.3 109258 137116 199195 299522 324568
desembarqueobs
 350755 77701 442110 56441 14545 235359 269955 359681 431902 328805 639364 411747 362871 311530 167758 66681 60226 58785 57116 73181 50977 67692 138656 160484 209506 203330
desembarquepred
 350767 77705.2 442160 56443 14545.1 235398 269985 359717 431986 328873 639768 412102 363357 312124 167847 66698.6 60248.1 58789.2 57115 73184.8 50978.7 67689.9 138663 160493 209506 203329
Reclutas
 71537.7 89233 57196.1 82895.5 136191 102327 152414 131544 145534 134684 67179.3 41325.9 42245.2 24040.1 18907.1 23963.9 20181.9 23023.2 26451.3 45608.8 56512.3 72363.5 122289 172952 77155 97035.6
log_desv_Rt
 0.11798 0.339006 -0.10576 0.265337 0.761815 0.475929 0.874354 0.727095 0.828162 0.750687 0.0551208 -0.430754 -0.408754 -0.972521 -1.21271 -0.975695 -1.14746 -1.01574 -0.876939 -0.332144 -0.117786 0.129458 0.65414 1.00077 0.193572 0.422833
SSB
 850425 579580 763600 1.02915e+06 1.00013e+06 1.4413e+06 2.16235e+06 2.46673e+06 2.00643e+06 1.885e+06 1.64204e+06 1.13197e+06 695232 364689 179365 159644 200270 284632 360007 418026 617167 717705 900701 1.30849e+06 1.96752e+06 2.13205e+06
BT
 2.94696e+06 814424 1.63425e+06 1.58795e+06 1.74894e+06 1.91623e+06 4.25421e+06 3.74309e+06 3.40841e+06 2.90865e+06 2.36409e+06 1.59868e+06 1.09189e+06 587047 347192 285303 359756 485410 534146 732549 1.10108e+06 1.004e+06 1.44053e+06 2.20992e+06 2.72875e+06 2.90895e+06
Ftot
 0.351336 0.256131 0.346793 0.0640372 0.0138199 0.144802 0.0908557 0.185656 0.21882 0.189115 0.419533 0.396154 0.626571 1.10648 1.01683 0.392697 0.273221 0.181203 0.151264 0.155789 0.0736394 0.0983598 0.117406 0.108517 0.0907768 0.092252
BD_Bspro_t
 0.958218 0.806797 0.784703 0.694567 0.787993 0.876209 0.851975 0.854027 0.803704 0.760726 0.715032 0.563751 0.449469 0.334978 0.217952 0.235853 0.356175 0.526265 0.6379 0.718952 0.804729 0.862409 0.8674 0.873585 0.88509 0.861932
BD_Bspro
 0.647631 0.441372 0.581511 0.783736 0.761633 1.09761 1.64671 1.87851 1.52797 1.4355 1.25048 0.862036 0.529445 0.277725 0.136593 0.121575 0.152513 0.216758 0.274159 0.318342 0.469996 0.54656 0.685918 0.996463 1.49834 1.62364
BD_Bo
 0.306712 0.20903 0.275398 0.37117 0.360702 0.519817 0.779866 0.889644 0.723633 0.679837 0.592214 0.408252 0.25074 0.131528 0.0646893 0.0575768 0.0722288 0.102655 0.129839 0.150764 0.222586 0.258846 0.324844 0.471915 0.709601 0.768939
BD_Brms
 0.557658 0.380054 0.500724 0.674854 0.655822 0.945121 1.41794 1.61753 1.3157 1.23607 1.07675 0.742277 0.455892 0.239141 0.117617 0.104685 0.131325 0.186645 0.236071 0.274116 0.404702 0.470628 0.590626 0.858028 1.29018 1.39807
S_f
 0.194546 1 1 1 1
 0.194546 1 1 1 1
 0.194546 1 1 1 1
 0.194546 1 1 1 1
 0.194546 1 1 1 1
 0.194546 1 1 1 1
 0.194546 1 1 1 1
 0.194546 1 1 1 1
 0.194546 1 1 1 1
 0.194546 1 1 1 1
 0.194546 1 1 1 1
 0.194546 1 1 1 1
 0.194546 1 1 1 1
 0.194546 1 1 1 1
 0.194546 1 1 1 1
 0.194546 1 1 1 1
 0.194546 1 1 1 1
 0.194546 1 1 1 1
 0.194546 1 1 1 1
 0.194546 1 1 1 1
 0.194546 1 1 1 1
 0.194546 1 1 1 1
 0.194546 1 1 1 1
 0.194546 1 1 1 1
 0.194546 1 1 1 1
 0.194546 1 1 1 1
Scru_reclas
 1 1 1 1 1
 1 1 1 1 1
 1 1 1 1 1
 1 1 1 1 1
 1 1 1 1 1
 1 1 1 1 1
 1 1 1 1 1
 1 1 1 1 1
 1 1 1 1 1
 1 1 1 1 1
 1 1 1 1 1
 1 1 1 1 1
 1 1 1 1 1
 1 1 1 1 1
 1 1 1 1 1
 1 1 1 1 1
 1 1 1 1 1
 1 1 1 1 1
 1 1 1 1 1
 1 1 1 1 1
 1 1 1 1 1
 1 1 1 1 1
 1 1 1 1 1
 1 1 1 1 1
 1 1 1 1 1
 1 1 1 1 1
Scru_pelaces
 1 1 1 1 1
 1 1 1 1 1
 1 1 1 1 1
 1 1 1 1 1
 1 1 1 1 1
 1 1 1 1 1
 1 1 1 1 1
 1 1 1 1 1
 1 1 1 1 1
 1 1 1 1 1
 1 1 1 1 1
 1 1 1 1 1
 1 1 1 1 1
 1 1 1 1 1
 1 1 1 1 1
 1 1 1 1 1
 1 1 1 1 1
 1 1 1 1 1
 1 1 1 1 1
 1 1 1 1 1
 1 1 1 1 1
 1 1 1 1 1
 1 1 1 1 1
 1 1 1 1 1
 1 1 1 1 1
 1 1 1 1 1
pf_obs 
 0.256992 0.487395 0.22802 0.0275931 0
 0.321318 0.546541 0.124235 0.00734118 0.000564706
 0.182869 0.594174 0.210203 0.0122559 0.00049798
 0.330522 0.361315 0.267642 0.0388342 0.00168674
 0.649043 0.306663 0.0425973 0.00169635 0
 0.582887 0.30429 0.105238 0.00758474 0
 0.465427 0.430635 0.0974691 0.00646863 0
 0.296916 0.608066 0.0921331 0.00288517 0
 0.311714 0.524322 0.152257 0.0117073 0
 0.15457 0.633149 0.183074 0.0267441 0.00246327
 0.131901 0.49318 0.331252 0.0422183 0.00144891
 0.196976 0.569456 0.194076 0.0375587 0.00193317
 0.518974 0.381816 0.0799577 0.0180837 0.00116848
 0.0928022 0.601141 0.25162 0.0475244 0.00691264
 0.122501 0.610282 0.24278 0.0234846 0.000952079
 0.383417 0.481906 0.127806 0.00687128 0
 0.0376549 0.599619 0.316969 0.0457579 0
 0.0361596 0.667082 0.258105 0.0386534 0
 0.158088 0.579412 0.248529 0.0139706 0
 0.0477256 0.309471 0.559284 0.082774 0.000745712
 0.0406174 0.521527 0.379366 0.0568643 0.0016247
 0.151134 0.462217 0.34131 0.0453401 0
 0.294876 0.26143 0.354403 0.0886775 0.000613685
 0.281977 0.475581 0.204845 0.0348837 0.00271318
 0.0841818 0.532909 0.334909 0.0458182 0.00218182
 0.115287 0.27431 0.454777 0.147771 0.00785563
pf_pred 
 0.381876 0.436711 0.162289 0.0191142 1.01583e-05
 0.31084 0.54366 0.102798 0.0382012 0.00450169
 0.176859 0.594988 0.179983 0.034032 0.0141372
 0.259698 0.417966 0.232993 0.0704802 0.0188627
 0.298549 0.455854 0.138661 0.0772959 0.0296397
 0.17595 0.566646 0.16728 0.0508828 0.039241
 0.250623 0.404402 0.237217 0.0700289 0.0377288
 0.190701 0.519363 0.156464 0.0917799 0.0416917
 0.216139 0.445751 0.21698 0.0653679 0.0557619
 0.197866 0.489617 0.177716 0.0865078 0.0482932
 0.119458 0.510928 0.22561 0.0818897 0.0621148
 0.120736 0.403407 0.276112 0.121923 0.0778219
 0.196448 0.368842 0.199445 0.13651 0.0987542
 0.183049 0.513317 0.139372 0.0753634 0.0888982
 0.25973 0.492115 0.155924 0.0423354 0.0498957
 0.340901 0.492734 0.110596 0.0350416 0.0207276
 0.22958 0.586578 0.137438 0.0308484 0.0155557
 0.241642 0.481266 0.210971 0.0494316 0.0166899
 0.23938 0.486924 0.173692 0.0761408 0.0238637
 0.317806 0.432582 0.159793 0.0570004 0.0328184
 0.269926 0.525609 0.129652 0.0478927 0.0269202
 0.258786 0.491209 0.179988 0.0443977 0.0256187
 0.314498 0.447186 0.157934 0.0578701 0.0225118
 0.295804 0.502266 0.131729 0.0465232 0.0236783
 0.113404 0.615309 0.193494 0.0507477 0.0270447
 0.173979 0.335821 0.340205 0.106983 0.0430115
pobs_RECLAS
 0 0 0 0 0
 0 0 0 0 0
 0 0 0 0 0
 0 0 0 0 0
 0.835266 0.146461 0.0176864 0.000547809 3.91292e-05
 0.385257 0.428462 0.181853 0.0044286 0
 0.867414 0.0963971 0.0333333 0.00285562 0
 0.441836 0.489002 0.0689373 0.000224442 0
 0.779404 0.147425 0.0564933 0.0165055 0.000172143
 0.814271 0.122319 0.05973 0.00367925 0
 0.40263 0.566651 0.0304383 0.000280538 0
 0.475488 0.404961 0.113038 0.00651328 0
 0.955842 0.0263864 0.0167828 0.000988607 0
 0.975058 0.0227948 0.00214734 0 0
 0.738997 0.206755 0.0527124 0.00153531 0
 0.850938 0.134255 0.0134407 0.00136685 0
 0.542534 0.407297 0.0501686 0 0
 0.764087 0.199537 0.0359546 0.000420521 0
 0.470689 0.182191 0.310203 0.0369168 0
 0.84361 0.089868 0.0606195 0.00523954 0.000663233
 0.607945 0.314616 0.071237 0.00620181 0
 0.523733 0.453247 0.0230204 0 0
 0.530135 0.295979 0.169645 0.0042399 0
 0.562478 0.366248 0.0663022 0.0049721 0
 0.250443 0.683176 0.0655157 0.000865301 0
 0.195077 0.31981 0.436473 0.0351445 0.0134964
ppred_RECLAS
 0.764345 0.166493 0.0618712 0.00728713 3.87275e-06
 0.701694 0.235326 0.0444964 0.0165356 0.00194858
 0.529999 0.339729 0.102768 0.0194318 0.0080721
 0.643983 0.201003 0.112048 0.0338945 0.00907123
 0.686439 0.203775 0.0619838 0.0345526 0.0132495
 0.525135 0.326534 0.0963963 0.0293216 0.0226129
 0.633289 0.197896 0.116083 0.0342689 0.0184628
 0.550235 0.288634 0.0869545 0.0510063 0.02317
 0.589243 0.233581 0.113701 0.0342539 0.0292202
 0.561587 0.267604 0.0971323 0.0472815 0.026395
 0.417237 0.338144 0.149314 0.0541965 0.041109
 0.419737 0.266225 0.182218 0.0804619 0.051358
 0.567764 0.198403 0.107283 0.0734299 0.0531205
 0.55948 0.276793 0.075153 0.0406378 0.0479361
 0.662908 0.224091 0.071002 0.019278 0.0227207
 0.731467 0.200752 0.0450594 0.0142768 0.00844492
 0.608744 0.297892 0.0697977 0.0156663 0.00789991
 0.623191 0.239129 0.104826 0.0245613 0.00829279
 0.619858 0.243354 0.0868076 0.0380536 0.0119266
 0.707117 0.185719 0.0686034 0.0244717 0.0140898
 0.656049 0.247624 0.0610815 0.0225632 0.0126826
 0.643311 0.236381 0.0866145 0.0213652 0.0123283
 0.70348 0.193434 0.068316 0.0250323 0.00973769
 0.684655 0.224919 0.0589894 0.0208335 0.0106034
 0.397763 0.41796 0.131435 0.0344713 0.0183706
 0.520996 0.194741 0.197283 0.0620389 0.0249421
pobs_PELACES
 0 0 0 0 0
 0 0 0 0 0
 0 0 0 0 0
 0 0 0 0 0
 0 0 0 0 0
 0 0 0 0 0
 0 0 0 0 0
 0 0 0 0 0
 0 0 0 0 0
 0 0 0 0 0
 0.450072 0.473896 0.0757376 0.000293798 0
 0 0 0 0 0
 0.463077 0.371075 0.160297 0.00555027 0
 0.529543 0.364841 0.0842815 0.0213345 0
 0.631943 0.363953 0.00410389 0 0
 0.735681 0.248677 0.0153453 0.000297389 0
 0.695825 0.281241 0.0229344 0 0
 0.275771 0.60734 0.115278 0.00161068 0
 0 0 0 0 0
 0.896147 0.0623911 0.0374545 0.00400742 0
 0.803859 0.145111 0.0509908 3.86294e-05 0
 0.739449 0.233085 0.0266225 0.000797448 4.60066e-05
 0.878498 0.100942 0.0204185 0.000141795 0
 0.694673 0.275183 0.0284847 0.00165964 0
 0.469039 0.446079 0.0841089 0.000773354 0
 0.822795 0.102175 0.0682046 0.00682512 0
ppred_PELACES
 0.780749 0.154903 0.0575644 0.00677988 3.60317e-06
 0.715746 0.22424 0.0424004 0.0157566 0.00185679
 0.552881 0.32319 0.0977645 0.0184857 0.00767911
 0.647876 0.198805 0.110823 0.0335239 0.00897204
 0.687229 0.203261 0.0618276 0.0344656 0.0132161
 0.534722 0.319942 0.0944501 0.0287296 0.0221564
 0.638879 0.194879 0.114314 0.0337466 0.0181813
 0.562415 0.280818 0.0845997 0.0496251 0.0225426
 0.603244 0.225619 0.109826 0.0330863 0.0282242
 0.573922 0.260075 0.0943994 0.0459512 0.0256524
 0.444575 0.322281 0.142309 0.0516541 0.0391805
 0.445578 0.25437 0.174103 0.0768787 0.0490709
 0.608087 0.179894 0.0972748 0.0665797 0.048165
 0.630218 0.232346 0.063085 0.0341122 0.0402386
 0.720422 0.185858 0.0588879 0.0159888 0.0188441
 0.751468 0.1858 0.0417033 0.0132134 0.00781592
 0.625898 0.284832 0.0667375 0.0149794 0.00755356
 0.634432 0.231995 0.101699 0.0238286 0.0080454
 0.629285 0.237319 0.0846549 0.0371099 0.0116308
 0.715618 0.180328 0.066612 0.0237614 0.0136808
 0.660452 0.244454 0.0602995 0.0222743 0.0125202
 0.649287 0.232421 0.0851633 0.0210072 0.0121218
 0.709948 0.189215 0.0668258 0.0244862 0.00952528
 0.690849 0.220501 0.0578307 0.0204243 0.0103951
 0.403557 0.413939 0.13017 0.0341396 0.0181939
 0.527112 0.192254 0.194764 0.0612468 0.0246236
pobs_pel_tallas
 0 0 0 0 0 0 0 0 0 0 0 0 0 0 0 0 0 0 0 0 0 0 0 0 0 0 0 0 0 0 0 0 0 0 0 0
 0 0 0 0 0 0 0 0 0 0 0 0 0 0 0 0 0 0 0 0 0 0 0 0 0 0 0 0 0 0 0 0 0 0 0 0
 0 0 0 0 0 0 0 0 0 0 0 0 0 0 0 0 0 0 0 0 0 0 0 0 0 0 0 0 0 0 0 0 0 0 0 0
 0 0 0 0 0 0 0 0 0 0 0 0 0 0 0 0 0 0 0 0 0 0 0 0 0 0 0 0 0 0 0 0 0 0 0 0
 0 0 0 0 0 0 0 0 0 0 0 0 0 0 0 0 0 0 0 0 0 0 0 0 0 0 0 0 0 0 0 0 0 0 0 0
 0 0 0 0 0 0 0 0 0 0 0 0 0 0 0 0 0 0 0 0 0 0 0 0 0 0 0 0 0 0 0 0 0 0 0 0
 0 0 0 0 0 0 0 0 0 0 0 0 0 0 0 0 0 0 0 0 0 0 0 0 0 0 0 0 0 0 0 0 0 0 0 0
 0 0 0 0 0 0 0 0 0 0 0 0 0 0 0 0 0 0 0 0 0 0 0 0 0 0 0 0 0 0 0 0 0 0 0 0
 0 0 0 0 0 0 0 0 0 0 0 0 0 0 0 0 0 0 0 0 0 0 0 0 0 0 0 0 0 0 0 0 0 0 0 0
 0 0 0 0 0 0 0 0 0 0 0 0 0 0 0 0 0 0 0 0 0 0 0 0 0 0 0 0 0 0 0 0 0 0 0 0
 0 0 0 0 0 0 0 0 1.78061e-05 0.00172719 0.00360574 0.0105946 0.0120993 0.0124554 0.0147524 0.0171206 0.0266825 0.0428682 0.0675386 0.121331 0.153587 0.119568 0.100827 0.0573624 0.0630603 0.0341343 0.0324427 0.0444173 0.0211091 0.0280891 0.0125444 0.00206551 0 0 0 0
 0 0 0 0 0 0 0 0 0 0 0 0 0 0 0 0 0 0 0 0 0 0 0 0 0 0 0 0 0 0 0 0 0 0 0 0
 0 0 0 0 0 0 0.0133647 0.0140871 0.0187388 0.0205184 0.03894 0.0496705 0.03968 0.0493445 0.0407372 0.0367815 0.0215668 0.0243155 0.0234873 0.0199281 0.019796 0.0243948 0.0301388 0.0376714 0.0412746 0.0863199 0.0771752 0.113111 0.0741005 0.0525337 0.0229764 0.00759418 0.00175318 0 0 0
 0 0 0 0 0 0 0 0 0 0 0.00219441 0.00772107 0.0458388 0.0604681 0.0671733 0.0775358 0.0609151 0.0617685 0.073594 0.0568108 0.0755445 0.0548602 0.0670107 0.0636378 0.0643287 0.046367 0.0373049 0.0286899 0.0247887 0.0153202 0.00654259 0.00121912 0.000365735 0 0 0
 0 0 0 0 0 0 0 0 0 0 0 0 0.000112435 0.00938835 0.0111873 0.0202946 0.0414886 0.0713402 0.111592 0.104902 0.108894 0.110636 0.117776 0.105296 0.107544 0.0401394 0.0192827 0.0124803 0.00416011 0.0028671 0.000618394 0 0 0 0 0
 0 0 0 0 0 0 0 0 0 0 0.00291406 0.0102884 0.027416 0.0768956 0.0749926 0.110853 0.0956884 0.0897413 0.0766577 0.0534642 0.0500743 0.0551293 0.0594112 0.0620874 0.0668451 0.0424026 0.0208742 0.0120726 0.0048766 0.00582813 0.00118941 0.000297354 0 0 0 0
 0 0.00264628 0.0354308 0.0461629 0.0458689 0.0383711 0.0214643 0.0164657 0.0346957 0.0420465 0.0363128 0.0245516 0.0311673 0.0291091 0.0169068 0.0133784 0.00837989 0.0085269 0.0148486 0.0160247 0.0276389 0.0546898 0.0760071 0.122758 0.109233 0.0665981 0.0333725 0.0166128 0.00676272 0.00308733 0.000882094 0 0 0 0 0
 0 0 0 0 0 0 0 0.000805153 0.000690131 0.00759144 0.0133425 0.0154129 0.00931677 0.000345066 0.00356568 0.00563607 0.00851162 0.0253048 0.0502646 0.0516448 0.0657925 0.0565908 0.0611916 0.0827007 0.0866115 0.110766 0.145733 0.0935128 0.0569358 0.0249597 0.0138026 0.00621118 0.00161031 0.00115022 0 0
 0 0 0 0 0 0 0 0 0 0 0 0 0 0 0 0 0 0 0 0 0 0 0 0 0 0 0 0 0 0 0 0 0 0 0 0
 0.00147267 0.00158595 0.00478618 0.00569244 0.00954404 0.0108468 0.00647125 0.017049 0.0510054 0.094081 0.124002 0.0959785 0.0687766 0.0820023 0.061753 0.0591476 0.0492212 0.0479892 0.0443925 0.0268479 0.0217502 0.0140895 0.0121071 0.0120363 0.00920419 0.00665534 0.0049561 0.00860946 0.00930331 0.0156896 0.0114698 0.00855282 0.00243557 0.00046729 0 2.83206e-05
 0 0 0 0 0.000772559 0.00158375 0.000888443 0.00281984 0.00712685 0.0440552 0.0773331 0.111326 0.0921469 0.0852325 0.0710754 0.0886704 0.0786465 0.0553345 0.0373146 0.0185414 0.00753245 0.00457741 0.012979 0.0271748 0.0457355 0.0583668 0.034881 0.0177882 0.00938659 0.00492506 0.0015258 0.00185414 0.000309023 5.79419e-05 3.86279e-05 0
 0 0.00173294 0.00326652 0 0.00397197 0.00683976 0.00946217 0.0152591 0.00757587 0.0136028 0.0228656 0.0392903 0.0559909 0.0764795 0.0681675 0.0726916 0.0566044 0.0477403 0.0527397 0.0444891 0.0609904 0.0582453 0.0661739 0.0445044 0.0529084 0.0360697 0.0280645 0.0235558 0.0158879 0.00826598 0.00280645 0.00217768 0.000904811 0.00058276 9.20147e-05 0
 0 0 0 0 0 0 0 0 0 0 0 0 0 0 0 0 0 0 0 0 0 0 0 0 0 0 0 0 0 0 0 0 0 0 0 0
 0 0 0 0 0 0 0 0 0 0 0 0 0 0 0 0 0 0 0 0 0 0 0 0 0 0 0 0 0 0 0 0 0 0 0 0
 0 0 0 0 0 0 0 0 0 0 0 0 0 0 0 0 0 0 0 0 0 0 0 0 0 0 0 0 0 0 0 0 0 0 0 0
 0 0 0 0 0 0 0 0 0 0 0 0 0 0 0 0 0 0 0 0 0 0 0 0 0 0 0 0 0 0 0 0 0 0 0 0
ppred_pel_tallas
 1.01101e-16 3.40634e-05 0.000199929 0.000950379 0.00365903 0.0114103 0.0288216 0.0589726 0.097753 0.131277 0.14285 0.12599 0.0901568 0.0525541 0.0253896 0.0109875 0.00561967 0.00490088 0.00614465 0.00817305 0.0105073 0.0128619 0.0149755 0.0166047 0.0175649 0.0177687 0.0172421 0.0161096 0.0145575 0.0127864 0.0109716 0.00923867 0.00765933 0.00626152 0.00504574 0.00400029
 1.01304e-16 3.12317e-05 0.000183298 0.000871301 0.00335453 0.0104608 0.0264232 0.0540658 0.0896218 0.120365 0.130995 0.11558 0.0828078 0.0484723 0.0237952 0.0109423 0.00652979 0.00655977 0.00856755 0.0114359 0.0146481 0.0178293 0.0206097 0.0226451 0.0236841 0.023624 0.0225321 0.0206212 0.0181904 0.0155526 0.0129714 0.0106249 0.00859967 0.00690833 0.00551826 0.00437909
 1.02488e-16 2.41341e-05 0.00014162 0.000673138 0.00259152 0.00808132 0.020413 0.0417693 0.0692433 0.0930101 0.101262 0.089435 0.0642711 0.0380152 0.0193963 0.0101598 0.00776481 0.00917853 0.0125112 0.0168506 0.0216725 0.0264928 0.0307891 0.0340614 0.0359338 0.0362366 0.0350383 0.0326129 0.0293603 0.0257058 0.0220141 0.0185392 0.015417 0.0126876 0.0103333 0.00831341
 1.0321e-16 2.82713e-05 0.00016592 0.000788689 0.00303646 0.0094689 0.0239177 0.0489393 0.0811241 0.108953 0.118576 0.104626 0.0749685 0.043901 0.0215863 0.00999193 0.00606594 0.00620496 0.00819842 0.0110595 0.0143464 0.0177428 0.0209279 0.0235886 0.0254744 0.0264457 0.0264951 0.0257316 0.0243389 0.0225229 0.0204665 0.0183064 0.0161307 0.013992 0.0119255 0.00996291
 1.02746e-16 2.99874e-05 0.000175995 0.000836585 0.00322087 0.010044 0.0253703 0.0519114 0.0860504 0.115568 0.125772 0.110968 0.0794942 0.0465147 0.0228018 0.0104338 0.00616211 0.00615228 0.00804732 0.0107908 0.0139091 0.0170691 0.0199418 0.0222155 0.023654 0.0241455 0.0237224 0.0225403 0.0208287 0.0188302 0.0167494 0.0147246 0.0128261 0.0110731 0.009458 0.0079681
 1.03468e-16 2.33421e-05 0.00013697 0.000651035 0.00250642 0.00781594 0.0197427 0.0403977 0.0669698 0.0899572 0.09794 0.0865062 0.0621773 0.0367987 0.0188164 0.00992305 0.00766629 0.00911764 0.012453 0.0167914 0.0216242 0.0264784 0.0308421 0.0342242 0.0362545 0.0367635 0.0358137 0.0336664 0.0307032 0.0273276 0.0238815 0.0205987 0.0175991 0.0149138 0.0125236 0.0103941
 1.03696e-16 2.78789e-05 0.000163616 0.000777738 0.0029943 0.00933741 0.0235856 0.0482597 0.0799976 0.10744 0.11693 0.103174 0.0739275 0.0432915 0.0212872 0.00985519 0.00598688 0.00613059 0.00810897 0.0109524 0.0142294 0.0176328 0.0208502 0.0235755 0.0255616 0.0266675 0.026879 0.0262935 0.0250799 0.0234283 0.0215077 0.0194441 0.0173193 0.0151848 0.0130789 0.0110401
 1.04051e-16 2.4548e-05 0.000144054 0.000684719 0.00263612 0.00822043 0.0207643 0.0424878 0.070433 0.094604 0.102986 0.0909314 0.0652891 0.0385019 0.0194324 0.00983625 0.00711032 0.00815848 0.0110627 0.0149213 0.0192529 0.0236389 0.0276334 0.030808 0.032837 0.0335661 0.0330387 0.0314675 0.0291665 0.0264665 0.0236456 0.02089 0.0182934 0.0158795 0.0136372 0.01155
 1.04089e-16 2.63262e-05 0.000154498 0.000734383 0.00282736 0.00881682 0.0222707 0.0455695 0.0755395 0.101456 0.110428 0.0974603 0.0698858 0.0410299 0.0203709 0.00976015 0.00637539 0.00687622 0.00920823 0.0124397 0.0161268 0.0199247 0.0234743 0.0264254 0.0285011 0.0295528 0.0295822 0.0287228 0.0271894 0.0252172 0.0230099 0.0207126 0.0184106 0.0161469 0.0139452 0.0118285
 1.04203e-16 2.5049e-05 0.000146997 0.000698714 0.00269002 0.0083885 0.0211888 0.0433562 0.0718718 0.0965343 0.105081 0.092767 0.0665756 0.0391976 0.0196673 0.00976546 0.00682575 0.00768245 0.0103801 0.0140121 0.0181136 0.022295 0.0261437 0.0292612 0.03134 0.0322271 0.031949 0.0306864 0.0287133 0.0263217 0.0237586 0.0211926 0.0187124 0.0163486 0.0141038 0.0119779
 1.05731e-16 1.94115e-05 0.000113894 0.000541324 0.002084 0.00649865 0.0164153 0.0335898 0.0556858 0.0748059 0.0814601 0.0719879 0.0518246 0.0308381 0.0160778 0.00898425 0.00755539 0.00938948 0.0129906 0.0176253 0.022842 0.0281902 0.0331651 0.0372703 0.0401158 0.0414973 0.0414276 0.0401081 0.0378559 0.0350142 0.0318773 0.0286507 0.0254507 0.022329 0.0193082 0.0164099
 1.07489e-16 1.94525e-05 0.00011414 0.000542511 0.0020886 0.006513 0.0164515 0.0336632 0.0558058 0.0749615 0.0816147 0.0720894 0.0518214 0.0306837 0.0157195 0.00834835 0.00654216 0.00788466 0.01089 0.0148681 0.0194459 0.0242796 0.0289811 0.0331559 0.0364734 0.0387272 0.0398605 0.039949 0.039153 0.0376582 0.0356291 0.0331879 0.0304198 0.0273934 0.0241829 0.0208814
 1.05978e-16 2.65354e-05 0.000155731 0.000740253 0.00284998 0.00888736 0.0224488 0.0459336 0.0761417 0.102261 0.111293 0.0981979 0.0703584 0.0411942 0.0202429 0.00935159 0.00565792 0.0057849 0.0076672 0.0103935 0.0135696 0.0169231 0.0201783 0.0230628 0.0253536 0.0269171 0.0277263 0.027845 0.0273919 0.0264964 0.0252647 0.0237659 0.022038 0.0201057 0.0180009 0.0157747
 1.04024e-16 2.75026e-05 0.000161404 0.000767214 0.00295377 0.00921101 0.0232664 0.0476068 0.0789163 0.105991 0.115361 0.101809 0.0729928 0.0428304 0.0212196 0.0100883 0.0064798 0.0068948 0.00917681 0.0123432 0.0159237 0.019557 0.0228739 0.0255233 0.0272399 0.0279004 0.0275438 0.0263472 0.0245683 0.0224755 0.0202896 0.0181531 0.0161304 0.0142293 0.012431 0.0107165
 1.02327e-16 3.1434e-05 0.000184489 0.000876973 0.00337638 0.0105289 0.0265953 0.0544176 0.0902039 0.121143 0.131833 0.116299 0.0832778 0.0486566 0.0237173 0.0106252 0.00596129 0.00569513 0.00735257 0.00983392 0.0126639 0.0155267 0.0181181 0.0201522 0.0214126 0.0217983 0.0213411 0.0201872 0.0185518 0.0166626 0.0147124 0.0128328 0.0110912 0.00950607 0.00806884 0.00676384
 1.01472e-16 3.27878e-05 0.000192437 0.000914757 0.00352186 0.0109826 0.0277412 0.0567623 0.0940901 0.126362 0.137509 0.1213 0.0868446 0.050712 0.0246651 0.0109562 0.00601164 0.00561968 0.00719312 0.00958097 0.0122876 0.0149882 0.0173749 0.0191622 0.0201395 0.0202175 0.0194452 0.0179903 0.0160911 0.0139975 0.0119203 0.0100018 0.00831187 0.00686273 0.00563214 0.00458559
 1.01908e-16 2.73164e-05 0.000160306 0.000761982 0.00293361 0.00914812 0.0231076 0.0472823 0.07838 0.105275 0.114594 0.101161 0.0725916 0.042722 0.0214012 0.0105648 0.00729588 0.00812925 0.0109159 0.0146476 0.0187962 0.0229176 0.0265477 0.0292488 0.0306968 0.0307543 0.0294974 0.0271852 0.0241873 0.0208926 0.0176304 0.0146258 0.011992 0.00975192 0.00787333 0.00630241
 1.02714e-16 2.76864e-05 0.000162483 0.000772343 0.00297352 0.00927259 0.0234219 0.0479251 0.079444 0.1067 0.116133 0.10249 0.0734817 0.0431186 0.0213655 0.0101639 0.00653904 0.00697017 0.00928902 0.012509 0.0161583 0.0198724 0.0232752 0.0260038 0.0277764 0.0284498 0.0280437 0.0267196 0.0247283 0.022343 0.0198023 0.0172788 0.0148741 0.012635 0.0105767 0.00870373
 1.03098e-16 2.74622e-05 0.000161166 0.000766082 0.00294941 0.0091974 0.023232 0.0475366 0.0788001 0.105835 0.115193 0.101665 0.0728977 0.0427913 0.0212316 0.0101469 0.00658854 0.00706539 0.00942554 0.0126864 0.0163733 0.0201157 0.0235318 0.0262555 0.0280057 0.0286455 0.0282046 0.026857 0.0248646 0.0225073 0.0200244 0.0175819 0.01527 0.0131208 0.0111358 0.00930907
 1.02461e-16 3.12244e-05 0.000183259 0.000871125 0.00335387 0.0104587 0.0264179 0.0540547 0.0896022 0.120335 0.130953 0.115521 0.0827168 0.0483215 0.0235407 0.0105243 0.00587578 0.00559249 0.00721916 0.00966798 0.0124734 0.0153296 0.017942 0.0200318 0.0213849 0.0218963 0.0215874 0.0205889 0.019098 0.0173259 0.0154532 0.0136052 0.0118498 0.0102118 0.00869275 0.00728903
 1.02287e-16 2.88214e-05 0.000169146 0.000804016 0.00309546 0.00965286 0.0243825 0.0498905 0.0827019 0.111075 0.120894 0.106691 0.0764901 0.0448766 0.0222216 0.0105429 0.00673855 0.00713569 0.00946699 0.0126932 0.0163104 0.0199282 0.0231493 0.0255991 0.0269986 0.0272259 0.0263389 0.0245497 0.0221622 0.0194961 0.0168206 0.0143179 0.0120784 0.0101198 0.0084182 0.00693584
 1.02573e-16 2.83342e-05 0.000166286 0.000790423 0.00304313 0.00948967 0.0239702 0.049047 0.0813035 0.109196 0.118848 0.104883 0.075188 0.0441014 0.0218175 0.0103193 0.00655756 0.00692408 0.00919563 0.0123602 0.0159354 0.0195524 0.0228338 0.025419 0.0270323 0.0275408 0.0269776 0.0255194 0.0234313 0.020998 0.0184643 0.0160023 0.0137071 0.0116135 0.0097218 0.00802107
 1.02297e-16 3.09775e-05 0.000181809 0.000864228 0.00332731 0.0103759 0.0262087 0.0536267 0.0888931 0.119384 0.12992 0.114615 0.082081 0.0479754 0.0234194 0.01055 0.00600215 0.00580739 0.00752958 0.0100846 0.0130002 0.0159584 0.0186495 0.0207807 0.0221283 0.0225843 0.0221749 0.0210421 0.0193989 0.0174729 0.0154589 0.0134926 0.0116475 0.00994953 0.00839831 0.00698604
 1.02081e-16 3.01459e-05 0.000176924 0.000840998 0.00323786 0.0100969 0.0255041 0.0521854 0.0865049 0.116179 0.126441 0.111566 0.0799408 0.0468117 0.0230134 0.0106408 0.0064329 0.00653663 0.00857879 0.0114858 0.0147617 0.0180447 0.0209747 0.0232128 0.0245059 0.024742 0.0239708 0.0223805 0.0202428 0.0178438 0.0154257 0.0131531 0.0111089 0.00931183 0.00774335 0.00637238
 1.04006e-16 1.76267e-05 0.000103407 0.000491449 0.00189194 0.00589969 0.0149025 0.0304951 0.050559 0.0679295 0.0740004 0.0654629 0.0472736 0.0284234 0.0153555 0.00942867 0.00887407 0.0115422 0.0160691 0.0217293 0.0279918 0.034273 0.0399137 0.044276 0.0468772 0.0474946 0.0462059 0.0433485 0.0394176 0.0349398 0.0303653 0.0260061 0.0220279 0.0184807 0.015347 0.0125856
 1.06083e-16 2.30053e-05 0.000135004 0.000641713 0.00247057 0.00770417 0.0194602 0.0398189 0.066007 0.0886541 0.0964957 0.0851697 0.0610847 0.0358883 0.0178689 0.00865428 0.00579332 0.00638831 0.00867152 0.0118613 0.0156036 0.0196267 0.0236335 0.0273137 0.0303925 0.0326755 0.0340714 0.0345847 0.0342871 0.0332822 0.0316766 0.0295678 0.0270476 0.0242129 0.0211747 0.0180588
pSPR Fmed_Fpbrs
0.428193   0.6 0.325
Fs Fmed_Fpbrs
0.68   0.345125 1.05438
SSBpbr Bo_Bmed_Bpbrs
2.77272e+06  1.04862e+06  1.52499e+06 762497
Ro
63576.6
SPR SPRFo_SPRFmed_SPRFpbrs
1.31313e+06 562275 426768
log_Ro
10.88
likeval ReclasPelacesDesembMPH_pf_preclas_ppelaces_ptallas_desvR_qrecl_qpela
 63.5955 24.1854 0.0360395 0.000537471 333.111 217.556 83.7091 0 16.9278 9.09525e-05 1.95807e-06 4.51092e-16 0 0 0
q_reclas_q_pelaces
0.258873 1.22028
M
0.7
N
 71537.7 17951 6670.89 785.691 0.417556
 89233 33177.6 6273.36 2331.28 274.722
 57196.1 42157.9 12752.7 2411.34 1001.69
 82895.5 26549.7 14800 4476.99 1198.18
 136191 40655.1 12366.4 6893.59 2643.39
 102327 67448.9 19911.6 6056.67 4670.92
 152414 49402.6 28978.9 8554.87 4609.03
 131544 74360.3 22401.9 13140.7 5969.26
 145534 63005.5 30669.4 9239.53 7881.77
 134684 69257.8 25138.5 12236.8 6831.22
 67179.3 64466.2 28466.3 10332.4 7837.32
 41325.9 30745.6 21043.8 9292.31 5931.18
 42245.2 18999.6 10273.8 7031.87 5086.99
 24040.1 18570.9 5042.24 2726.51 3216.17
 18907.1 9625.96 3049.93 828.095 975.978
 23963.9 7703.83 1729.15 547.871 324.073
 20181.9 11024.9 2583.18 579.803 292.372
 23023.2 9503.22 4165.89 976.091 329.563
 26451.3 11037 3937.03 1725.86 540.912
 45608.8 12754.4 4711.41 1680.62 967.631
 56512.3 21972.5 5419.96 2002.1 1125.37
 72363.5 27664 10136.6 2500.4 1442.8
 122289 35253.6 12450.7 4562.15 1774.7
 172952 59355.5 15567.1 5497.9 2798.2
 77155 84091.3 26443.9 6935.43 3696.06
 97035.6 37643.4 38134.8 11992.1 4821.3
pred_Ctot
 3412.44 3902.45 1450.21 170.805 0.0907742
 3128.33 5471.46 1034.57 384.462 45.3056
 2694.09 9063.42 2741.67 518.408 215.35
 738.625 1188.76 662.672 200.458 53.6488
 263.019 401.604 122.159 68.097 26.1123
 2047.48 6593.91 1946.59 592.109 456.637
 1922.37 3101.91 1819.54 537.147 289.394
 3362.92 9158.72 2759.17 1618.49 735.214
 4372.78 9018.15 4389.8 1322.48 1128.14
 3506.32 8676.38 3149.27 1532.98 855.791
 3804.49 16272 7185.24 2608.03 1978.23
 2214.33 7398.6 5063.97 2236.1 1427.28
 3511.18 6592.41 3564.74 2439.89 1765.06
 3390.07 9506.66 2581.18 1395.73 1646.4
 2468.47 4677.06 1481.9 402.355 474.208
 1273.2 1840.28 413.056 130.874 77.4139
 753.648 1925.58 451.172 101.267 51.0651
 574.69 1144.58 501.746 117.562 39.6931
 552.581 1124.01 400.949 175.763 55.0866
 980.917 1335.18 493.207 175.933 101.295
 578.57 1126.61 277.901 102.655 57.7017
 987.459 1874.32 686.787 169.41 97.7542
 1988.62 2827.62 998.642 365.921 142.345
 2601.52 4417.29 1158.52 409.159 208.245
 972.307 5275.56 1658.99 435.102 231.877
 1242.56 2398.44 2429.75 764.075 307.188
F
 0.0683509 0.351336 0.351336 0.351336 0.351336
 0.0498291 0.256131 0.256131 0.256131 0.256131
 0.0674672 0.346793 0.346793 0.346793 0.346793
 0.0124582 0.0640372 0.0640372 0.0640372 0.0640372
 0.00268861 0.0138199 0.0138199 0.0138199 0.0138199
 0.0281707 0.144802 0.144802 0.144802 0.144802
 0.0176756 0.0908557 0.0908557 0.0908557 0.0908557
 0.0361186 0.185656 0.185656 0.185656 0.185656
 0.0425706 0.21882 0.21882 0.21882 0.21882
 0.0367916 0.189115 0.189115 0.189115 0.189115
 0.0816184 0.419533 0.419533 0.419533 0.419533
 0.0770701 0.396154 0.396154 0.396154 0.396154
 0.121897 0.626571 0.626571 0.626571 0.626571
 0.21526 1.10648 1.10648 1.10648 1.10648
 0.197821 1.01683 1.01683 1.01683 1.01683
 0.0763975 0.392697 0.392697 0.392697 0.392697
 0.053154 0.273221 0.273221 0.273221 0.273221
 0.0352522 0.181203 0.181203 0.181203 0.181203
 0.0294277 0.151264 0.151264 0.151264 0.151264
 0.0303081 0.155789 0.155789 0.155789 0.155789
 0.0143262 0.0736394 0.0736394 0.0736394 0.0736394
 0.0191355 0.0983598 0.0983598 0.0983598 0.0983598
 0.0228409 0.117406 0.117406 0.117406 0.117406
 0.0211115 0.108517 0.108517 0.108517 0.108517
 0.0176603 0.0907768 0.0907768 0.0907768 0.0907768
 0.0179472 0.092252 0.092252 0.092252 0.092252
Np
 45846.8 21288.4 16643.3 5994.12 8207.71
YTP_r0W_actual
 11183 60920.3 85770 31632.7 13823.5
YTP_p0W_proyectada
 17625.3 218879 114595 148257 75165.4
 17625.3 98450.1 111889 51462.3 78199
CTP_r0_actual
 1242.56 2398.44 2429.75 764.075 307.188
CTP_p0_proyectada
 2149.42 10133.3 3649.53 3697.17 1689.11
 2149.42 4557.87 3563.34 1283.35 1757.28
Wmedp
 8.2 21.6 31.4 40.1 44.5
nmprior
 10.6 11 7 0
nm_flota  nm_reclas  nm_pelaces    nm_pelaL
inf 11.89 19.6413 64.6305
cv_recla  cv_pelaces  cv_mph
0.705481 0.538725 0.630973
 ------------------------------------------------
Talla a la edad & desviaci?n 
 7.2 14.2025 17.0495 18.207 18.6776
 1.08 2.13037 2.55742 2.73105 2.80164
